A18.SI,20120606,0.139,0.139,0.139,0.139,25000
A18.SI,20120604,0.14,0.14,0.14,0.14,000
A18.SI,20120603,0.14,0.14,0.14,0.14,000
A18.SI,20120531,0.14,0.14,0.14,0.14,975000
A18.SI,20120530,0.14,0.14,0.14,0.14,000
A18.SI,20120529,0.14,0.14,0.14,0.14,22000
A18.SI,20120528,0.15,0.15,0.15,0.15,000
A18.SI,20120527,0.15,0.15,0.15,0.15,000
A18.SI,20120524,0.15,0.15,0.15,0.15,000
A18.SI,20120523,0.14,0.15,0.14,0.15,158000
A18.SI,20120522,0.14,0.14,0.14,0.14,558000
A18.SI,20120521,0.14,0.14,0.14,0.14,17000
A18.SI,20120520,0.14,0.14,0.14,0.14,482000
A18.SI,20120517,0.14,0.14,0.14,0.14,1819000
A18.SI,20120516,0.14,0.14,0.14,0.14,770000
A18.SI,20120515,0.14,0.14,0.14,0.14,20000
A18.SI,20120514,0.14,0.14,0.14,0.14,200000
A18.SI,20120513,0.14,0.14,0.14,0.14,000
A18.SI,20120510,0.14,0.14,0.14,0.14,3000
A18.SI,20120509,0.14,0.14,0.14,0.14,63000
A18.SI,20120508,0.14,0.14,0.14,0.14,33000
A18.SI,20120507,0.14,0.14,0.14,0.14,214000
A18.SI,20120506,0.15,0.15,0.15,0.15,000
A18.SI,20120503,0.15,0.15,0.15,0.15,000
A18.SI,20120502,0.14,0.14,0.14,0.15,81000
A18.SI,20120501,0.15,0.15,0.15,0.15,000
A18.SI,20120430,0.15,0.15,0.15,0.15,600000
A18.SI,20120429,0.15,0.15,0.15,0.15,568000
A18.SI,20120426,0.15,0.15,0.15,0.15,232000
A18.SI,20120425,0.15,0.15,0.15,0.15,20000
A18.SI,20120424,0.15,0.15,0.15,0.15,000
A18.SI,20120423,0.15,0.15,0.15,0.15,360000
A18.SI,20120422,0.15,0.15,0.15,0.15,200000
A18.SI,20120419,0.15,0.15,0.15,0.15,000
A18.SI,20120418,0.15,0.15,0.15,0.15,100000
A18.SI,20120417,0.15,0.15,0.15,0.15,5000
A18.SI,20120416,0.15,0.15,0.15,0.15,169000
A18.SI,20120415,0.15,0.15,0.15,0.15,185000
A18.SI,20120412,0.15,0.15,0.15,0.15,259000
A18.SI,20120411,0.15,0.15,0.15,0.15,101000
A18.SI,20120410,0.15,0.15,0.15,0.15,20000
A18.SI,20120409,0.15,0.15,0.15,0.15,70000
A18.SI,20120408,0.14,0.15,0.14,0.15,80000
A18.SI,20120405,0.15,0.15,0.15,0.15,360000
A18.SI,20120404,0.15,0.15,0.15,0.15,400000
A18.SI,20120403,0.15,0.15,0.15,0.15,280000
A18.SI,20120402,0.15,0.15,0.15,0.15,86000
A18.SI,20120401,0.15,0.15,0.15,0.15,12000
A18.SI,20120329,0.15,0.15,0.15,0.15,000
A18.SI,20120328,0.15,0.15,0.15,0.15,124000
A18.SI,20120327,0.15,0.15,0.15,0.15,230000
A18.SI,20120326,0.15,0.15,0.15,0.15,40000
A18.SI,20120325,0.15,0.15,0.15,0.15,208000
A18.SI,20120322,0.15,0.15,0.15,0.15,1000
A18.SI,20120321,0.15,0.15,0.15,0.15,70000
A18.SI,20120320,0.15,0.15,0.15,0.15,20000
A18.SI,20120319,0.15,0.15,0.15,0.15,147000
A18.SI,20120318,0.15,0.15,0.15,0.15,90000
A18.SI,20120315,0.15,0.15,0.15,0.15,112000
A18.SI,20120314,0.15,0.15,0.15,0.15,62000
A18.SI,20120313,0.15,0.15,0.15,0.15,518000
A18.SI,20120312,0.15,0.15,0.15,0.15,240000
A18.SI,20120311,0.15,0.15,0.15,0.15,271000
A18.SI,20120308,0.15,0.15,0.15,0.15,490000
A18.SI,20120307,0.15,0.15,0.15,0.15,437000
A18.SI,20120306,0.15,0.15,0.15,0.15,364000
A18.SI,20120305,0.15,0.15,0.15,0.15,71000
A18.SI,20120304,0.15,0.15,0.15,0.15,443000
A18.SI,20120301,0.15,0.15,0.15,0.15,969000
A18.SI,20120229,0.15,0.15,0.15,0.15,489000
A18.SI,20120228,0.15,0.15,0.15,0.15,992000
A18.SI,20120227,0.15,0.15,0.15,0.15,644000
A18.SI,20120226,0.15,0.15,0.15,0.15,1135000
A18.SI,20120223,0.15,0.15,0.15,0.15,826000
A18.SI,20120222,0.15,0.15,0.15,0.15,606000
A18.SI,20120221,0.15,0.15,0.14,0.15,4279000
A18.SI,20120220,0.13,0.13,0.13,0.13,166000
A18.SI,20120219,0.12,0.13,0.12,0.13,495000
A18.SI,20120216,0.12,0.12,0.12,0.12,505000
A18.SI,20120215,0.12,0.13,0.12,0.12,320000
A18.SI,20120214,0.12,0.12,0.12,0.12,000
A18.SI,20120213,0.12,0.12,0.12,0.12,000
A18.SI,20120212,0.12,0.12,0.12,0.12,000
A18.SI,20120209,0.12,0.12,0.12,0.12,62000
A18.SI,20120208,0.12,0.12,0.12,0.12,316000
A18.SI,20120207,0.13,0.13,0.12,0.12,95000
A18.SI,20120206,0.13,0.13,0.13,0.13,000
A18.SI,20120205,0.13,0.13,0.12,0.13,464000
A18.SI,20120202,0.14,0.14,0.12,0.13,940000
A18.SI,20120201,0.13,0.14,0.13,0.14,637000
A18.SI,20120131,0.13,0.13,0.13,0.13,120000
A18.SI,20120130,0.13,0.13,0.13,0.13,35000
A18.SI,20120129,0.13,0.13,0.13,0.13,81000
A18.SI,20120126,0.13,0.13,0.13,0.13,253000
A18.SI,20120125,0.13,0.13,0.12,0.13,65000
A18.SI,20120124,0.13,0.13,0.13,0.13,80000
A18.SI,20120123,0.13,0.13,0.13,0.13,000
A18.SI,20120122,0.13,0.13,0.13,0.13,100000
A18.SI,20120119,0.13,0.13,0.13,0.13,000
A18.SI,20120118,0.12,0.13,0.12,0.13,248000
A18.SI,20120117,0.13,0.13,0.13,0.13,30000
A18.SI,20120116,0.13,0.13,0.13,0.13,000
A18.SI,20120115,0.12,0.13,0.12,0.13,826000
A18.SI,20120112,0.13,0.13,0.13,0.13,000
A18.SI,20120111,0.13,0.13,0.13,0.13,60000
A18.SI,20120110,0.12,0.13,0.12,0.13,185000
A18.SI,20120109,0.12,0.12,0.12,0.12,200000
A18.SI,20120108,0.12,0.12,0.12,0.12,30000
A18.SI,20120105,0.12,0.12,0.12,0.12,000
A18.SI,20120104,0.12,0.12,0.12,0.12,30000
A18.SI,20120103,0.12,0.12,0.12,0.12,000
A18.SI,20120102,0.12,0.12,0.12,0.12,000
A18.SI,20120101,0.12,0.12,0.12,0.12,000
A18.SI,20111229,0.12,0.12,0.12,0.12,245000
A18.SI,20111228,0.12,0.12,0.12,0.12,140000
A18.SI,20111227,0.12,0.12,0.12,0.12,000
A18.SI,20111226,0.12,0.12,0.12,0.12,000
A18.SI,20111225,0.12,0.12,0.12,0.12,143000
A18.SI,20111222,0.12,0.12,0.12,0.12,145000
A18.SI,20111221,0.12,0.12,0.12,0.12,9000
A18.SI,20111220,0.12,0.12,0.12,0.12,116000
A18.SI,20111219,0.12,0.12,0.12,0.12,000
A18.SI,20111218,0.12,0.12,0.12,0.12,000
A18.SI,20111215,0.12,0.12,0.12,0.12,50000
A18.SI,20111214,0.12,0.12,0.12,0.12,230000
A18.SI,20111213,0.12,0.12,0.12,0.12,30000
A18.SI,20111212,0.12,0.12,0.12,0.12,000
A18.SI,20111211,0.12,0.12,0.12,0.12,000
A18.SI,20111208,0.12,0.12,0.12,0.12,549000
A18.SI,20111207,0.12,0.12,0.12,0.12,000
A18.SI,20111206,0.11,0.12,0.11,0.12,21000
A18.SI,20111205,0.12,0.12,0.12,0.12,000
A18.SI,20111204,0.12,0.12,0.12,0.12,000
A18.SI,20111201,0.12,0.12,0.12,0.12,000
A18.SI,20111130,0.12,0.12,0.12,0.12,000
A18.SI,20111129,0.12,0.12,0.12,0.12,10000
A18.SI,20111128,0.12,0.12,0.12,0.12,000
A18.SI,20111127,0.12,0.12,0.12,0.12,000
A18.SI,20111124,0.11,0.12,0.11,0.12,143000
A18.SI,20111123,0.11,0.12,0.11,0.12,21000
A18.SI,20111122,0.11,0.11,0.10,0.10,130000
A18.SI,20111121,0.11,0.11,0.11,0.11,000
A18.SI,20111120,0.11,0.11,0.11,0.11,000
A18.SI,20111117,0.11,0.11,0.11,0.11,41000
A18.SI,20111116,0.11,0.11,0.11,0.11,000
A18.SI,20111115,0.11,0.11,0.11,0.11,000
A18.SI,20111114,0.11,0.11,0.11,0.11,000
A18.SI,20111113,0.11,0.11,0.11,0.11,000
A18.SI,20111110,0.11,0.11,0.11,0.11,2000
A18.SI,20111109,0.11,0.11,0.11,0.11,000
A18.SI,20111108,0.11,0.11,0.11,0.11,175000
A18.SI,20111107,0.12,0.12,0.11,0.11,3000
A18.SI,20111106,0.12,0.12,0.12,0.12,20000
A18.SI,20111103,0.11,0.11,0.11,0.11,000
A18.SI,20111102,0.11,0.11,0.11,0.11,000
A18.SI,20111101,0.11,0.11,0.11,0.11,22000
A18.SI,20111031,0.12,0.12,0.12,0.12,75000
A18.SI,20111030,0.12,0.12,0.12,0.12,000
A18.SI,20111027,0.12,0.12,0.12,0.12,000
A18.SI,20111026,0.12,0.12,0.12,0.12,20000
A18.SI,20111025,0.12,0.12,0.12,0.12,000
A18.SI,20111024,0.12,0.12,0.12,0.12,40000
A18.SI,20111023,0.12,0.12,0.12,0.12,000
A18.SI,20111020,0.12,0.12,0.12,0.12,000
A18.SI,20111019,0.12,0.12,0.12,0.12,000
A18.SI,20111018,0.12,0.12,0.12,0.12,309000
A18.SI,20111017,0.12,0.12,0.12,0.12,72000
A18.SI,20111016,0.12,0.12,0.12,0.12,000
A18.SI,20111013,0.12,0.12,0.12,0.12,000
A18.SI,20111012,0.12,0.12,0.12,0.12,223000
A18.SI,20111011,0.12,0.12,0.12,0.12,57000
A18.SI,20111010,0.12,0.12,0.12,0.12,20000
A18.SI,20111009,0.12,0.12,0.12,0.12,56000
A18.SI,20111006,0.12,0.12,0.12,0.12,45000
A18.SI,20111005,0.12,0.12,0.12,0.12,000
A18.SI,20111004,0.12,0.12,0.12,0.12,000
A18.SI,20111003,0.12,0.12,0.12,0.12,000
A18.SI,20111002,0.12,0.12,0.12,0.12,000
A18.SI,20110929,0.12,0.12,0.12,0.12,175000
A18.SI,20110928,0.12,0.12,0.12,0.12,80000
A18.SI,20110927,0.11,0.11,0.11,0.11,000
A18.SI,20110926,0.11,0.11,0.11,0.11,20000
A18.SI,20110925,0.12,0.12,0.12,0.12,000
A18.SI,20110922,0.12,0.12,0.12,0.12,000
A18.SI,20110921,0.12,0.12,0.12,0.12,000
A18.SI,20110920,0.12,0.12,0.12,0.12,000
A18.SI,20110919,0.12,0.12,0.12,0.12,30000
A18.SI,20110918,0.12,0.12,0.12,0.12,40000
A18.SI,20110915,0.12,0.12,0.12,0.12,136000
A18.SI,20110914,0.12,0.12,0.12,0.12,80000
A18.SI,20110913,0.12,0.12,0.12,0.12,120000
A18.SI,20110912,0.12,0.12,0.12,0.12,228000
A18.SI,20110911,0.12,0.12,0.12,0.12,292000
A18.SI,20110908,0.11,0.11,0.11,0.11,114000
A18.SI,20110907,0.11,0.11,0.11,0.11,000
A18.SI,20110906,0.11,0.11,0.11,0.11,10000
A18.SI,20110905,0.11,0.11,0.11,0.11,215000
A18.SI,20110904,0.11,0.11,0.11,0.11,45000
A18.SI,20110901,0.11,0.11,0.11,0.11,000
A18.SI,20110831,0.11,0.11,0.11,0.11,000
A18.SI,20110830,0.11,0.11,0.11,0.11,12000
A18.SI,20110829,0.11,0.11,0.11,0.11,30000
A18.SI,20110828,0.11,0.11,0.11,0.11,000
A18.SI,20110825,0.11,0.11,0.11,0.11,000
A18.SI,20110824,0.11,0.11,0.11,0.11,000
A18.SI,20110823,0.11,0.11,0.11,0.11,232000
A18.SI,20110822,0.11,0.11,0.11,0.11,000
A18.SI,20110821,0.11,0.11,0.11,0.11,000
A18.SI,20110818,0.11,0.11,0.11,0.11,000
A18.SI,20110817,0.11,0.11,0.11,0.11,50000
A18.SI,20110816,0.11,0.11,0.11,0.11,90000
A18.SI,20110815,0.11,0.11,0.11,0.11,000
A18.SI,20110814,0.11,0.11,0.11,0.11,238000
A18.SI,20110811,0.11,0.11,0.11,0.11,85000
A18.SI,20110810,0.11,0.11,0.11,0.11,000
A18.SI,20110809,0.11,0.11,0.11,0.11,20000
A18.SI,20110808,0.10,0.10,0.10,0.10,40000
A18.SI,20110807,0.11,0.11,0.11,0.11,75000
A18.SI,20110804,0.11,0.11,0.11,0.11,154000
A18.SI,20110803,0.11,0.11,0.11,0.11,000
A18.SI,20110802,0.11,0.11,0.11,0.11,000
A18.SI,20110801,0.11,0.11,0.11,0.11,000
A18.SI,20110731,0.11,0.11,0.11,0.11,10000
A18.SI,20110728,0.11,0.11,0.11,0.11,000
A18.SI,20110727,0.11,0.11,0.11,0.11,000
A18.SI,20110726,0.11,0.11,0.11,0.11,000
A18.SI,20110725,0.11,0.11,0.11,0.11,000
A18.SI,20110724,0.11,0.11,0.11,0.11,30000
A18.SI,20110721,0.11,0.11,0.11,0.11,52000
A18.SI,20110720,0.11,0.11,0.11,0.11,16000
A18.SI,20110719,0.11,0.11,0.11,0.11,100000
A18.SI,20110718,0.11,0.11,0.11,0.11,11000
A18.SI,20110717,0.11,0.11,0.11,0.11,130000
A18.SI,20110714,0.11,0.11,0.11,0.11,000
A18.SI,20110713,0.11,0.11,0.11,0.11,5000
A18.SI,20110712,0.12,0.12,0.12,0.12,3000
A18.SI,20110711,0.12,0.12,0.12,0.12,20000
A18.SI,20110710,0.12,0.12,0.12,0.12,11000
A18.SI,20110707,0.11,0.11,0.11,0.11,25000
A18.SI,20110706,0.11,0.11,0.11,0.11,100000
A18.SI,20110705,0.11,0.11,0.11,0.11,100000
A18.SI,20110704,0.11,0.11,0.11,0.11,20000
A18.SI,20110703,0.11,0.11,0.11,0.11,55000
A18.SI,20110630,0.11,0.11,0.11,0.11,000
A18.SI,20110629,0.11,0.11,0.11,0.11,230000
A18.SI,20110628,0.11,0.11,0.11,0.11,100000
A18.SI,20110627,0.10,0.10,0.10,0.10,000
A18.SI,20110626,0.10,0.10,0.10,0.10,000
A18.SI,20110623,0.10,0.10,0.10,0.10,000
A18.SI,20110622,0.10,0.10,0.10,0.10,100000
A18.SI,20110621,0.10,0.10,0.10,0.10,50000
A18.SI,20110620,0.10,0.10,0.10,0.10,000
A18.SI,20110619,0.10,0.10,0.10,0.10,000
A18.SI,20110616,0.10,0.10,0.10,0.10,000
A18.SI,20110615,0.10,0.10,0.10,0.10,000
A18.SI,20110614,0.10,0.10,0.10,0.10,15000
A18.SI,20110613,0.10,0.10,0.10,0.10,000
A18.SI,20110612,0.10,0.10,0.10,0.10,121000
A18.SI,20110609,0.11,0.11,0.11,0.11,000
A18.SI,20110608,0.11,0.11,0.11,0.11,000
A18.SI,20110607,0.11,0.11,0.11,0.11,000
A18.SI,20110606,0.11,0.11,0.11,0.11,000
A18.SI,20110605,0.10,0.11,0.10,0.11,109000
A18.SI,20110602,0.11,0.11,0.11,0.11,96000
A18.SI,20110601,0.11,0.11,0.11,0.11,100000
A18.SI,20110531,0.11,0.11,0.11,0.11,000
A18.SI,20110530,0.11,0.11,0.11,0.11,20000
A18.SI,20110529,0.11,0.11,0.11,0.11,000
A18.SI,20110526,0.11,0.11,0.11,0.11,000
A18.SI,20110525,0.11,0.11,0.11,0.11,000
A18.SI,20110524,0.11,0.11,0.11,0.11,90000
A18.SI,20110523,0.11,0.11,0.11,0.11,000
A18.SI,20110522,0.11,0.11,0.11,0.11,100000
A18.SI,20110519,0.11,0.11,0.11,0.11,100000
A18.SI,20110518,0.11,0.11,0.11,0.11,98000
A18.SI,20110517,0.10,0.10,0.10,0.10,000
A18.SI,20110516,0.11,0.11,0.10,0.10,130000
A18.SI,20110515,0.11,0.11,0.11,0.11,000
A18.SI,20110512,0.11,0.11,0.11,0.11,60000
A18.SI,20110511,0.11,0.11,0.11,0.11,000
A18.SI,20110510,0.11,0.11,0.11,0.11,000
A18.SI,20110509,0.11,0.11,0.11,0.11,100000
A18.SI,20110508,0.11,0.11,0.11,0.11,66000
A18.SI,20110505,0.12,0.12,0.12,0.12,50000
A18.SI,20110504,0.12,0.13,0.12,0.13,200000
A18.SI,20110503,0.12,0.12,0.12,0.12,80000
A18.SI,20110502,0.12,0.12,0.12,0.12,000
A18.SI,20110501,0.12,0.12,0.12,0.12,77000
A18.SI,20110428,0.12,0.12,0.12,0.12,000
A18.SI,20110427,0.12,0.13,0.12,0.13,30000
A18.SI,20110426,0.12,0.12,0.12,0.12,000
A18.SI,20110425,0.12,0.12,0.12,0.12,000
A18.SI,20110424,0.12,0.12,0.12,0.12,300000
A18.SI,20110421,0.12,0.12,0.12,0.12,10000
A18.SI,20110420,0.12,0.12,0.12,0.12,20000
A18.SI,20110419,0.12,0.12,0.12,0.12,130000
A18.SI,20110418,0.12,0.12,0.12,0.12,95000
A18.SI,20110417,0.12,0.12,0.12,0.12,000
A18.SI,20110414,0.12,0.12,0.12,0.12,000
A18.SI,20110413,0.12,0.12,0.12,0.12,000
A18.SI,20110412,0.12,0.12,0.12,0.12,2000
A18.SI,20110411,0.13,0.13,0.12,0.12,3000
A18.SI,20110410,0.12,0.12,0.12,0.12,000
A18.SI,20110407,0.12,0.12,0.12,0.12,000
A18.SI,20110406,0.13,0.13,0.12,0.12,90000
A18.SI,20110405,0.12,0.12,0.12,0.12,10000
A18.SI,20110404,0.12,0.12,0.12,0.12,60000
A18.SI,20110403,0.12,0.12,0.12,0.12,260000
A18.SI,20110331,0.12,0.12,0.12,0.12,200000
A18.SI,20110330,0.13,0.13,0.13,0.13,000
A18.SI,20110329,0.13,0.13,0.13,0.13,123000
A18.SI,20110328,0.13,0.13,0.13,0.13,190000
A18.SI,20110327,0.12,0.12,0.12,0.12,000
A18.SI,20110324,0.13,0.13,0.12,0.12,110000
A18.SI,20110323,0.12,0.13,0.12,0.12,131000
A18.SI,20110322,0.13,0.13,0.13,0.13,000
A18.SI,20110321,0.13,0.13,0.13,0.13,70000
A18.SI,20110320,0.13,0.13,0.13,0.13,000
A18.SI,20110317,0.13,0.13,0.13,0.13,000
A18.SI,20110316,0.13,0.13,0.13,0.13,000
A18.SI,20110315,0.12,0.13,0.12,0.13,624000
A18.SI,20110314,0.12,0.13,0.12,0.12,244000
A18.SI,20110313,0.12,0.12,0.12,0.12,000
A18.SI,20110310,0.12,0.12,0.12,0.12,230000
A18.SI,20110309,0.12,0.12,0.12,0.12,155000
A18.SI,20110308,0.12,0.12,0.12,0.12,50000
A18.SI,20110307,0.12,0.12,0.12,0.12,258000
A18.SI,20110306,0.12,0.12,0.12,0.12,105000
A18.SI,20110303,0.12,0.12,0.12,0.12,110000
A18.SI,20110302,0.13,0.13,0.12,0.12,180000
A18.SI,20110301,0.12,0.13,0.12,0.13,486000
A18.SI,20110228,0.12,0.12,0.12,0.12,1733000
A18.SI,20110227,0.11,0.12,0.11,0.12,185000
A18.SI,20110224,0.11,0.11,0.11,0.11,70000
A18.SI,20110223,0.12,0.12,0.12,0.12,000
A18.SI,20110222,0.11,0.12,0.11,0.12,61000
A18.SI,20110221,0.11,0.11,0.11,0.11,284000
A18.SI,20110220,0.11,0.11,0.11,0.11,130000
A18.SI,20110217,0.11,0.11,0.11,0.11,170000
A18.SI,20110216,0.11,0.11,0.11,0.11,000
A18.SI,20110215,0.11,0.11,0.11,0.11,240000
A18.SI,20110214,0.11,0.11,0.11,0.11,100000
A18.SI,20110213,0.11,0.11,0.11,0.11,601000
A18.SI,20110210,0.10,0.10,0.10,0.10,123000
A18.SI,20110209,0.10,0.12,0.10,0.12,1030000
A18.SI,20110208,0.10,0.11,0.10,0.11,102000
A18.SI,20110207,0.10,0.10,0.10,0.10,202000
A18.SI,20110206,0.09,0.09,0.09,0.09,000
A18.SI,20110203,0.09,0.09,0.09,0.09,000
A18.SI,20110202,0.10,0.10,0.09,0.09,602000
A18.SI,20110201,0.09,0.09,0.09,0.09,40000
A18.SI,20110131,0.09,0.09,0.09,0.09,200000
A18.SI,20110130,0.09,0.09,0.09,0.09,70000
A18.SI,20110127,0.09,0.09,0.09,0.09,160000
A18.SI,20110126,0.09,0.09,0.09,0.09,47000
A18.SI,20110125,0.09,0.09,0.08,0.09,572000
A18.SI,20110124,0.10,0.10,0.10,0.10,000
A18.SI,20110123,0.10,0.10,0.10,0.10,000
A18.SI,20110120,0.10,0.10,0.10,0.10,29000
A18.SI,20110119,0.10,0.11,0.10,0.10,345000
A18.SI,20110118,0.10,0.10,0.10,0.10,50000
A18.SI,20110117,0.09,0.10,0.09,0.10,65000
A18.SI,20110116,0.09,0.09,0.09,0.09,000
A18.SI,20110113,0.09,0.09,0.09,0.09,25000
A18.SI,20110112,0.09,0.09,0.09,0.09,30000
A18.SI,20110111,0.09,0.09,0.09,0.09,20000
A18.SI,20110110,0.10,0.10,0.10,0.10,000
A18.SI,20110109,0.10,0.10,0.10,0.10,000
A18.SI,20110106,0.10,0.10,0.10,0.10,000
A18.SI,20110105,0.10,0.10,0.10,0.10,000
A18.SI,20110104,0.10,0.10,0.10,0.10,10000
A18.SI,20110103,0.11,0.11,0.11,0.11,000
A18.SI,20110102,0.11,0.11,0.11,0.11,000
A18.SI,20101230,0.11,0.11,0.11,0.11,000
A18.SI,20101229,0.09,0.11,0.09,0.11,15000
A18.SI,20101228,0.09,0.09,0.09,0.09,000
A18.SI,20101227,0.09,0.09,0.09,0.09,000
A18.SI,20101226,0.09,0.09,0.09,0.09,000
A18.SI,20101223,0.09,0.09,0.09,0.09,000
A18.SI,20101222,0.09,0.09,0.09,0.09,000
A18.SI,20101221,0.09,0.09,0.09,0.09,000
A18.SI,20101220,0.09,0.09,0.09,0.09,000
A18.SI,20101219,0.09,0.09,0.09,0.09,000
A18.SI,20101216,0.09,0.09,0.09,0.09,000
A18.SI,20101215,0.09,0.09,0.09,0.09,125000
A18.SI,20101214,0.09,0.09,0.09,0.09,000
A18.SI,20101213,0.09,0.09,0.09,0.09,000
A18.SI,20101212,0.09,0.09,0.09,0.09,000
A18.SI,20101209,0.09,0.09,0.09,0.09,000
A18.SI,20101208,0.09,0.09,0.09,0.09,000
A18.SI,20101207,0.09,0.09,0.09,0.09,000
A18.SI,20101206,0.09,0.09,0.09,0.09,000
A18.SI,20101205,0.09,0.09,0.09,0.09,000
A18.SI,20101202,0.09,0.09,0.09,0.09,000
A18.SI,20101201,0.09,0.09,0.09,0.09,000
A18.SI,20101130,0.09,0.09,0.09,0.09,000
A18.SI,20101129,0.09,0.09,0.09,0.09,000
A18.SI,20101128,0.09,0.09,0.09,0.09,000
A18.SI,20101125,0.09,0.09,0.09,0.09,113000
A18.SI,20101124,0.10,0.10,0.09,0.09,110000
A18.SI,20101123,0.09,0.10,0.09,0.10,76000
A18.SI,20101122,0.09,0.09,0.09,0.09,000
A18.SI,20101121,0.09,0.09,0.09,0.09,30000
A18.SI,20101118,0.09,0.09,0.09,0.09,000
A18.SI,20101117,0.09,0.09,0.09,0.09,000
A18.SI,20101115,0.09,0.09,0.09,0.09,10000
A18.SI,20101114,0.10,0.10,0.10,0.10,20000
A18.SI,20101111,0.10,0.10,0.10,0.10,30000
A18.SI,20101109,0.09,0.09,0.09,0.09,20000
A18.SI,20101108,0.09,0.10,0.09,0.10,20000
A18.SI,20101104,0.10,0.10,0.10,0.10,15000
A18.SI,20101031,0.09,0.09,0.09,0.09,4000
A18.SI,20101028,0.10,0.10,0.10,0.10,35000
A18.SI,20101027,0.09,0.09,0.09,0.09,35000
A18.SI,20101025,0.09,0.09,0.09,0.09,66000
A18.SI,20101024,0.10,0.10,0.10,0.10,10000
A18.SI,20101014,0.10,0.10,0.10,0.10,50000
A18.SI,20101013,0.09,0.10,0.09,0.10,5000
A18.SI,20101012,0.09,0.09,0.09,0.09,140000
A18.SI,20101011,0.09,0.09,0.09,0.09,35000
A18.SI,20101010,0.09,0.09,0.09,0.09,50000
A18.SI,20101007,0.09,0.10,0.09,0.09,140000
A18.SI,20101006,0.09,0.09,0.09,0.09,55000
A18.SI,20101005,0.09,0.09,0.09,0.09,100000
A18.SI,20101004,0.09,0.09,0.09,0.09,260000
A18.SI,20101003,0.09,0.09,0.09,0.09,80000
A18.SI,20100926,0.09,0.09,0.09,0.09,100000
A18.SI,20100923,0.09,0.09,0.09,0.09,200000
A18.SI,20100919,0.10,0.10,0.10,0.10,15000
A18.SI,20100912,0.10,0.10,0.10,0.10,14000
A18.SI,20100906,0.10,0.10,0.10,0.10,80000
A18.SI,20100905,0.10,0.10,0.10,0.10,210000
A18.SI,20100902,0.10,0.10,0.10,0.10,42000
A18.SI,20100823,0.10,0.10,0.10,0.10,20000
A18.SI,20100822,0.10,0.10,0.10,0.10,15000
A18.SI,20100819,0.10,0.10,0.10,0.10,171000
A18.SI,20100818,0.09,0.10,0.09,0.10,301000
A18.SI,20100817,0.11,0.11,0.11,0.11,4000
A18.SI,20100816,0.11,0.11,0.11,0.11,20000
A18.SI,20100815,0.10,0.10,0.10,0.10,21000
A18.SI,20100812,0.10,0.10,0.10,0.10,130000
A18.SI,20100811,0.10,0.10,0.10,0.10,117000
A18.SI,20100810,0.10,0.10,0.09,0.10,1269000
A18.SI,20100808,0.10,0.10,0.10,0.10,339000
A18.SI,20100805,0.11,0.11,0.11,0.11,145000
A18.SI,20100803,0.12,0.12,0.12,0.12,10000
A18.SI,20100729,0.12,0.12,0.12,0.12,10000
A18.SI,20100727,0.12,0.12,0.12,0.12,50000
A18.SI,20100725,0.12,0.12,0.12,0.12,30000
A18.SI,20100719,0.12,0.12,0.12,0.12,20000
A18.SI,20100718,0.12,0.12,0.12,0.12,90000
A18.SI,20100712,0.12,0.12,0.12,0.12,100000
A18.SI,20100711,0.12,0.12,0.12,0.12,45000
A18.SI,20100630,0.12,0.12,0.12,0.12,75000
A18.SI,20100628,0.12,0.12,0.12,0.12,19000
A18.SI,20100624,0.12,0.12,0.12,0.12,15000
A18.SI,20100622,0.12,0.12,0.12,0.12,195000
A18.SI,20100621,0.12,0.12,0.12,0.12,84000
A18.SI,20100617,0.12,0.12,0.12,0.12,570000
A18.SI,20100616,0.12,0.12,0.12,0.12,418000
A18.SI,20100615,0.12,0.12,0.12,0.12,50000
A18.SI,20100614,0.12,0.12,0.12,0.12,100000
A18.SI,20100613,0.12,0.12,0.12,0.12,100000
A18.SI,20100610,0.12,0.12,0.12,0.12,6000
A18.SI,20100608,0.12,0.12,0.12,0.12,115000
A18.SI,20100607,0.12,0.12,0.12,0.12,598000
A18.SI,20100602,0.12,0.12,0.12,0.12,120000
A18.SI,20100527,0.12,0.12,0.12,0.12,715000
A18.SI,20100526,0.12,0.12,0.12,0.12,10000
A18.SI,20100525,0.12,0.12,0.12,0.12,422000
A18.SI,20100524,0.12,0.12,0.12,0.12,265000
A18.SI,20100523,0.12,0.12,0.12,0.12,85000
A18.SI,20100520,0.12,0.12,0.12,0.12,165000
A18.SI,20100519,0.13,0.13,0.12,0.12,397000
A18.SI,20100518,0.13,0.13,0.13,0.13,35000
A18.SI,20100516,0.13,0.13,0.13,0.13,10000
A18.SI,20100513,0.14,0.14,0.13,0.13,590000
A18.SI,20100512,0.14,0.14,0.13,0.13,609000
A18.SI,20100511,0.14,0.14,0.14,0.14,153000
A18.SI,20100510,0.14,0.14,0.14,0.14,213000
A18.SI,20100509,0.14,0.14,0.14,0.14,280000
A18.SI,20100506,0.14,0.14,0.14,0.14,467000
A18.SI,20100505,0.14,0.15,0.14,0.15,270000
A18.SI,20100504,0.14,0.14,0.14,0.14,420000
A18.SI,20100503,0.15,0.15,0.15,0.15,451000
A18.SI,20100429,0.15,0.15,0.15,0.15,30000
A18.SI,20100428,0.15,0.15,0.14,0.14,80000
A18.SI,20100427,0.15,0.15,0.15,0.15,760000
A18.SI,20100426,0.14,0.16,0.14,0.15,1838000
A18.SI,20100425,0.14,0.14,0.14,0.14,28000
A18.SI,20100421,0.14,0.14,0.14,0.14,5000
A18.SI,20100420,0.14,0.14,0.14,0.14,2615000
A18.SI,20100419,0.15,0.15,0.14,0.14,1634000
A18.SI,20100415,0.15,0.15,0.15,0.15,497000
A18.SI,20100414,0.15,0.15,0.15,0.15,346000
A18.SI,20100413,0.15,0.15,0.15,0.15,10000
A18.SI,20100412,0.15,0.15,0.15,0.15,755000
A18.SI,20100411,0.15,0.16,0.15,0.16,105000
A18.SI,20100408,0.15,0.15,0.15,0.15,200000
A18.SI,20100407,0.15,0.15,0.15,0.15,131000
A18.SI,20100406,0.15,0.15,0.15,0.15,125000
A18.SI,20100405,0.15,0.15,0.15,0.15,195000
A18.SI,20100404,0.15,0.15,0.15,0.15,30000
A18.SI,20100401,0.15,0.15,0.15,0.15,20000
A18.SI,20100331,0.15,0.15,0.15,0.15,312000
A18.SI,20100330,0.15,0.15,0.15,0.15,1307000
A18.SI,20100329,0.15,0.15,0.14,0.14,167000
A18.SI,20100328,0.15,0.15,0.14,0.14,230000
A18.SI,20100325,0.15,0.15,0.15,0.15,355000
A18.SI,20100323,0.15,0.15,0.14,0.14,115000
A18.SI,20100322,0.15,0.15,0.15,0.15,225000
A18.SI,20100318,0.14,0.14,0.14,0.14,132000
A18.SI,20100317,0.14,0.14,0.14,0.14,140000
A18.SI,20100316,0.14,0.14,0.14,0.14,210000
A18.SI,20100315,0.14,0.14,0.14,0.14,710000
A18.SI,20100314,0.14,0.15,0.14,0.15,389000
A18.SI,20100311,0.14,0.15,0.14,0.15,145000
A18.SI,20100310,0.15,0.15,0.14,0.14,81000
A18.SI,20100309,0.15,0.15,0.14,0.15,2184000
A18.SI,20100308,0.14,0.15,0.14,0.15,170000
A18.SI,20100307,0.15,0.15,0.14,0.15,221000
A18.SI,20100304,0.15,0.15,0.15,0.15,144000
A18.SI,20100303,0.14,0.15,0.14,0.14,540000
A18.SI,20100302,0.15,0.15,0.14,0.14,156000
A18.SI,20100301,0.15,0.15,0.15,0.15,690000
A18.SI,20100228,0.15,0.15,0.15,0.15,1230000
A18.SI,20100225,0.15,0.15,0.15,0.15,671000
A18.SI,20100224,0.16,0.16,0.14,0.15,656000
A18.SI,20100223,0.15,0.16,0.14,0.16,1100000
A18.SI,20100222,0.16,0.16,0.15,0.16,1459000
A18.SI,20100221,0.16,0.16,0.16,0.16,605000
A18.SI,20100218,0.16,0.16,0.16,0.16,200000
A18.SI,20100217,0.16,0.16,0.16,0.16,15000
A18.SI,20100216,0.16,0.16,0.16,0.16,30000
A18.SI,20100215,0.16,0.16,0.16,0.16,1600000
A18.SI,20100214,0.17,0.17,0.16,0.16,25000
A18.SI,20100210,0.17,0.17,0.17,0.17,114000
A18.SI,20100209,0.17,0.17,0.17,0.17,80000
A18.SI,20100208,0.16,0.16,0.16,0.16,20000
A18.SI,20100207,0.17,0.17,0.16,0.16,400000
A18.SI,20100201,0.17,0.17,0.17,0.17,820000
A18.SI,20100131,0.17,0.17,0.16,0.16,384000
A18.SI,20100128,0.17,0.17,0.16,0.16,30000
A18.SI,20100127,0.16,0.16,0.16,0.16,110000
A18.SI,20100126,0.16,0.16,0.16,0.16,150000
A18.SI,20100125,0.16,0.16,0.16,0.16,140000
A18.SI,20100124,0.17,0.17,0.17,0.17,50000
A18.SI,20100120,0.16,0.17,0.16,0.16,135000
A18.SI,20100119,0.17,0.17,0.17,0.17,820000
A18.SI,20100117,0.16,0.16,0.16,0.16,20000
A18.SI,20100114,0.16,0.16,0.16,0.16,191000
A18.SI,20100113,0.16,0.17,0.16,0.17,40000
A18.SI,20100112,0.16,0.17,0.16,0.17,275000
A18.SI,20100111,0.16,0.16,0.16,0.16,102000
A18.SI,20100110,0.16,0.16,0.16,0.16,430000
A18.SI,20100107,0.16,0.16,0.16,0.16,130000
A18.SI,20100106,0.16,0.16,0.16,0.16,210000
A18.SI,20100105,0.16,0.16,0.16,0.16,110000
A18.SI,20100104,0.16,0.16,0.16,0.16,1329000
A18.SI,20100103,0.16,0.16,0.16,0.16,1496000
