A17U.SI,20120604,2.36,2.44,2.36,2.44,19846000
A17U.SI,20120603,2.31,2.41,2.30,2.36,19508000
A17U.SI,20120531,2.36,2.39,2.30,2.32,30381000
A17U.SI,20120530,2.45,2.45,2.35,2.39,25770000
A17U.SI,20120529,2.56,2.58,2.46,2.47,14439000
A17U.SI,20120528,2.54,2.55,2.51,2.53,8112000
A17U.SI,20120527,2.56,2.60,2.51,2.54,9946000
A17U.SI,20120524,2.58,2.58,2.58,2.58,000
A17U.SI,20120523,2.67,2.68,2.53,2.58,19033000
A17U.SI,20120522,2.71,2.71,2.67,2.68,5189000
A17U.SI,20120521,2.68,2.71,2.67,2.71,4049000
A17U.SI,20120520,2.74,2.74,2.69,2.69,5117000
A17U.SI,20120517,2.71,2.73,2.69,2.73,8003000
A17U.SI,20120516,2.74,2.75,2.69,2.73,6325000
A17U.SI,20120515,2.74,2.75,2.73,2.75,3449000
A17U.SI,20120514,2.74,2.75,2.69,2.71,10258000
A17U.SI,20120513,2.78,2.78,2.74,2.76,3814000
A17U.SI,20120510,2.76,2.77,2.75,2.77,2162000
A17U.SI,20120509,2.77,2.78,2.75,2.75,4555000
A17U.SI,20120508,2.74,2.78,2.73,2.75,13099000
A17U.SI,20120507,2.67,2.73,2.67,2.72,6458000
A17U.SI,20120506,2.67,2.68,2.66,2.68,1853000
A17U.SI,20120503,2.68,2.68,2.64,2.66,6938000
A17U.SI,20120502,2.74,2.74,2.65,2.75,10597000
A17U.SI,20120501,2.75,2.75,2.75,2.75,000
A17U.SI,20120430,2.73,2.75,2.72,2.75,9130000
A17U.SI,20120429,2.67,2.72,2.67,2.71,6131000
A17U.SI,20120426,2.67,2.70,2.65,2.67,7270000
A17U.SI,20120425,2.66,2.68,2.65,2.67,5842000
A17U.SI,20120424,2.66,2.69,2.62,2.69,11903000
A17U.SI,20120423,2.64,2.65,2.62,2.65,9217000
A17U.SI,20120422,2.68,2.70,2.61,2.64,13613000
A17U.SI,20120419,2.69,2.72,2.65,2.72,8873000
A17U.SI,20120418,2.68,2.72,2.65,2.70,12236000
A17U.SI,20120417,2.77,2.78,2.67,2.70,19349000
A17U.SI,20120416,2.78,2.78,2.73,2.76,19883000
A17U.SI,20120415,2.78,2.86,2.78,2.86,15608000
A17U.SI,20120412,2.70,2.80,2.70,2.78,12731000
A17U.SI,20120411,2.69,2.73,2.69,2.70,8868000
A17U.SI,20120410,2.68,2.69,2.65,2.68,4756000
A17U.SI,20120409,2.70,2.70,2.66,2.67,4353000
A17U.SI,20120408,2.70,2.71,2.67,2.70,3397000
A17U.SI,20120405,2.72,2.73,2.68,2.72,10163000
A17U.SI,20120404,2.68,2.70,2.65,2.68,5017000
A17U.SI,20120403,2.63,2.66,2.62,2.66,5907000
A17U.SI,20120402,2.60,2.63,2.59,2.63,4920000
A17U.SI,20120401,2.61,2.61,2.57,2.60,4284000
A17U.SI,20120329,2.60,2.60,2.60,2.60,000
A17U.SI,20120328,2.60,2.60,2.56,2.60,13934000
A17U.SI,20120327,2.57,2.59,2.56,2.59,5511000
A17U.SI,20120326,2.56,2.57,2.54,2.57,5276000
A17U.SI,20120325,2.57,2.58,2.56,2.57,3305000
A17U.SI,20120322,2.55,2.57,2.55,2.57,5694000
A17U.SI,20120321,2.55,2.56,2.53,2.54,7212000
A17U.SI,20120320,2.55,2.56,2.54,2.55,6748000
A17U.SI,20120319,2.58,2.58,2.56,2.56,13172000
A17U.SI,20120318,2.55,2.58,2.52,2.58,12282000
A17U.SI,20120315,2.57,2.61,2.55,2.55,22620000
A17U.SI,20120314,2.59,2.59,2.56,2.57,10900000
A17U.SI,20120313,2.58,2.60,2.56,2.60,11720000
A17U.SI,20120312,2.58,2.60,2.56,2.58,11172000
A17U.SI,20120311,2.58,2.58,2.55,2.57,26894000
A17U.SI,20120308,2.65,2.65,2.65,2.65,000
A17U.SI,20120307,2.62,2.65,2.61,2.65,4767000
A17U.SI,20120306,2.63,2.63,2.60,2.63,3455000
A17U.SI,20120305,2.58,2.61,2.57,2.60,5297000
A17U.SI,20120304,2.58,2.61,2.56,2.58,3691000
A17U.SI,20120301,2.59,2.63,2.58,2.60,10994000
A17U.SI,20120229,2.60,2.60,2.54,2.57,11932000
A17U.SI,20120228,2.57,2.59,2.56,2.57,6113000
A17U.SI,20120227,2.58,2.60,2.56,2.57,5289000
A17U.SI,20120226,2.60,2.60,2.57,2.57,4175000
A17U.SI,20120223,2.65,2.66,2.58,2.58,5339000
A17U.SI,20120222,2.64,2.66,2.62,2.66,6151000
A17U.SI,20120221,2.71,2.72,2.66,2.66,7512000
A17U.SI,20120220,2.64,2.70,2.63,2.70,6112000
A17U.SI,20120219,2.65,2.66,2.60,2.63,2856000
A17U.SI,20120216,2.59,2.66,2.59,2.64,9340000
A17U.SI,20120215,2.59,2.64,2.58,2.61,6516000
A17U.SI,20120214,2.56,2.59,2.54,2.59,4983000
A17U.SI,20120213,2.57,2.57,2.57,2.57,000
A17U.SI,20120212,2.57,2.57,2.57,2.57,000
A17U.SI,20120209,2.56,2.59,2.56,2.57,4373000
A17U.SI,20120208,2.56,2.57,2.51,2.57,6044000
A17U.SI,20120207,2.54,2.58,2.53,2.56,5734000
A17U.SI,20120206,2.54,2.55,2.52,2.52,4321000
A17U.SI,20120205,2.55,2.55,2.52,2.54,3132000
A17U.SI,20120202,2.55,2.56,2.54,2.55,3750000
A17U.SI,20120201,2.51,2.53,2.50,2.53,8997000
A17U.SI,20120131,2.50,2.54,2.49,2.53,6640000
A17U.SI,20120130,2.50,2.51,2.48,2.50,6029000
A17U.SI,20120129,2.53,2.54,2.49,2.50,3217000
A17U.SI,20120126,2.52,2.55,2.52,2.53,4900000
A17U.SI,20120125,2.51,2.53,2.50,2.52,2495000
A17U.SI,20120124,2.49,2.51,2.49,2.51,2511000
A17U.SI,20120123,2.50,2.52,2.48,2.48,4017000
A17U.SI,20120122,2.49,2.51,2.46,2.51,5872000
A17U.SI,20120119,2.53,2.56,2.51,2.51,12041000
A17U.SI,20120118,2.48,2.51,2.47,2.50,7202000
A17U.SI,20120117,2.47,2.49,2.47,2.47,6906000
A17U.SI,20120116,2.47,2.48,2.46,2.48,4240000
A17U.SI,20120115,2.43,2.47,2.43,2.46,8433000
A17U.SI,20120112,2.42,2.46,2.41,2.43,6161000
A17U.SI,20120111,2.38,2.43,2.38,2.43,10732000
A17U.SI,20120110,2.40,2.40,2.38,2.39,7372000
A17U.SI,20120109,2.40,2.41,2.38,2.40,6517000
A17U.SI,20120108,2.39,2.40,2.37,2.38,3381000
A17U.SI,20120105,2.39,2.40,2.36,2.39,3807000
A17U.SI,20120104,2.40,2.41,2.37,2.38,5142000
A17U.SI,20120103,2.39,2.41,2.38,2.40,3122000
A17U.SI,20120102,2.37,2.37,2.37,2.37,000
A17U.SI,20120101,2.38,2.40,2.37,2.37,5527000
A17U.SI,20111229,2.39,2.41,2.38,2.39,6317000
A17U.SI,20111228,2.38,2.40,2.38,2.38,1111000
A17U.SI,20111227,2.37,2.40,2.36,2.38,2048000
A17U.SI,20111226,2.37,2.37,2.37,2.37,000
A17U.SI,20111225,2.35,2.37,2.34,2.37,1953000
A17U.SI,20111222,2.36,2.39,2.34,2.34,6428000
A17U.SI,20111221,2.38,2.39,2.37,2.37,4141000
A17U.SI,20111220,2.36,2.40,2.35,2.39,8087000
A17U.SI,20111219,2.37,2.38,2.34,2.35,8777000
A17U.SI,20111218,2.40,2.40,2.36,2.38,5928000
A17U.SI,20111215,2.38,2.40,2.38,2.40,5658000
A17U.SI,20111214,2.41,2.41,2.37,2.38,5636000
A17U.SI,20111213,2.38,2.40,2.37,2.40,8541000
A17U.SI,20111212,2.38,2.41,2.34,2.36,10573000
A17U.SI,20111211,2.41,2.42,2.37,2.38,5281000
A17U.SI,20111208,2.38,2.40,2.38,2.39,7088000
A17U.SI,20111207,2.37,2.38,2.31,2.38,8500000
A17U.SI,20111206,2.37,2.39,2.36,2.37,5274000
A17U.SI,20111205,2.38,2.39,2.37,2.39,3091000
A17U.SI,20111204,2.40,2.43,2.38,2.40,2316000
A17U.SI,20111201,2.40,2.42,2.39,2.42,8876000
A17U.SI,20111130,2.38,2.43,2.38,2.39,6414000
A17U.SI,20111129,2.36,2.37,2.34,2.37,5849000
A17U.SI,20111128,2.40,2.41,2.36,2.38,5607000
A17U.SI,20111127,2.41,2.42,2.37,2.40,2403000
A17U.SI,20111124,2.40,2.42,2.40,2.40,1969000
A17U.SI,20111123,2.43,2.43,2.39,2.42,3978000
A17U.SI,20111122,2.38,2.43,2.38,2.43,5773000
A17U.SI,20111121,2.37,2.39,2.33,2.39,3600000
A17U.SI,20111120,2.34,2.38,2.33,2.36,2707000
A17U.SI,20111117,2.31,2.37,2.29,2.34,9351000
A17U.SI,20111116,2.31,2.32,2.28,2.31,8035000
A17U.SI,20111115,2.33,2.36,2.32,2.33,11037000
A17U.SI,20111114,2.32,2.32,2.32,2.32,000
A17U.SI,20111113,2.32,2.32,2.30,2.32,4664000
A17U.SI,20111110,2.31,2.33,2.30,2.30,3723000
A17U.SI,20111109,2.36,2.37,2.31,2.33,6785000
A17U.SI,20111108,2.36,2.39,2.34,2.38,6019000
A17U.SI,20111107,2.35,2.38,2.34,2.35,5550000
A17U.SI,20111106,2.33,2.37,2.33,2.35,5041000
A17U.SI,20111103,2.34,2.36,2.31,2.34,6953000
A17U.SI,20111102,2.34,2.37,2.33,2.34,6864000
A17U.SI,20111101,2.37,2.39,2.34,2.36,13698000
A17U.SI,20111031,2.44,2.44,2.37,2.38,7620000
A17U.SI,20111030,2.44,2.44,2.41,2.43,7316000
A17U.SI,20111027,2.47,2.47,2.47,2.47,000
A17U.SI,20111026,2.41,2.47,2.40,2.47,9960000
A17U.SI,20111025,2.40,2.42,2.37,2.40,9412000
A17U.SI,20111024,2.45,2.46,2.41,2.43,4737000
A17U.SI,20111023,2.47,2.50,2.46,2.47,2767000
A17U.SI,20111020,2.50,2.50,2.45,2.47,9948000
A17U.SI,20111019,2.51,2.51,2.48,2.50,4718000
A17U.SI,20111018,2.50,2.51,2.48,2.48,2714000
A17U.SI,20111017,2.49,2.49,2.47,2.49,3944000
A17U.SI,20111016,2.45,2.50,2.44,2.50,5447000
A17U.SI,20111013,2.44,2.47,2.43,2.45,4842000
A17U.SI,20111012,2.44,2.44,2.42,2.43,5567000
A17U.SI,20111011,2.47,2.48,2.44,2.44,6441000
A17U.SI,20111010,2.44,2.49,2.43,2.46,6195000
A17U.SI,20111009,2.40,2.44,2.39,2.42,3329000
A17U.SI,20111006,2.37,2.40,2.36,2.40,3868000
A17U.SI,20111005,2.38,2.40,2.37,2.37,7016000
A17U.SI,20111004,2.38,2.39,2.37,2.39,4518000
A17U.SI,20111003,2.39,2.40,2.36,2.40,5194000
A17U.SI,20111002,2.40,2.40,2.37,2.39,5000000
A17U.SI,20110929,2.44,2.44,2.40,2.41,8207000
A17U.SI,20110928,2.41,2.45,2.40,2.42,7470000
A17U.SI,20110927,2.38,2.41,2.38,2.41,4415000
A17U.SI,20110926,2.40,2.41,2.39,2.39,2541000
A17U.SI,20110925,2.39,2.41,2.38,2.39,3827000
A17U.SI,20110922,2.40,2.41,2.37,2.41,13390000
A17U.SI,20110921,2.39,2.40,2.38,2.39,6716000
A17U.SI,20110920,2.39,2.40,2.36,2.40,8595000
A17U.SI,20110919,2.38,2.40,2.37,2.40,5752000
A17U.SI,20110918,2.37,2.40,2.35,2.38,4530000
A17U.SI,20110915,2.39,2.39,2.36,2.37,6383000
A17U.SI,20110914,2.35,2.37,2.34,2.35,3978000
A17U.SI,20110913,2.33,2.38,2.33,2.37,5778000
A17U.SI,20110912,2.32,2.34,2.30,2.31,5167000
A17U.SI,20110911,2.32,2.35,2.31,2.34,6267000
A17U.SI,20110908,2.35,2.37,2.34,2.34,5377000
A17U.SI,20110907,2.36,2.37,2.31,2.31,7884000
A17U.SI,20110906,2.36,2.39,2.35,2.35,7291000
A17U.SI,20110905,2.39,2.39,2.35,2.35,3024000
A17U.SI,20110904,2.36,2.40,2.35,2.38,2946000
A17U.SI,20110901,2.38,2.39,2.35,2.36,12750000
A17U.SI,20110831,2.38,2.39,2.34,2.36,4365000
A17U.SI,20110830,2.33,2.42,2.33,2.40,5996000
A17U.SI,20110829,2.34,2.36,2.32,2.32,4233000
A17U.SI,20110828,2.32,2.34,2.30,2.34,2574000
A17U.SI,20110825,2.28,2.33,2.28,2.32,6970000
A17U.SI,20110824,2.29,2.31,2.28,2.29,5288000
A17U.SI,20110823,2.26,2.30,2.26,2.28,6058000
A17U.SI,20110822,2.26,2.30,2.26,2.27,2422000
A17U.SI,20110821,2.24,2.24,2.24,2.24,000
A17U.SI,20110818,2.23,2.31,2.22,2.24,7202000
A17U.SI,20110817,2.27,2.28,2.22,2.22,8114000
A17U.SI,20110816,2.27,2.30,2.26,2.27,4049000
A17U.SI,20110815,2.25,2.27,2.24,2.27,4871000
A17U.SI,20110814,2.29,2.31,2.28,2.28,2752000
A17U.SI,20110811,2.28,2.33,2.28,2.30,4927000
A17U.SI,20110810,2.30,2.30,2.30,2.30,000
A17U.SI,20110809,2.29,2.30,2.28,2.30,5163000
A17U.SI,20110808,2.27,2.30,2.27,2.28,2802000
A17U.SI,20110807,2.31,2.32,2.27,2.30,3190000
A17U.SI,20110804,2.28,2.30,2.27,2.29,4109000
A17U.SI,20110803,2.28,2.29,2.27,2.29,3417000
A17U.SI,20110802,2.24,2.29,2.24,2.29,3951000
A17U.SI,20110801,2.20,2.27,2.20,2.27,10650000
A17U.SI,20110731,2.23,2.25,2.20,2.23,3859000
A17U.SI,20110728,2.26,2.26,2.21,2.24,3699000
A17U.SI,20110727,2.24,2.30,2.24,2.26,7761000
A17U.SI,20110726,2.20,2.23,2.19,2.22,9151000
A17U.SI,20110725,2.19,2.22,2.18,2.21,8944000
A17U.SI,20110724,2.20,2.22,2.17,2.19,9473000
A17U.SI,20110721,2.21,2.22,2.20,2.21,9228000
A17U.SI,20110720,2.21,2.21,2.20,2.21,5173000
A17U.SI,20110719,2.20,2.20,2.18,2.20,7282000
A17U.SI,20110718,2.18,2.19,2.17,2.18,5047000
A17U.SI,20110717,2.17,2.18,2.16,2.17,4653000
A17U.SI,20110714,2.15,2.16,2.15,2.16,3256000
A17U.SI,20110713,2.15,2.16,2.14,2.15,5028000
A17U.SI,20110712,2.14,2.16,2.13,2.14,6342000
A17U.SI,20110711,2.14,2.15,2.13,2.15,3662000
A17U.SI,20110710,2.12,2.14,2.11,2.13,2349000
A17U.SI,20110707,2.14,2.15,2.13,2.15,3729000
A17U.SI,20110706,2.10,2.14,2.09,2.12,7485000
A17U.SI,20110705,2.14,2.14,2.10,2.10,5945000
A17U.SI,20110704,2.12,2.13,2.09,2.12,7833000
A17U.SI,20110703,2.16,2.18,2.12,2.14,2897000
A17U.SI,20110630,2.13,2.15,2.12,2.15,9159000
A17U.SI,20110629,2.12,2.12,2.10,2.11,5636000
A17U.SI,20110628,2.11,2.13,2.11,2.11,5598000
A17U.SI,20110627,2.09,2.13,2.08,2.11,11415000
A17U.SI,20110626,2.06,2.10,2.06,2.09,8123000
A17U.SI,20110623,2.04,2.07,2.03,2.05,4217000
A17U.SI,20110622,2.07,2.07,2.04,2.06,3772000
A17U.SI,20110621,2.07,2.08,2.05,2.06,2605000
A17U.SI,20110620,2.04,2.09,2.03,2.05,5114000
A17U.SI,20110619,2.03,2.05,2.02,2.04,2631000
A17U.SI,20110616,2.04,2.04,2.01,2.01,4518000
A17U.SI,20110615,2.02,2.04,2.01,2.02,5112000
A17U.SI,20110614,2.03,2.03,2.01,2.01,3487000
A17U.SI,20110613,2.00,2.03,1.99,2.03,6984000
A17U.SI,20110612,2.03,2.04,2.01,2.01,4194000
A17U.SI,20110609,2.02,2.03,2.01,2.03,4809000
A17U.SI,20110608,2.02,2.02,2.00,2.01,2742000
A17U.SI,20110607,2.00,2.03,2.00,2.02,5804000
A17U.SI,20110606,2.00,2.02,2.00,2.00,3610000
A17U.SI,20110605,2.00,2.01,1.99,2.00,4736000
A17U.SI,20110602,2.01,2.02,2.00,2.01,4254000
A17U.SI,20110601,2.00,2.05,2.00,2.05,9604000
A17U.SI,20110531,1.99,2.01,1.99,2.01,3171000
A17U.SI,20110530,2.00,2.02,2.00,2.00,1538000
A17U.SI,20110529,1.99,2.02,1.99,2.00,1348000
A17U.SI,20110526,2.02,2.03,1.99,1.99,4579000
A17U.SI,20110525,2.00,2.01,1.99,2.00,4483000
A17U.SI,20110524,2.00,2.00,1.98,2.00,4216000
A17U.SI,20110523,2.01,2.02,2.00,2.01,5190000
A17U.SI,20110522,1.98,2.00,1.98,1.99,3335000
A17U.SI,20110519,2.00,2.00,1.98,1.98,11269000
A17U.SI,20110518,2.03,2.04,2.02,2.03,3407000
A17U.SI,20110517,2.02,2.04,2.00,2.02,4840000
A17U.SI,20110516,2.06,2.06,2.01,2.04,8352000
A17U.SI,20110515,2.05,2.07,2.03,2.04,13762000
A17U.SI,20110512,2.04,2.07,2.03,2.05,10492000
A17U.SI,20110511,2.01,2.04,2.00,2.04,12324000
A17U.SI,20110510,2.00,2.02,1.99,2.00,8387000
A17U.SI,20110509,2.00,2.01,1.99,2.00,4857000
A17U.SI,20110508,2.00,2.00,1.98,1.99,12633000
A17U.SI,20110505,2.01,2.01,2.00,2.01,22189000
A17U.SI,20110504,2.09,2.09,2.09,2.09,000
A17U.SI,20110503,2.07,2.09,2.06,2.09,3348000
A17U.SI,20110502,2.08,2.08,2.08,2.08,000
A17U.SI,20110501,2.05,2.08,2.05,2.08,6872000
A17U.SI,20110428,2.08,2.08,2.04,2.06,3295000
A17U.SI,20110427,2.05,2.07,2.05,2.06,2864000
A17U.SI,20110426,2.07,2.07,2.03,2.04,5845000
A17U.SI,20110425,2.02,2.07,2.01,2.06,4993000
A17U.SI,20110424,2.04,2.04,2.00,2.02,3951000
A17U.SI,20110421,2.07,2.07,2.05,2.07,3227000
A17U.SI,20110420,2.05,2.07,2.04,2.06,5207000
A17U.SI,20110419,2.02,2.05,2.02,2.04,6262000
A17U.SI,20110418,2.00,2.01,2.00,2.01,2127000
A17U.SI,20110417,1.99,2.01,1.99,2.00,2502000
A17U.SI,20110414,2.00,2.01,1.99,2.00,3248000
A17U.SI,20110413,2.00,2.00,1.98,2.00,4807000
A17U.SI,20110412,1.99,2.01,1.99,2.00,2157000
A17U.SI,20110411,2.00,2.02,1.99,2.02,2328000
A17U.SI,20110410,1.99,2.01,1.99,2.00,1853000
A17U.SI,20110407,2.00,2.00,2.00,2.00,000
A17U.SI,20110406,2.00,2.03,2.00,2.00,2719000
A17U.SI,20110405,2.02,2.02,2.01,2.01,2505000
A17U.SI,20110404,2.00,2.02,2.00,2.01,5581000
A17U.SI,20110403,2.01,2.01,2.00,2.01,3826000
A17U.SI,20110331,1.97,2.02,1.97,2.02,13508000
A17U.SI,20110330,2.00,2.00,1.99,1.99,3796000
A17U.SI,20110329,2.00,2.01,2.00,2.00,3141000
A17U.SI,20110328,2.01,2.03,2.00,2.02,4345000
A17U.SI,20110327,1.99,2.01,1.98,1.98,2373000
A17U.SI,20110324,1.99,2.00,1.98,1.99,3506000
A17U.SI,20110323,2.00,2.02,1.99,1.99,2970000
A17U.SI,20110322,1.99,2.01,1.99,2.01,1897000
A17U.SI,20110321,1.99,2.00,1.98,2.00,4257000
A17U.SI,20110320,2.02,2.02,1.99,1.99,4316000
A17U.SI,20110317,2.03,2.04,2.00,2.00,6393000
A17U.SI,20110316,2.04,2.04,2.00,2.02,5759000
A17U.SI,20110315,2.06,2.07,2.03,2.06,5110000
A17U.SI,20110314,2.05,2.08,2.05,2.05,3957000
A17U.SI,20110313,2.04,2.05,2.02,2.05,1914000
A17U.SI,20110310,2.04,2.05,2.02,2.03,4394000
A17U.SI,20110309,2.02,2.04,2.00,2.04,3318000
A17U.SI,20110308,2.03,2.04,2.01,2.01,5344000
A17U.SI,20110307,2.05,2.06,2.03,2.04,4119000
A17U.SI,20110306,2.06,2.06,2.03,2.04,2582000
A17U.SI,20110303,2.07,2.08,2.04,2.08,3318000
A17U.SI,20110302,2.03,2.06,2.03,2.06,4711000
A17U.SI,20110301,2.02,2.06,2.02,2.06,8911000
A17U.SI,20110228,2.02,2.03,2.01,2.03,2578000
A17U.SI,20110227,2.00,2.02,1.98,2.01,4215000
A17U.SI,20110224,2.03,2.03,1.99,2.01,4290000
A17U.SI,20110223,2.00,2.03,1.99,2.01,9748000
A17U.SI,20110222,1.98,2.00,1.98,1.98,7274000
A17U.SI,20110221,1.96,1.97,1.95,1.97,3796000
A17U.SI,20110220,1.98,1.99,1.93,1.97,5863000
A17U.SI,20110217,1.97,1.98,1.95,1.98,3095000
A17U.SI,20110216,1.96,1.97,1.96,1.97,2303000
A17U.SI,20110215,1.96,1.98,1.95,1.97,6423000
A17U.SI,20110214,1.96,1.97,1.95,1.97,10777000
A17U.SI,20110213,1.96,1.97,1.95,1.96,6022000
A17U.SI,20110210,1.94,1.95,1.93,1.94,6652000
A17U.SI,20110209,1.93,1.95,1.92,1.94,2368000
A17U.SI,20110208,1.95,1.95,1.92,1.93,5654000
A17U.SI,20110207,1.92,1.95,1.91,1.95,3992000
A17U.SI,20110206,1.95,1.95,1.90,1.91,6025000
A17U.SI,20110203,1.95,1.95,1.92,1.93,2719000
A17U.SI,20110202,1.94,1.95,1.92,1.95,6185000
A17U.SI,20110201,1.87,1.92,1.86,1.92,10974000
A17U.SI,20110131,1.88,1.89,1.85,1.87,18436000
A17U.SI,20110130,1.91,1.92,1.88,1.89,6026000
A17U.SI,20110127,1.92,1.92,1.90,1.92,6719000
A17U.SI,20110126,1.92,1.92,1.91,1.91,6246000
A17U.SI,20110125,1.91,1.93,1.91,1.91,6774000
A17U.SI,20110124,1.92,1.92,1.92,1.92,000
A17U.SI,20110123,1.92,1.92,1.92,1.92,000
A17U.SI,20110120,1.93,1.94,1.90,1.92,9869000
A17U.SI,20110119,2.02,2.02,1.95,1.95,7882000
A17U.SI,20110118,2.01,2.01,2.00,2.01,4204000
A17U.SI,20110117,1.98,2.02,1.96,2.01,8877000
A17U.SI,20110116,1.98,1.99,1.96,1.98,2692000
A17U.SI,20110113,1.98,1.99,1.96,1.99,4804000
A17U.SI,20110112,1.94,1.97,1.93,1.95,7001000
A17U.SI,20110111,1.97,2.00,1.92,1.93,6955000
A17U.SI,20110110,1.95,1.97,1.94,1.95,4741000
A17U.SI,20110109,1.90,1.95,1.90,1.94,3163000
A17U.SI,20110106,1.90,1.92,1.90,1.92,4858000
A17U.SI,20110105,1.88,1.90,1.87,1.90,6735000
A17U.SI,20110104,1.86,1.88,1.86,1.87,6204000
A17U.SI,20110103,1.83,1.86,1.82,1.86,4699000
A17U.SI,20110102,1.82,1.82,1.82,1.82,000
