568.SI,20120604,0.31,0.31,0.31,0.31,2093000
568.SI,20120603,0.30,0.31,0.30,0.31,3545000
568.SI,20120531,0.31,0.31,0.30,0.30,1814000
568.SI,20120530,0.31,0.31,0.30,0.30,2879000
568.SI,20120529,0.31,0.31,0.31,0.31,2313000
568.SI,20120528,0.31,0.31,0.31,0.31,3411000
568.SI,20120527,0.31,0.31,0.31,0.31,663000
568.SI,20120524,0.31,0.31,0.31,0.31,000
568.SI,20120523,0.31,0.32,0.30,0.31,4906000
568.SI,20120522,0.30,0.32,0.30,0.31,15927000
568.SI,20120521,0.30,0.30,0.29,0.29,2010000
568.SI,20120520,0.29,0.30,0.29,0.29,2393000
568.SI,20120517,0.29,0.30,0.29,0.29,1537000
568.SI,20120516,0.29,0.30,0.29,0.29,5444000
568.SI,20120515,0.29,0.29,0.29,0.29,6113000
568.SI,20120514,0.30,0.30,0.29,0.29,2743000
568.SI,20120513,0.31,0.31,0.29,0.30,5215000
568.SI,20120510,0.31,0.31,0.31,0.31,3478000
568.SI,20120509,0.31,0.31,0.31,0.31,2817000
568.SI,20120508,0.32,0.32,0.31,0.31,3874000
568.SI,20120507,0.32,0.32,0.31,0.32,8039000
568.SI,20120506,0.43,0.43,0.43,0.43,15377000
568.SI,20120503,0.44,0.44,0.42,0.43,13598000
568.SI,20120502,0.44,0.44,0.43,0.44,6409000
568.SI,20120501,0.44,0.44,0.44,0.44,000
568.SI,20120430,0.44,0.44,0.43,0.44,10562000
568.SI,20120429,0.44,0.44,0.44,0.44,5025000
568.SI,20120426,0.44,0.44,0.44,0.44,6990000
568.SI,20120425,0.44,0.44,0.44,0.44,7483000
568.SI,20120424,0.44,0.44,0.44,0.44,1778000
568.SI,20120423,0.44,0.45,0.44,0.44,3164000
568.SI,20120422,0.44,0.45,0.44,0.45,2395000
568.SI,20120419,0.44,0.45,0.44,0.44,6071000
568.SI,20120418,0.45,0.45,0.44,0.44,1854000
568.SI,20120417,0.45,0.46,0.44,0.45,3191000
568.SI,20120416,0.45,0.45,0.44,0.45,5110000
568.SI,20120415,0.44,0.45,0.44,0.45,3902000
568.SI,20120412,0.44,0.44,0.44,0.44,1548000
568.SI,20120411,0.44,0.44,0.44,0.44,6285000
568.SI,20120410,0.44,0.44,0.44,0.44,1906000
568.SI,20120409,0.44,0.44,0.44,0.44,1754000
568.SI,20120408,0.44,0.44,0.44,0.44,2196000
568.SI,20120405,0.44,0.44,0.44,0.44,3974000
568.SI,20120404,0.45,0.45,0.44,0.44,4693000
568.SI,20120403,0.45,0.46,0.44,0.45,9728000
568.SI,20120402,0.44,0.45,0.44,0.44,2005000
568.SI,20120401,0.44,0.45,0.44,0.44,3865000
568.SI,20120329,0.44,0.44,0.44,0.44,000
568.SI,20120328,0.44,0.44,0.44,0.44,2715000
568.SI,20120327,0.45,0.45,0.44,0.44,5904000
568.SI,20120326,0.44,0.46,0.44,0.44,10928000
568.SI,20120325,0.44,0.44,0.43,0.44,2914000
568.SI,20120322,0.43,0.44,0.43,0.43,2427000
568.SI,20120321,0.44,0.44,0.43,0.44,6216000
568.SI,20120320,0.43,0.44,0.43,0.44,20142000
568.SI,20120319,0.42,0.43,0.42,0.42,755000
568.SI,20120318,0.42,0.43,0.41,0.43,3544000
568.SI,20120315,0.43,0.43,0.42,0.42,1701000
568.SI,20120314,0.42,0.43,0.41,0.42,4473000
568.SI,20120313,0.42,0.42,0.41,0.41,1953000
568.SI,20120312,0.42,0.43,0.41,0.41,6528000
568.SI,20120311,0.43,0.43,0.41,0.41,5761000
568.SI,20120308,0.43,0.43,0.42,0.42,6857000
568.SI,20120307,0.43,0.43,0.41,0.42,4105000
568.SI,20120306,0.43,0.44,0.42,0.42,7907000
568.SI,20120305,0.42,0.43,0.41,0.43,13293000
568.SI,20120304,0.43,0.44,0.41,0.41,16472000
568.SI,20120301,0.44,0.44,0.42,0.43,12156000
568.SI,20120229,0.45,0.45,0.44,0.44,12549000
568.SI,20120228,0.46,0.46,0.44,0.44,7614000
568.SI,20120227,0.44,0.45,0.44,0.44,18085000
568.SI,20120226,0.47,0.49,0.44,0.46,88900000
568.SI,20120223,0.43,0.43,0.43,0.43,000
568.SI,20120222,0.43,0.44,0.42,0.43,9949000
568.SI,20120221,0.43,0.43,0.42,0.43,4684000
568.SI,20120220,0.44,0.44,0.42,0.43,11824000
568.SI,20120219,0.43,0.44,0.42,0.44,26530000
568.SI,20120216,0.39,0.41,0.39,0.41,17929000
568.SI,20120215,0.38,0.38,0.37,0.38,5350000
568.SI,20120214,0.37,0.38,0.37,0.38,857000
568.SI,20120213,0.37,0.37,0.37,0.37,000
568.SI,20120212,0.37,0.37,0.37,0.37,000
568.SI,20120209,0.37,0.38,0.37,0.37,1228000
568.SI,20120208,0.38,0.38,0.37,0.37,3001000
568.SI,20120207,0.37,0.38,0.37,0.37,3458000
568.SI,20120206,0.37,0.37,0.37,0.37,2679000
568.SI,20120205,0.37,0.38,0.37,0.37,3357000
568.SI,20120202,0.37,0.37,0.37,0.37,824000
568.SI,20120201,0.37,0.37,0.37,0.37,3644000
568.SI,20120131,0.38,0.38,0.37,0.37,3016000
568.SI,20120130,0.37,0.38,0.37,0.38,6980000
568.SI,20120129,0.35,0.37,0.35,0.37,5736000
568.SI,20120126,0.35,0.35,0.35,0.35,1500000
568.SI,20120125,0.34,0.35,0.34,0.34,1995000
568.SI,20120124,0.34,0.35,0.34,0.34,1608000
568.SI,20120123,0.34,0.35,0.34,0.34,4095000
568.SI,20120122,0.35,0.35,0.34,0.34,1599000
568.SI,20120119,0.35,0.35,0.34,0.35,1974000
568.SI,20120118,0.35,0.35,0.34,0.35,1584000
568.SI,20120117,0.35,0.35,0.34,0.34,1522000
568.SI,20120116,0.36,0.36,0.34,0.35,1916000
568.SI,20120115,0.34,0.36,0.34,0.36,4333000
568.SI,20120112,0.35,0.35,0.34,0.34,1581000
568.SI,20120111,0.36,0.36,0.35,0.35,1901000
568.SI,20120110,0.34,0.36,0.34,0.35,10499000
568.SI,20120109,0.34,0.34,0.33,0.34,2601000
568.SI,20120108,0.34,0.34,0.34,0.34,2429000
568.SI,20120105,0.34,0.34,0.34,0.34,1373000
568.SI,20120104,0.34,0.34,0.33,0.34,2835000
568.SI,20120103,0.33,0.34,0.33,0.34,2683000
568.SI,20120102,0.32,0.32,0.32,0.32,000
568.SI,20120101,0.33,0.33,0.32,0.32,518000
568.SI,20111229,0.32,0.33,0.32,0.33,2370000
568.SI,20111228,0.32,0.32,0.32,0.32,1707000
568.SI,20111227,0.31,0.32,0.31,0.32,785000
568.SI,20111226,0.32,0.32,0.32,0.32,000
568.SI,20111225,0.31,0.32,0.31,0.32,837000
568.SI,20111222,0.32,0.32,0.31,0.31,1918000
568.SI,20111221,0.32,0.32,0.31,0.32,27000
568.SI,20111220,0.32,0.32,0.31,0.31,3458000
568.SI,20111219,0.32,0.32,0.31,0.31,1562000
568.SI,20111218,0.32,0.32,0.31,0.31,801000
568.SI,20111215,0.32,0.32,0.31,0.32,292000
568.SI,20111214,0.32,0.32,0.32,0.32,293000
568.SI,20111213,0.32,0.32,0.32,0.32,963000
568.SI,20111212,0.32,0.32,0.32,0.32,818000
568.SI,20111211,0.32,0.32,0.32,0.32,2086000
568.SI,20111208,0.32,0.32,0.31,0.32,1196000
568.SI,20111207,0.32,0.32,0.31,0.32,358000
568.SI,20111206,0.32,0.32,0.32,0.32,662000
568.SI,20111205,0.32,0.32,0.31,0.32,730000
568.SI,20111204,0.32,0.32,0.32,0.32,538000
568.SI,20111201,0.32,0.32,0.32,0.32,366000
568.SI,20111130,0.32,0.32,0.31,0.32,121000
568.SI,20111129,0.32,0.32,0.31,0.31,309000
568.SI,20111128,0.32,0.32,0.31,0.32,267000
568.SI,20111127,0.32,0.32,0.31,0.31,104000
568.SI,20111124,0.32,0.32,0.32,0.32,117000
568.SI,20111123,0.32,0.32,0.32,0.32,185000
568.SI,20111122,0.32,0.32,0.31,0.32,421000
568.SI,20111121,0.32,0.32,0.32,0.32,325000
568.SI,20111120,0.32,0.33,0.32,0.32,471000
568.SI,20111117,0.32,0.32,0.31,0.32,532000
568.SI,20111116,0.32,0.32,0.31,0.32,1331000
568.SI,20111115,0.32,0.32,0.31,0.32,1384000
568.SI,20111114,0.31,0.31,0.31,0.31,000
568.SI,20111113,0.31,0.31,0.31,0.31,222000
568.SI,20111110,0.31,0.32,0.31,0.31,973000
568.SI,20111109,0.31,0.32,0.31,0.32,644000
568.SI,20111108,0.32,0.32,0.32,0.32,1770000
568.SI,20111107,0.31,0.32,0.31,0.31,979000
568.SI,20111106,0.31,0.31,0.31,0.31,585000
568.SI,20111103,0.32,0.32,0.31,0.31,270000
568.SI,20111102,0.31,0.32,0.31,0.32,1015000
568.SI,20111101,0.32,0.32,0.31,0.32,491000
568.SI,20111031,0.32,0.32,0.31,0.32,1647000
568.SI,20111030,0.32,0.32,0.32,0.32,1224000
568.SI,20111027,0.32,0.32,0.32,0.32,000
568.SI,20111026,0.32,0.32,0.32,0.32,204000
568.SI,20111025,0.32,0.32,0.32,0.32,930000
568.SI,20111024,0.32,0.32,0.32,0.32,468000
568.SI,20111023,0.32,0.32,0.32,0.32,1598000
568.SI,20111020,0.32,0.32,0.32,0.32,347000
568.SI,20111019,0.33,0.33,0.32,0.32,454000
568.SI,20111018,0.33,0.33,0.32,0.33,180000
568.SI,20111017,0.33,0.33,0.32,0.33,601000
568.SI,20111016,0.32,0.33,0.32,0.33,245000
568.SI,20111013,0.32,0.33,0.32,0.33,437000
568.SI,20111012,0.32,0.33,0.32,0.33,515000
568.SI,20111011,0.32,0.33,0.32,0.32,1060000
568.SI,20111010,0.32,0.33,0.32,0.32,953000
568.SI,20111009,0.33,0.33,0.32,0.32,1286000
568.SI,20111006,0.33,0.34,0.33,0.34,1229000
568.SI,20111005,0.34,0.34,0.33,0.33,1675000
568.SI,20111004,0.34,0.34,0.33,0.34,2234000
568.SI,20111003,0.34,0.34,0.34,0.34,5905000
568.SI,20111002,0.33,0.34,0.33,0.34,2134000
568.SI,20110929,0.34,0.34,0.34,0.34,720000
568.SI,20110928,0.33,0.34,0.33,0.34,11249000
568.SI,20110927,0.33,0.33,0.32,0.32,1345000
568.SI,20110926,0.33,0.34,0.33,0.33,1177000
568.SI,20110925,0.33,0.34,0.32,0.34,1918000
568.SI,20110922,0.33,0.34,0.32,0.32,1174000
568.SI,20110921,0.34,0.34,0.32,0.32,1030000
568.SI,20110920,0.34,0.34,0.34,0.34,3570000
568.SI,20110919,0.33,0.34,0.33,0.34,6264000
568.SI,20110918,0.33,0.34,0.32,0.33,3167000
568.SI,20110915,0.33,0.34,0.32,0.33,1856000
568.SI,20110914,0.32,0.33,0.32,0.33,1409000
568.SI,20110913,0.32,0.33,0.32,0.32,1882000
568.SI,20110912,0.32,0.32,0.32,0.32,297000
568.SI,20110911,0.32,0.33,0.32,0.32,961000
568.SI,20110908,0.32,0.33,0.32,0.32,1299000
568.SI,20110907,0.32,0.32,0.31,0.32,1506000
568.SI,20110906,0.33,0.34,0.32,0.32,977000
568.SI,20110905,0.32,0.34,0.32,0.33,1780000
568.SI,20110904,0.33,0.34,0.32,0.33,383000
568.SI,20110901,0.33,0.33,0.32,0.33,800000
568.SI,20110831,0.34,0.34,0.32,0.33,14686000
568.SI,20110830,0.32,0.33,0.32,0.32,1799000
568.SI,20110829,0.32,0.32,0.32,0.32,530000
568.SI,20110828,0.32,0.33,0.31,0.32,3798000
568.SI,20110825,0.31,0.32,0.31,0.31,1682000
568.SI,20110824,0.31,0.32,0.31,0.31,2578000
568.SI,20110823,0.31,0.31,0.31,0.31,560000
568.SI,20110822,0.31,0.31,0.31,0.31,683000
568.SI,20110821,0.31,0.31,0.31,0.31,000
568.SI,20110818,0.31,0.31,0.31,0.31,452000
568.SI,20110817,0.31,0.31,0.31,0.31,490000
568.SI,20110816,0.31,0.31,0.31,0.31,563000
568.SI,20110815,0.31,0.31,0.31,0.31,662000
568.SI,20110814,0.31,0.31,0.31,0.31,400000
568.SI,20110811,0.31,0.31,0.31,0.31,546000
568.SI,20110810,0.31,0.31,0.31,0.31,000
568.SI,20110809,0.31,0.32,0.31,0.31,945000
568.SI,20110808,0.32,0.32,0.31,0.31,2859000
568.SI,20110807,0.31,0.32,0.31,0.32,2678000
568.SI,20110804,0.31,0.31,0.31,0.31,1085000
568.SI,20110803,0.31,0.31,0.31,0.31,1292000
568.SI,20110802,0.31,0.31,0.30,0.31,1223000
568.SI,20110801,0.31,0.31,0.30,0.30,953000
568.SI,20110731,0.31,0.31,0.30,0.31,1241000
568.SI,20110728,0.31,0.31,0.30,0.31,979000
568.SI,20110727,0.31,0.31,0.31,0.31,3366000
568.SI,20110726,0.31,0.31,0.31,0.31,393000
568.SI,20110725,0.31,0.32,0.31,0.31,2587000
568.SI,20110724,0.31,0.32,0.31,0.31,2620000
568.SI,20110721,0.31,0.32,0.31,0.31,11552000
568.SI,20110720,0.30,0.31,0.29,0.30,1267000
568.SI,20110719,0.30,0.31,0.29,0.29,1099000
568.SI,20110718,0.31,0.31,0.30,0.30,1261000
568.SI,20110717,0.31,0.31,0.30,0.31,705000
568.SI,20110714,0.31,0.31,0.31,0.31,1142000
568.SI,20110713,0.31,0.31,0.31,0.31,1015000
568.SI,20110712,0.31,0.31,0.31,0.31,3102000
568.SI,20110711,0.31,0.31,0.31,0.31,2048000
568.SI,20110710,0.31,0.31,0.30,0.31,2016000
568.SI,20110707,0.31,0.31,0.30,0.31,914000
568.SI,20110706,0.31,0.31,0.31,0.31,2140000
568.SI,20110705,0.31,0.31,0.30,0.31,2653000
568.SI,20110704,0.30,0.31,0.30,0.31,4286000
568.SI,20110703,0.29,0.29,0.29,0.29,000
568.SI,20110630,0.28,0.30,0.28,0.29,2019000
568.SI,20110629,0.29,0.29,0.28,0.28,1153000
568.SI,20110628,0.28,0.30,0.28,0.29,2440000
568.SI,20110627,0.28,0.29,0.28,0.28,345000
568.SI,20110626,0.29,0.29,0.28,0.28,476000
568.SI,20110623,0.28,0.29,0.28,0.29,214000
568.SI,20110622,0.28,0.31,0.28,0.29,6490000
568.SI,20110621,0.28,0.29,0.28,0.29,1185000
568.SI,20110620,0.28,0.28,0.28,0.28,732000
568.SI,20110619,0.28,0.28,0.28,0.28,859000
568.SI,20110616,0.28,0.29,0.28,0.28,1851000
568.SI,20110615,0.28,0.28,0.28,0.28,213000
568.SI,20110614,0.28,0.29,0.28,0.28,1432000
568.SI,20110613,0.28,0.28,0.28,0.28,780000
568.SI,20110612,0.28,0.28,0.28,0.28,1928000
568.SI,20110609,0.29,0.29,0.28,0.28,1720000
568.SI,20110608,0.29,0.30,0.29,0.29,1231000
568.SI,20110607,0.29,0.29,0.28,0.29,956000
568.SI,20110606,0.29,0.29,0.28,0.28,805000
568.SI,20110605,0.29,0.29,0.28,0.29,1942000
568.SI,20110602,0.33,0.33,0.30,0.30,9495000
568.SI,20110601,0.28,0.28,0.28,0.28,000
568.SI,20110531,0.28,0.28,0.27,0.28,278000
568.SI,20110530,0.26,0.28,0.26,0.28,1130000
568.SI,20110529,0.26,0.27,0.26,0.27,209000
568.SI,20110526,0.27,0.27,0.26,0.26,278000
568.SI,20110525,0.26,0.27,0.26,0.27,244000
568.SI,20110524,0.26,0.27,0.26,0.27,478000
568.SI,20110523,0.26,0.27,0.26,0.26,973000
568.SI,20110522,0.26,0.26,0.26,0.26,500000
568.SI,20110519,0.26,0.26,0.25,0.25,1064000
568.SI,20110518,0.27,0.27,0.26,0.26,1160000
568.SI,20110517,0.27,0.27,0.26,0.27,938000
568.SI,20110516,0.27,0.28,0.27,0.27,759000
568.SI,20110515,0.28,0.28,0.27,0.27,762000
568.SI,20110512,0.28,0.28,0.27,0.27,1826000
568.SI,20110511,0.28,0.28,0.28,0.28,1271000
568.SI,20110510,0.28,0.28,0.28,0.28,1267000
568.SI,20110509,0.29,0.29,0.29,0.29,420000
568.SI,20110508,0.31,0.31,0.29,0.29,2392000
568.SI,20110505,0.34,0.34,0.33,0.34,5509000
568.SI,20110504,0.32,0.36,0.32,0.34,19180000
568.SI,20110503,0.32,0.32,0.32,0.32,1902000
568.SI,20110502,0.32,0.32,0.32,0.32,000
568.SI,20110501,0.31,0.32,0.31,0.32,554000
568.SI,20110428,0.32,0.32,0.31,0.32,2134000
568.SI,20110427,0.32,0.32,0.31,0.32,2147000
568.SI,20110426,0.31,0.31,0.31,0.31,152000
568.SI,20110425,0.31,0.31,0.31,0.31,566000
568.SI,20110424,0.31,0.31,0.31,0.31,1507000
568.SI,20110421,0.31,0.31,0.31,0.31,2771000
568.SI,20110420,0.31,0.31,0.31,0.31,786000
568.SI,20110419,0.31,0.31,0.31,0.31,667000
568.SI,20110418,0.31,0.31,0.31,0.31,1517000
568.SI,20110417,0.31,0.31,0.31,0.31,631000
568.SI,20110414,0.31,0.31,0.31,0.31,1142000
568.SI,20110413,0.31,0.31,0.31,0.31,2211000
568.SI,20110412,0.31,0.31,0.31,0.31,2317000
568.SI,20110411,0.31,0.31,0.31,0.31,562000
568.SI,20110410,0.31,0.31,0.31,0.31,266000
568.SI,20110407,0.31,0.31,0.31,0.31,000
568.SI,20110406,0.31,0.31,0.31,0.31,287000
568.SI,20110405,0.31,0.31,0.31,0.31,1685000
568.SI,20110404,0.31,0.31,0.31,0.31,1740000
568.SI,20110403,0.31,0.31,0.31,0.31,1999000
568.SI,20110331,0.31,0.31,0.31,0.31,239000
568.SI,20110330,0.31,0.31,0.31,0.31,536000
568.SI,20110329,0.31,0.31,0.31,0.31,265000
568.SI,20110328,0.31,0.32,0.31,0.32,2177000
568.SI,20110327,0.31,0.31,0.31,0.31,2573000
568.SI,20110324,0.30,0.31,0.30,0.31,2661000
568.SI,20110323,0.31,0.31,0.30,0.30,523000
568.SI,20110322,0.31,0.31,0.31,0.31,718000
568.SI,20110321,0.31,0.31,0.30,0.31,635000
568.SI,20110320,0.31,0.31,0.31,0.31,580000
568.SI,20110317,0.31,0.31,0.31,0.31,2784000
568.SI,20110316,0.31,0.31,0.31,0.31,1133000
568.SI,20110315,0.31,0.31,0.31,0.31,1415000
568.SI,20110314,0.31,0.31,0.30,0.31,1276000
568.SI,20110313,0.30,0.31,0.29,0.31,1056000
568.SI,20110310,0.31,0.31,0.30,0.30,995000
568.SI,20110309,0.30,0.31,0.30,0.31,2252000
568.SI,20110308,0.29,0.31,0.29,0.31,1639000
568.SI,20110307,0.31,0.31,0.29,0.29,1210000
568.SI,20110306,0.30,0.31,0.30,0.31,2062000
568.SI,20110303,0.31,0.31,0.30,0.30,2208000
568.SI,20110302,0.31,0.31,0.29,0.30,5159000
568.SI,20110301,0.31,0.32,0.31,0.31,1183000
568.SI,20110228,0.31,0.32,0.31,0.32,2895000
568.SI,20110227,0.32,0.32,0.31,0.31,2751000
568.SI,20110224,0.32,0.32,0.32,0.32,3202000
568.SI,20110223,0.32,0.32,0.31,0.32,6799000
568.SI,20110222,0.34,0.34,0.34,0.34,3297000
568.SI,20110221,0.34,0.34,0.34,0.34,5591000
568.SI,20110220,0.34,0.34,0.34,0.34,2702000
568.SI,20110217,0.34,0.35,0.34,0.34,1851000
568.SI,20110216,0.34,0.35,0.34,0.34,16867000
568.SI,20110215,0.34,0.34,0.34,0.34,7383000
568.SI,20110214,0.34,0.34,0.33,0.34,5276000
568.SI,20110213,0.32,0.34,0.32,0.34,3027000
568.SI,20110210,0.33,0.34,0.32,0.32,4343000
568.SI,20110209,0.34,0.34,0.33,0.34,5302000
568.SI,20110208,0.34,0.35,0.34,0.34,8487000
568.SI,20110207,0.31,0.34,0.31,0.34,29393000
568.SI,20110206,0.31,0.32,0.31,0.31,5071000
568.SI,20110203,0.31,0.31,0.31,0.31,4690000
568.SI,20110202,0.31,0.31,0.31,0.31,6311000
568.SI,20110201,0.31,0.31,0.29,0.31,5195000
568.SI,20110131,0.28,0.32,0.28,0.31,18458000
568.SI,20110130,0.29,0.29,0.28,0.28,3161000
568.SI,20110127,0.28,0.29,0.28,0.29,15263000
568.SI,20110126,0.28,0.28,0.27,0.28,8954000
568.SI,20110125,0.26,0.28,0.26,0.28,6511000
568.SI,20110124,0.26,0.26,0.26,0.26,000
568.SI,20110123,0.26,0.26,0.26,0.26,000
568.SI,20110120,0.26,0.26,0.25,0.26,1339000
568.SI,20110119,0.26,0.26,0.25,0.26,3218000
568.SI,20110118,0.26,0.27,0.25,0.25,3186000
568.SI,20110117,0.25,0.27,0.25,0.26,5682000
568.SI,20110116,0.25,0.26,0.25,0.26,1648000
568.SI,20110113,0.26,0.26,0.25,0.26,2213000
568.SI,20110112,0.25,0.26,0.25,0.25,2217000
568.SI,20110111,0.25,0.26,0.25,0.26,5720000
568.SI,20110110,0.25,0.26,0.25,0.25,2854000
568.SI,20110109,0.25,0.25,0.25,0.25,1037000
568.SI,20110106,0.25,0.25,0.25,0.25,725000
568.SI,20110105,0.25,0.26,0.25,0.25,991000
568.SI,20110104,0.26,0.26,0.25,0.25,1035000
568.SI,20110103,0.25,0.27,0.25,0.26,15151000
568.SI,20110102,0.24,0.24,0.24,0.24,000
