B20.SI,20120604,1.19,1.19,1.17,1.17,7105000
B20.SI,20120603,1.20,1.21,1.18,1.18,1987000
B20.SI,20120531,1.21,1.21,1.19,1.20,2890000
B20.SI,20120530,1.17,1.21,1.17,1.18,9764000
B20.SI,20120529,1.19,1.21,1.14,1.16,9667000
B20.SI,20120528,1.22,1.22,1.18,1.20,7187000
B20.SI,20120527,1.22,1.23,1.21,1.22,1672000
B20.SI,20120524,1.21,1.21,1.21,1.21,000
B20.SI,20120523,1.23,1.24,1.20,1.21,2757000
B20.SI,20120522,1.23,1.25,1.23,1.24,4831000
B20.SI,20120521,1.24,1.24,1.22,1.22,2380000
B20.SI,20120520,1.24,1.24,1.23,1.24,2786000
B20.SI,20120517,1.22,1.23,1.22,1.22,1057000
B20.SI,20120516,1.23,1.23,1.22,1.22,3022000
B20.SI,20120515,1.23,1.25,1.22,1.23,3377000
B20.SI,20120514,1.22,1.23,1.22,1.23,2296000
B20.SI,20120513,1.24,1.25,1.21,1.22,2847000
B20.SI,20120510,1.24,1.24,1.24,1.24,1523000
B20.SI,20120509,1.25,1.26,1.24,1.24,2351000
B20.SI,20120508,1.23,1.25,1.23,1.25,8482000
B20.SI,20120507,1.21,1.23,1.21,1.23,1603000
B20.SI,20120506,1.20,1.21,1.20,1.21,950000
B20.SI,20120503,1.21,1.21,1.19,1.19,1177000
B20.SI,20120502,1.20,1.21,1.18,1.20,4452000
B20.SI,20120501,1.20,1.20,1.20,1.20,000
B20.SI,20120430,1.21,1.21,1.20,1.20,2981000
B20.SI,20120429,1.23,1.23,1.21,1.21,1092000
B20.SI,20120426,1.23,1.23,1.22,1.22,1557000
B20.SI,20120425,1.23,1.23,1.21,1.22,1332000
B20.SI,20120424,1.23,1.23,1.22,1.23,1128000
B20.SI,20120423,1.23,1.24,1.22,1.22,1873000
B20.SI,20120422,1.22,1.24,1.22,1.23,1979000
B20.SI,20120419,1.20,1.22,1.20,1.22,2236000
B20.SI,20120418,1.21,1.21,1.20,1.20,1540000
B20.SI,20120417,1.22,1.22,1.21,1.21,1485000
B20.SI,20120416,1.21,1.22,1.21,1.22,1854000
B20.SI,20120415,1.23,1.24,1.22,1.22,1806000
B20.SI,20120412,1.24,1.25,1.24,1.24,1298000
B20.SI,20120411,1.24,1.25,1.24,1.24,1244000
B20.SI,20120410,1.26,1.26,1.23,1.24,2482000
B20.SI,20120409,1.25,1.26,1.25,1.26,427000
B20.SI,20120408,1.27,1.28,1.25,1.26,2151000
B20.SI,20120405,1.29,1.29,1.27,1.28,3535000
B20.SI,20120404,1.30,1.30,1.27,1.29,1077000
B20.SI,20120403,1.30,1.30,1.29,1.30,2033000
B20.SI,20120402,1.29,1.30,1.29,1.29,3926000
B20.SI,20120401,1.31,1.32,1.30,1.30,1335000
B20.SI,20120329,1.30,1.30,1.30,1.30,000
B20.SI,20120328,1.30,1.30,1.29,1.30,2225000
B20.SI,20120327,1.26,1.32,1.26,1.30,6509000
B20.SI,20120326,1.25,1.26,1.25,1.25,1438000
B20.SI,20120325,1.25,1.25,1.25,1.25,1295000
B20.SI,20120322,1.25,1.25,1.24,1.25,2604000
B20.SI,20120321,1.24,1.26,1.24,1.25,5702000
B20.SI,20120320,1.23,1.25,1.22,1.24,2246000
B20.SI,20120319,1.23,1.24,1.23,1.23,2598000
B20.SI,20120318,1.21,1.23,1.21,1.23,2053000
B20.SI,20120315,1.21,1.24,1.21,1.22,5015000
B20.SI,20120314,1.21,1.21,1.19,1.20,3094000
B20.SI,20120313,1.23,1.23,1.20,1.20,4451000
B20.SI,20120312,1.23,1.24,1.23,1.23,2808000
B20.SI,20120311,1.25,1.25,1.23,1.23,2143000
B20.SI,20120308,1.25,1.25,1.25,1.25,3079000
B20.SI,20120307,1.27,1.27,1.25,1.25,1781000
B20.SI,20120306,1.28,1.28,1.25,1.26,2890000
B20.SI,20120305,1.28,1.29,1.27,1.27,2306000
B20.SI,20120304,1.28,1.29,1.27,1.28,3248000
B20.SI,20120301,1.28,1.30,1.27,1.29,4793000
B20.SI,20120229,1.28,1.29,1.27,1.28,3071000
B20.SI,20120228,1.29,1.30,1.27,1.27,4050000
B20.SI,20120227,1.32,1.32,1.29,1.29,4902000
B20.SI,20120226,1.34,1.34,1.32,1.33,2970000
B20.SI,20120223,1.33,1.34,1.32,1.33,2048000
B20.SI,20120222,1.34,1.35,1.33,1.34,5581000
B20.SI,20120221,1.35,1.35,1.34,1.34,8942000
B20.SI,20120220,1.36,1.36,1.35,1.35,7876000
B20.SI,20120219,1.35,1.37,1.35,1.36,6023000
B20.SI,20120216,1.35,1.35,1.34,1.35,2878000
B20.SI,20120215,1.33,1.35,1.33,1.35,8756000
B20.SI,20120214,1.32,1.34,1.32,1.34,4557000
B20.SI,20120213,1.33,1.33,1.33,1.33,000
B20.SI,20120212,1.33,1.33,1.33,1.33,000
B20.SI,20120209,1.34,1.34,1.30,1.33,12398000
B20.SI,20120208,1.37,1.38,1.37,1.37,3074000
B20.SI,20120207,1.37,1.38,1.37,1.37,5901000
B20.SI,20120206,1.37,1.38,1.36,1.37,5548000
B20.SI,20120205,1.38,1.39,1.38,1.38,5757000
B20.SI,20120202,1.35,1.39,1.35,1.38,10482000
B20.SI,20120201,1.37,1.37,1.35,1.36,6031000
B20.SI,20120131,1.40,1.40,1.37,1.38,12364000
B20.SI,20120130,1.37,1.42,1.36,1.40,37514000
B20.SI,20120129,1.34,1.34,1.32,1.33,9907000
B20.SI,20120126,1.31,1.33,1.28,1.32,28169000
B20.SI,20120125,1.23,1.30,1.23,1.30,21967000
B20.SI,20120124,1.23,1.24,1.23,1.23,3085000
B20.SI,20120123,1.24,1.24,1.23,1.23,2216000
B20.SI,20120122,1.24,1.25,1.24,1.24,5637000
B20.SI,20120119,1.21,1.23,1.21,1.23,9316000
B20.SI,20120118,1.22,1.22,1.20,1.20,4764000
B20.SI,20120117,1.21,1.22,1.18,1.22,7110000
B20.SI,20120116,1.22,1.22,1.20,1.21,4300000
B20.SI,20120115,1.23,1.24,1.22,1.22,7227000
B20.SI,20120112,1.25,1.25,1.24,1.24,3772000
B20.SI,20120111,1.24,1.25,1.24,1.25,8407000
B20.SI,20120110,1.24,1.25,1.24,1.24,3050000
B20.SI,20120109,1.25,1.25,1.24,1.24,3380000
B20.SI,20120108,1.25,1.25,1.25,1.25,5211000
B20.SI,20120105,1.25,1.26,1.25,1.25,5355000
B20.SI,20120104,1.24,1.25,1.23,1.25,8167000
B20.SI,20120103,1.22,1.23,1.22,1.23,2688000
B20.SI,20120102,1.21,1.21,1.21,1.21,000
B20.SI,20120101,1.22,1.22,1.21,1.21,1517000
B20.SI,20111229,1.23,1.23,1.21,1.22,2011000
B20.SI,20111228,1.21,1.23,1.20,1.23,4361000
B20.SI,20111227,1.21,1.22,1.21,1.21,1896000
B20.SI,20111226,1.21,1.21,1.21,1.21,000
B20.SI,20111225,1.20,1.21,1.20,1.21,384000
B20.SI,20111222,1.23,1.23,1.20,1.20,5113000
B20.SI,20111221,1.23,1.23,1.22,1.23,3069000
B20.SI,20111220,1.25,1.25,1.22,1.23,2508000
B20.SI,20111219,1.25,1.26,1.24,1.25,4662000
B20.SI,20111218,1.25,1.25,1.24,1.25,4735000
B20.SI,20111215,1.24,1.25,1.23,1.24,5267000
B20.SI,20111214,1.23,1.24,1.22,1.24,6043000
B20.SI,20111213,1.22,1.23,1.21,1.22,6422000
B20.SI,20111212,1.19,1.21,1.18,1.21,6483000
B20.SI,20111211,1.17,1.19,1.17,1.18,4662000
B20.SI,20111208,1.17,1.18,1.16,1.17,3916000
B20.SI,20111207,1.14,1.17,1.14,1.16,5007000
B20.SI,20111206,1.15,1.15,1.14,1.14,1850000
B20.SI,20111205,1.14,1.14,1.13,1.13,2597000
B20.SI,20111204,1.16,1.17,1.14,1.14,2532000
B20.SI,20111201,1.17,1.18,1.16,1.16,3911000
B20.SI,20111130,1.14,1.17,1.14,1.16,7540000
B20.SI,20111129,1.13,1.15,1.13,1.13,3175000
B20.SI,20111128,1.12,1.15,1.11,1.14,10629000
B20.SI,20111127,1.09,1.12,1.08,1.12,7246000
B20.SI,20111124,1.09,1.09,1.08,1.08,2233000
B20.SI,20111123,1.08,1.09,1.07,1.09,4942000
B20.SI,20111122,1.09,1.09,1.07,1.08,2523000
B20.SI,20111121,1.10,1.10,1.08,1.09,5087000
B20.SI,20111120,1.10,1.11,1.09,1.09,3158000
B20.SI,20111117,1.09,1.10,1.08,1.10,6160000
B20.SI,20111116,1.11,1.11,1.08,1.09,3983000
B20.SI,20111115,1.12,1.12,1.11,1.11,2441000
B20.SI,20111114,1.12,1.12,1.12,1.12,000
B20.SI,20111113,1.10,1.12,1.10,1.12,5061000
B20.SI,20111110,1.12,1.12,1.09,1.10,7002000
B20.SI,20111109,1.12,1.14,1.10,1.12,10728000
B20.SI,20111108,1.13,1.15,1.13,1.14,2676000
B20.SI,20111107,1.15,1.15,1.13,1.13,4162000
B20.SI,20111106,1.12,1.15,1.12,1.15,9205000
B20.SI,20111103,1.09,1.12,1.07,1.12,10506000
B20.SI,20111102,1.09,1.09,1.02,1.07,9238000
B20.SI,20111101,1.11,1.12,1.08,1.09,6502000
B20.SI,20111031,1.12,1.13,1.10,1.11,5170000
B20.SI,20111030,1.15,1.15,1.12,1.12,4310000
B20.SI,20111027,1.14,1.14,1.14,1.14,000
B20.SI,20111026,1.16,1.16,1.14,1.14,4768000
B20.SI,20111025,1.17,1.17,1.16,1.16,2193000
B20.SI,20111024,1.17,1.17,1.16,1.17,2671000
B20.SI,20111023,1.17,1.18,1.17,1.17,1942000
B20.SI,20111020,1.18,1.18,1.16,1.17,5829000
B20.SI,20111019,1.17,1.18,1.17,1.18,3481000
B20.SI,20111018,1.18,1.19,1.17,1.17,3321000
B20.SI,20111017,1.20,1.20,1.18,1.18,1958000
B20.SI,20111016,1.19,1.19,1.18,1.18,1908000
B20.SI,20111013,1.18,1.20,1.18,1.19,2981000
B20.SI,20111012,1.18,1.19,1.18,1.18,1640000
B20.SI,20111011,1.20,1.21,1.19,1.19,4535000
B20.SI,20111010,1.22,1.22,1.21,1.21,4304000
B20.SI,20111009,1.22,1.23,1.21,1.22,4373000
B20.SI,20111006,1.22,1.22,1.21,1.21,3984000
B20.SI,20111005,1.21,1.22,1.21,1.21,2204000
B20.SI,20111004,1.22,1.22,1.21,1.21,2681000
B20.SI,20111003,1.24,1.24,1.22,1.22,8463000
B20.SI,20111002,1.22,1.22,1.20,1.21,2769000
B20.SI,20110929,1.21,1.23,1.20,1.22,6512000
B20.SI,20110928,1.20,1.22,1.20,1.20,7155000
B20.SI,20110927,1.21,1.22,1.20,1.20,3107000
B20.SI,20110926,1.22,1.23,1.21,1.21,4307000
B20.SI,20110925,1.23,1.23,1.22,1.22,3398000
B20.SI,20110922,1.23,1.24,1.23,1.23,2825000
B20.SI,20110921,1.23,1.24,1.23,1.23,5881000
B20.SI,20110920,1.23,1.25,1.23,1.24,5552000
B20.SI,20110919,1.24,1.25,1.23,1.23,5165000
B20.SI,20110918,1.24,1.25,1.24,1.25,11380000
B20.SI,20110915,1.24,1.25,1.24,1.24,8407000
B20.SI,20110914,1.23,1.24,1.22,1.23,3241000
B20.SI,20110913,1.23,1.24,1.22,1.23,4461000
B20.SI,20110912,1.23,1.23,1.22,1.22,4622000
B20.SI,20110911,1.24,1.24,1.23,1.23,2599000
B20.SI,20110908,1.24,1.24,1.23,1.23,5686000
B20.SI,20110907,1.22,1.23,1.22,1.23,2502000
B20.SI,20110906,1.25,1.25,1.22,1.22,4452000
B20.SI,20110905,1.24,1.25,1.24,1.25,7065000
B20.SI,20110904,1.24,1.25,1.23,1.24,3198000
B20.SI,20110901,1.24,1.25,1.23,1.24,1299000
B20.SI,20110831,1.23,1.25,1.23,1.24,3273000
B20.SI,20110830,1.24,1.24,1.23,1.23,3210000
B20.SI,20110829,1.25,1.25,1.24,1.24,1861000
B20.SI,20110828,1.25,1.25,1.24,1.24,2140000
B20.SI,20110825,1.25,1.25,1.23,1.24,2827000
B20.SI,20110824,1.25,1.26,1.25,1.25,3082000
B20.SI,20110823,1.25,1.25,1.24,1.25,6632000
B20.SI,20110822,1.25,1.27,1.25,1.26,4147000
B20.SI,20110821,1.26,1.26,1.26,1.26,000
B20.SI,20110818,1.27,1.27,1.26,1.26,2074000
B20.SI,20110817,1.25,1.28,1.25,1.26,7085000
B20.SI,20110816,1.25,1.25,1.25,1.25,3294000
B20.SI,20110815,1.24,1.26,1.24,1.25,4660000
B20.SI,20110814,1.24,1.25,1.23,1.24,2394000
B20.SI,20110811,1.25,1.25,1.24,1.24,2269000
B20.SI,20110810,1.24,1.24,1.24,1.24,000
B20.SI,20110809,1.26,1.26,1.24,1.24,3696000
B20.SI,20110808,1.27,1.27,1.25,1.25,3100000
B20.SI,20110807,1.26,1.27,1.25,1.26,8140000
B20.SI,20110804,1.25,1.25,1.24,1.25,6199000
B20.SI,20110803,1.25,1.26,1.25,1.25,7555000
B20.SI,20110802,1.23,1.25,1.23,1.25,11272000
B20.SI,20110801,1.24,1.24,1.23,1.23,3140000
B20.SI,20110731,1.24,1.24,1.23,1.24,3764000
B20.SI,20110728,1.25,1.25,1.21,1.23,7581000
B20.SI,20110727,1.23,1.25,1.22,1.23,13882000
B20.SI,20110726,1.20,1.20,1.18,1.20,7224000
B20.SI,20110725,1.20,1.23,1.20,1.20,5524000
B20.SI,20110724,1.24,1.24,1.20,1.20,6175000
B20.SI,20110721,1.24,1.25,1.24,1.25,3594000
B20.SI,20110720,1.26,1.26,1.25,1.25,4631000
B20.SI,20110719,1.26,1.27,1.24,1.25,9932000
B20.SI,20110718,1.26,1.29,1.26,1.26,17751000
B20.SI,20110717,1.21,1.24,1.20,1.24,10372000
B20.SI,20110714,1.22,1.22,1.20,1.20,5749000
B20.SI,20110713,1.21,1.22,1.20,1.21,6346000
B20.SI,20110712,1.21,1.21,1.19,1.20,7279000
B20.SI,20110711,1.21,1.22,1.20,1.21,4876000
B20.SI,20110710,1.22,1.22,1.20,1.21,6955000
B20.SI,20110707,1.23,1.24,1.21,1.23,9102000
B20.SI,20110706,1.20,1.23,1.18,1.23,8697000
B20.SI,20110705,1.20,1.21,1.19,1.20,11395000
B20.SI,20110704,1.15,1.20,1.15,1.18,25133000
B20.SI,20110703,1.14,1.15,1.13,1.15,6648000
B20.SI,20110630,1.13,1.14,1.13,1.13,5484000
B20.SI,20110629,1.16,1.16,1.12,1.12,7060000
B20.SI,20110628,1.14,1.16,1.14,1.15,12650000
B20.SI,20110627,1.13,1.14,1.12,1.14,6139000
B20.SI,20110626,1.13,1.15,1.13,1.13,12513000
B20.SI,20110623,1.10,1.14,1.09,1.13,12873000
B20.SI,20110622,1.13,1.13,1.11,1.11,7498000
B20.SI,20110621,1.13,1.15,1.12,1.12,9429000
B20.SI,20110620,1.13,1.15,1.12,1.13,7771000
B20.SI,20110619,1.15,1.16,1.13,1.13,8940000
B20.SI,20110616,1.13,1.14,1.12,1.13,4168000
B20.SI,20110615,1.16,1.16,1.12,1.12,13565000
B20.SI,20110614,1.17,1.19,1.17,1.17,9192000
B20.SI,20110613,1.16,1.18,1.15,1.17,3574000
B20.SI,20110612,1.18,1.20,1.16,1.18,4880000
B20.SI,20110609,1.18,1.18,1.16,1.17,4409000
B20.SI,20110608,1.21,1.22,1.18,1.18,6727000
B20.SI,20110607,1.18,1.21,1.18,1.20,7145000
B20.SI,20110606,1.19,1.21,1.17,1.17,3509000
B20.SI,20110605,1.17,1.18,1.16,1.16,4429000
B20.SI,20110602,1.23,1.24,1.20,1.21,3876000
B20.SI,20110601,1.27,1.27,1.22,1.23,11601000
B20.SI,20110531,1.31,1.32,1.27,1.28,6515000
B20.SI,20110530,1.25,1.29,1.25,1.28,3169000
B20.SI,20110529,1.32,1.33,1.25,1.27,2725000
B20.SI,20110526,1.32,1.34,1.31,1.32,3769000
B20.SI,20110525,1.28,1.31,1.26,1.31,3878000
B20.SI,20110524,1.28,1.29,1.26,1.27,5645000
B20.SI,20110523,1.27,1.31,1.27,1.30,9386000
B20.SI,20110522,1.20,1.25,1.20,1.25,3634000
B20.SI,20110519,1.20,1.20,1.18,1.20,2108000
B20.SI,20110518,1.22,1.23,1.19,1.21,3909000
B20.SI,20110517,1.24,1.24,1.18,1.22,6655000
B20.SI,20110516,1.13,1.23,1.12,1.23,11111000
B20.SI,20110515,1.21,1.22,1.12,1.12,9819000
B20.SI,20110512,1.23,1.23,1.19,1.20,11340000
B20.SI,20110511,1.23,1.25,1.22,1.24,4101000
B20.SI,20110510,1.23,1.24,1.22,1.23,6664000
B20.SI,20110509,1.28,1.29,1.24,1.25,12656000
B20.SI,20110508,1.29,1.29,1.26,1.28,6876000
B20.SI,20110505,1.35,1.35,1.32,1.32,3436000
B20.SI,20110504,1.36,1.36,1.35,1.35,2333000
B20.SI,20110503,1.34,1.36,1.34,1.35,5767000
B20.SI,20110502,1.34,1.34,1.34,1.34,000
B20.SI,20110501,1.33,1.34,1.31,1.34,3646000
B20.SI,20110428,1.34,1.35,1.28,1.32,19693000
B20.SI,20110427,1.38,1.40,1.35,1.35,12003000
B20.SI,20110426,1.41,1.42,1.38,1.39,4644000
B20.SI,20110425,1.40,1.42,1.39,1.40,2938000
B20.SI,20110424,1.42,1.43,1.40,1.41,4311000
B20.SI,20110421,1.45,1.45,1.41,1.42,6097000
B20.SI,20110420,1.46,1.47,1.44,1.45,3982000
B20.SI,20110419,1.45,1.48,1.43,1.46,23428000
B20.SI,20110418,1.56,1.57,1.43,1.43,27309000
B20.SI,20110417,1.57,1.58,1.57,1.58,4867000
B20.SI,20110414,1.60,1.60,1.54,1.58,7139000
B20.SI,20110413,1.59,1.60,1.57,1.59,5498000
B20.SI,20110412,1.59,1.63,1.58,1.59,8508000
B20.SI,20110411,1.55,1.60,1.55,1.60,6051000
B20.SI,20110410,1.58,1.58,1.54,1.55,3063000
B20.SI,20110407,1.59,1.59,1.59,1.59,000
B20.SI,20110406,1.58,1.60,1.56,1.59,5933000
B20.SI,20110405,1.59,1.60,1.58,1.58,5498000
B20.SI,20110404,1.57,1.61,1.57,1.60,19580000
B20.SI,20110403,1.50,1.55,1.50,1.55,12579000
B20.SI,20110331,1.48,1.51,1.48,1.50,9325000
B20.SI,20110330,1.47,1.50,1.47,1.48,5520000
B20.SI,20110329,1.47,1.49,1.47,1.48,4272000
B20.SI,20110328,1.47,1.49,1.47,1.48,14782000
B20.SI,20110327,1.48,1.48,1.46,1.46,3445000
B20.SI,20110324,1.48,1.48,1.46,1.48,3481000
B20.SI,20110323,1.49,1.50,1.48,1.48,2837000
B20.SI,20110322,1.48,1.50,1.48,1.49,4830000
B20.SI,20110321,1.49,1.50,1.48,1.49,2982000
B20.SI,20110320,1.49,1.51,1.48,1.49,9734000
B20.SI,20110317,1.49,1.50,1.48,1.49,5965000
B20.SI,20110316,1.46,1.49,1.45,1.49,19823000
B20.SI,20110315,1.43,1.45,1.42,1.45,14795000
B20.SI,20110314,1.38,1.42,1.38,1.41,12696000
B20.SI,20110313,1.40,1.40,1.38,1.38,9260000
B20.SI,20110310,1.45,1.45,1.41,1.41,6827000
B20.SI,20110309,1.44,1.47,1.43,1.44,6817000
B20.SI,20110308,1.42,1.45,1.42,1.44,3520000
B20.SI,20110307,1.45,1.46,1.40,1.44,5570000
B20.SI,20110306,1.46,1.46,1.44,1.45,2379000
B20.SI,20110303,1.43,1.46,1.43,1.46,3270000
B20.SI,20110302,1.45,1.46,1.41,1.42,4885000
B20.SI,20110301,1.47,1.48,1.45,1.46,5875000
B20.SI,20110228,1.47,1.47,1.45,1.46,3609000
B20.SI,20110227,1.47,1.49,1.46,1.46,3876000
B20.SI,20110224,1.48,1.49,1.47,1.48,5794000
B20.SI,20110223,1.49,1.50,1.46,1.47,6034000
B20.SI,20110222,1.49,1.51,1.48,1.49,11509000
B20.SI,20110221,1.48,1.50,1.47,1.48,7703000
B20.SI,20110220,1.48,1.49,1.47,1.47,8961000
B20.SI,20110217,1.47,1.47,1.42,1.46,10850000
B20.SI,20110216,1.51,1.51,1.43,1.43,17428000
B20.SI,20110215,1.50,1.52,1.50,1.51,15327000
B20.SI,20110214,1.51,1.52,1.50,1.50,8038000
B20.SI,20110213,1.51,1.52,1.50,1.51,9626000
B20.SI,20110210,1.55,1.55,1.47,1.50,15982000
B20.SI,20110209,1.64,1.65,1.53,1.55,16395000
B20.SI,20110208,1.63,1.65,1.62,1.64,3623000
B20.SI,20110207,1.67,1.67,1.62,1.63,7677000
B20.SI,20110206,1.68,1.70,1.66,1.67,6727000
B20.SI,20110203,1.64,1.68,1.63,1.67,8713000
B20.SI,20110202,1.62,1.64,1.62,1.63,5606000
B20.SI,20110201,1.62,1.63,1.61,1.62,2760000
B20.SI,20110131,1.60,1.64,1.59,1.62,7432000
B20.SI,20110130,1.57,1.59,1.56,1.59,4178000
B20.SI,20110127,1.58,1.59,1.57,1.59,1171000
B20.SI,20110126,1.58,1.60,1.57,1.58,4364000
B20.SI,20110125,1.58,1.60,1.57,1.58,3189000
B20.SI,20110124,1.58,1.58,1.58,1.58,000
B20.SI,20110123,1.58,1.58,1.58,1.58,000
B20.SI,20110120,1.56,1.60,1.55,1.58,5155000
B20.SI,20110119,1.54,1.57,1.54,1.55,5174000
B20.SI,20110118,1.54,1.55,1.53,1.54,2864000
B20.SI,20110117,1.54,1.56,1.54,1.54,2952000
B20.SI,20110116,1.54,1.56,1.52,1.54,3155000
B20.SI,20110113,1.56,1.57,1.55,1.55,2417000
B20.SI,20110112,1.53,1.57,1.53,1.57,4950000
B20.SI,20110111,1.54,1.55,1.53,1.54,3631000
B20.SI,20110110,1.54,1.56,1.53,1.54,4115000
B20.SI,20110109,1.54,1.57,1.52,1.54,8391000
B20.SI,20110106,1.51,1.54,1.51,1.54,5403000
B20.SI,20110105,1.48,1.55,1.48,1.50,13465000
B20.SI,20110104,1.45,1.49,1.43,1.48,5914000
B20.SI,20110103,1.42,1.46,1.42,1.45,4736000
B20.SI,20110102,1.43,1.43,1.43,1.43,000
