AU8U.SI,20120604,1.57,1.61,1.57,1.60,3633000
AU8U.SI,20120603,1.55,1.57,1.50,1.56,1261000
AU8U.SI,20120531,1.57,1.57,1.53,1.57,2202000
AU8U.SI,20120530,1.52,1.56,1.51,1.55,2230000
AU8U.SI,20120529,1.60,1.61,1.50,1.52,3371000
AU8U.SI,20120528,1.62,1.63,1.59,1.60,1960000
AU8U.SI,20120527,1.61,1.65,1.61,1.62,2138000
AU8U.SI,20120524,1.60,1.60,1.60,1.60,000
AU8U.SI,20120523,1.69,1.69,1.57,1.60,4476000
AU8U.SI,20120522,1.71,1.71,1.69,1.69,468000
AU8U.SI,20120521,1.73,1.73,1.69,1.70,909000
AU8U.SI,20120520,1.72,1.73,1.72,1.72,787000
AU8U.SI,20120517,1.72,1.73,1.72,1.73,123000
AU8U.SI,20120516,1.73,1.73,1.72,1.73,618000
AU8U.SI,20120515,1.73,1.73,1.71,1.72,771000
AU8U.SI,20120514,1.73,1.73,1.72,1.72,224000
AU8U.SI,20120513,1.75,1.75,1.72,1.72,823000
AU8U.SI,20120510,1.74,1.75,1.74,1.74,1024000
AU8U.SI,20120509,1.74,1.75,1.73,1.74,1439000
AU8U.SI,20120508,1.72,1.74,1.72,1.74,1189000
AU8U.SI,20120507,1.72,1.72,1.71,1.72,541000
AU8U.SI,20120506,1.73,1.73,1.71,1.72,1170000
AU8U.SI,20120503,1.71,1.73,1.70,1.72,2899000
AU8U.SI,20120502,1.68,1.71,1.68,1.68,1682000
AU8U.SI,20120501,1.68,1.68,1.68,1.68,000
AU8U.SI,20120430,1.70,1.73,1.68,1.68,2881000
AU8U.SI,20120429,1.71,1.71,1.70,1.70,3755000
AU8U.SI,20120426,1.71,1.74,1.70,1.71,2525000
AU8U.SI,20120425,1.74,1.75,1.69,1.70,4810000
AU8U.SI,20120424,1.74,1.76,1.71,1.72,1721000
AU8U.SI,20120423,1.78,1.78,1.73,1.74,1391000
AU8U.SI,20120422,1.76,1.78,1.74,1.76,1441000
AU8U.SI,20120419,1.77,1.78,1.75,1.75,2875000
AU8U.SI,20120418,1.80,1.80,1.75,1.77,1695000
AU8U.SI,20120417,1.80,1.82,1.80,1.80,1977000
AU8U.SI,20120416,1.83,1.83,1.79,1.80,934000
AU8U.SI,20120415,1.84,1.84,1.80,1.84,504000
AU8U.SI,20120412,1.85,1.88,1.82,1.85,422000
AU8U.SI,20120411,1.85,1.87,1.84,1.87,957000
AU8U.SI,20120410,1.79,1.85,1.79,1.85,1573000
AU8U.SI,20120409,1.78,1.83,1.78,1.82,1968000
AU8U.SI,20120408,1.79,1.80,1.77,1.77,1018000
AU8U.SI,20120405,1.82,1.83,1.78,1.79,640000
AU8U.SI,20120404,1.80,1.81,1.79,1.80,586000
AU8U.SI,20120403,1.79,1.80,1.77,1.80,1418000
AU8U.SI,20120402,1.78,1.80,1.78,1.79,1954000
AU8U.SI,20120401,1.76,1.79,1.75,1.78,1452000
AU8U.SI,20120329,1.75,1.75,1.75,1.75,000
AU8U.SI,20120328,1.75,1.75,1.74,1.75,1187000
AU8U.SI,20120327,1.74,1.76,1.72,1.75,1881000
AU8U.SI,20120326,1.74,1.74,1.73,1.74,994000
AU8U.SI,20120325,1.71,1.75,1.71,1.72,940000
AU8U.SI,20120322,1.70,1.74,1.70,1.73,913000
AU8U.SI,20120321,1.69,1.71,1.69,1.70,951000
AU8U.SI,20120320,1.68,1.73,1.68,1.69,4522000
AU8U.SI,20120319,1.71,1.71,1.64,1.69,1377000
AU8U.SI,20120318,1.75,1.75,1.70,1.72,1026000
AU8U.SI,20120315,1.75,1.77,1.74,1.74,1387000
AU8U.SI,20120314,1.75,1.75,1.73,1.74,1350000
AU8U.SI,20120313,1.73,1.75,1.72,1.74,2240000
AU8U.SI,20120312,1.71,1.73,1.70,1.73,2600000
AU8U.SI,20120311,1.75,1.75,1.70,1.71,788000
AU8U.SI,20120308,1.74,1.75,1.73,1.73,486000
AU8U.SI,20120307,1.75,1.77,1.75,1.75,1219000
AU8U.SI,20120306,1.77,1.77,1.75,1.75,960000
AU8U.SI,20120305,1.76,1.79,1.75,1.76,1302000
AU8U.SI,20120304,1.80,1.80,1.74,1.76,1293000
AU8U.SI,20120301,1.81,1.81,1.79,1.80,402000
AU8U.SI,20120229,1.81,1.83,1.79,1.79,1730000
AU8U.SI,20120228,1.80,1.80,1.79,1.80,931000
AU8U.SI,20120227,1.79,1.80,1.78,1.79,349000
AU8U.SI,20120226,1.79,1.82,1.79,1.80,908000
AU8U.SI,20120223,1.80,1.80,1.78,1.78,866000
AU8U.SI,20120222,1.84,1.84,1.78,1.80,1003000
AU8U.SI,20120221,1.84,1.85,1.82,1.84,926000
AU8U.SI,20120220,1.84,1.88,1.83,1.86,893000
AU8U.SI,20120219,1.85,1.88,1.80,1.83,1157000
AU8U.SI,20120216,1.80,1.86,1.80,1.85,937000
AU8U.SI,20120215,1.79,1.80,1.78,1.80,377000
AU8U.SI,20120214,1.79,1.80,1.78,1.78,625000
AU8U.SI,20120213,1.78,1.78,1.78,1.78,000
AU8U.SI,20120212,1.78,1.78,1.78,1.78,000
AU8U.SI,20120209,1.79,1.79,1.77,1.78,593000
AU8U.SI,20120208,1.80,1.80,1.77,1.78,515000
AU8U.SI,20120207,1.77,1.80,1.76,1.80,1546000
AU8U.SI,20120206,1.79,1.79,1.75,1.76,1109000
AU8U.SI,20120205,1.80,1.80,1.77,1.79,1253000
AU8U.SI,20120202,1.75,1.80,1.75,1.79,2139000
AU8U.SI,20120201,1.75,1.75,1.74,1.75,1483000
AU8U.SI,20120131,1.74,1.74,1.73,1.74,889000
AU8U.SI,20120130,1.73,1.74,1.72,1.73,1475000
AU8U.SI,20120129,1.72,1.73,1.71,1.73,914000
AU8U.SI,20120126,1.68,1.72,1.68,1.72,1012000
AU8U.SI,20120125,1.68,1.70,1.67,1.70,839000
AU8U.SI,20120124,1.68,1.70,1.68,1.69,969000
AU8U.SI,20120123,1.68,1.70,1.68,1.68,510000
AU8U.SI,20120122,1.71,1.72,1.68,1.68,958000
AU8U.SI,20120119,1.69,1.73,1.69,1.71,888000
AU8U.SI,20120118,1.66,1.68,1.65,1.68,1492000
AU8U.SI,20120117,1.68,1.68,1.64,1.66,648000
AU8U.SI,20120116,1.68,1.70,1.67,1.68,753000
AU8U.SI,20120115,1.67,1.68,1.66,1.68,903000
AU8U.SI,20120112,1.65,1.67,1.65,1.66,1254000
AU8U.SI,20120111,1.66,1.66,1.63,1.65,1374000
AU8U.SI,20120110,1.65,1.67,1.64,1.65,1558000
AU8U.SI,20120109,1.68,1.68,1.63,1.64,1755000
AU8U.SI,20120108,1.70,1.71,1.66,1.69,1152000
AU8U.SI,20120105,1.74,1.75,1.68,1.70,1236000
AU8U.SI,20120104,1.68,1.75,1.66,1.74,2788000
AU8U.SI,20120103,1.64,1.67,1.63,1.65,1124000
AU8U.SI,20120102,1.64,1.64,1.64,1.64,000
AU8U.SI,20120101,1.64,1.65,1.63,1.64,856000
AU8U.SI,20111229,1.62,1.65,1.62,1.64,595000
AU8U.SI,20111228,1.64,1.66,1.63,1.63,118000
AU8U.SI,20111227,1.64,1.65,1.62,1.65,250000
AU8U.SI,20111226,1.65,1.65,1.65,1.65,000
AU8U.SI,20111225,1.61,1.65,1.61,1.65,195000
AU8U.SI,20111222,1.64,1.65,1.61,1.65,819000
AU8U.SI,20111221,1.62,1.63,1.61,1.62,580000
AU8U.SI,20111220,1.62,1.63,1.61,1.62,1981000
AU8U.SI,20111219,1.60,1.62,1.60,1.60,1268000
AU8U.SI,20111218,1.60,1.60,1.59,1.59,315000
AU8U.SI,20111215,1.60,1.61,1.57,1.59,942000
AU8U.SI,20111214,1.62,1.62,1.59,1.60,393000
AU8U.SI,20111213,1.60,1.62,1.60,1.62,629000
AU8U.SI,20111212,1.60,1.60,1.59,1.60,360000
AU8U.SI,20111211,1.57,1.59,1.57,1.58,736000
AU8U.SI,20111208,1.56,1.57,1.52,1.57,560000
AU8U.SI,20111207,1.58,1.58,1.54,1.54,456000
AU8U.SI,20111206,1.58,1.58,1.56,1.57,313000
AU8U.SI,20111205,1.56,1.58,1.55,1.58,760000
AU8U.SI,20111204,1.54,1.58,1.54,1.56,544000
AU8U.SI,20111201,1.54,1.54,1.53,1.54,264000
AU8U.SI,20111130,1.54,1.54,1.53,1.53,223000
AU8U.SI,20111129,1.54,1.54,1.53,1.54,361000
AU8U.SI,20111128,1.55,1.55,1.53,1.53,122000
AU8U.SI,20111127,1.54,1.55,1.53,1.55,358000
AU8U.SI,20111124,1.54,1.55,1.54,1.54,84000
AU8U.SI,20111123,1.54,1.55,1.53,1.55,1187000
AU8U.SI,20111122,1.50,1.54,1.50,1.54,1109000
AU8U.SI,20111121,1.52,1.53,1.50,1.50,1807000
AU8U.SI,20111120,1.49,1.52,1.49,1.52,1246000
AU8U.SI,20111117,1.52,1.52,1.50,1.50,674000
AU8U.SI,20111116,1.51,1.52,1.50,1.52,830000
AU8U.SI,20111115,1.52,1.52,1.50,1.52,895000
AU8U.SI,20111114,1.53,1.53,1.53,1.53,000
AU8U.SI,20111113,1.53,1.53,1.52,1.53,262000
AU8U.SI,20111110,1.54,1.54,1.52,1.53,499000
AU8U.SI,20111109,1.52,1.54,1.52,1.54,512000
AU8U.SI,20111108,1.54,1.54,1.52,1.53,638000
AU8U.SI,20111107,1.54,1.54,1.53,1.54,646000
AU8U.SI,20111106,1.55,1.55,1.53,1.53,1403000
AU8U.SI,20111103,1.54,1.55,1.53,1.54,1249000
AU8U.SI,20111102,1.56,1.56,1.53,1.53,383000
AU8U.SI,20111101,1.56,1.56,1.54,1.56,984000
AU8U.SI,20111031,1.56,1.56,1.55,1.56,714000
AU8U.SI,20111030,1.60,1.60,1.58,1.59,2467000
AU8U.SI,20111027,1.59,1.59,1.59,1.59,000
AU8U.SI,20111026,1.56,1.59,1.55,1.59,5895000
AU8U.SI,20111025,1.64,1.64,1.63,1.64,210000
AU8U.SI,20111024,1.64,1.64,1.62,1.64,342000
AU8U.SI,20111023,1.63,1.64,1.62,1.63,386000
AU8U.SI,20111020,1.65,1.65,1.63,1.64,846000
AU8U.SI,20111019,1.62,1.65,1.62,1.65,1472000
AU8U.SI,20111018,1.61,1.62,1.60,1.62,749000
AU8U.SI,20111017,1.59,1.62,1.59,1.61,651000
AU8U.SI,20111016,1.52,1.59,1.52,1.57,443000
AU8U.SI,20111013,1.50,1.53,1.50,1.52,430000
AU8U.SI,20111012,1.50,1.52,1.50,1.51,293000
AU8U.SI,20111011,1.50,1.51,1.50,1.51,165000
AU8U.SI,20111010,1.51,1.51,1.50,1.50,712000
AU8U.SI,20111009,1.50,1.51,1.50,1.51,512000
AU8U.SI,20111006,1.49,1.51,1.49,1.50,3103000
AU8U.SI,20111005,1.49,1.50,1.49,1.49,3333000
AU8U.SI,20111004,1.49,1.49,1.48,1.49,1785000
AU8U.SI,20111003,1.48,1.49,1.48,1.49,479000
AU8U.SI,20111002,1.48,1.49,1.48,1.48,1349000
AU8U.SI,20110929,1.47,1.48,1.46,1.47,2147000
AU8U.SI,20110928,1.47,1.47,1.46,1.47,1095000
AU8U.SI,20110927,1.48,1.48,1.47,1.47,173000
AU8U.SI,20110926,1.46,1.48,1.46,1.47,460000
AU8U.SI,20110925,1.47,1.48,1.46,1.46,1877000
AU8U.SI,20110922,1.44,1.49,1.44,1.46,2243000
AU8U.SI,20110921,1.43,1.45,1.43,1.44,938000
AU8U.SI,20110920,1.43,1.45,1.43,1.43,1380000
AU8U.SI,20110919,1.44,1.44,1.43,1.43,471000
AU8U.SI,20110918,1.43,1.45,1.43,1.43,630000
AU8U.SI,20110915,1.45,1.45,1.43,1.43,1047000
AU8U.SI,20110914,1.44,1.45,1.43,1.44,479000
AU8U.SI,20110913,1.44,1.45,1.44,1.44,203000
AU8U.SI,20110912,1.44,1.46,1.42,1.45,829000
AU8U.SI,20110911,1.43,1.44,1.41,1.44,728000
AU8U.SI,20110908,1.45,1.47,1.43,1.43,2445000
AU8U.SI,20110907,1.46,1.47,1.43,1.44,579000
AU8U.SI,20110906,1.47,1.47,1.45,1.45,1059000
AU8U.SI,20110905,1.50,1.50,1.49,1.50,572000
AU8U.SI,20110904,1.49,1.51,1.49,1.51,608000
AU8U.SI,20110901,1.49,1.50,1.48,1.48,354000
AU8U.SI,20110831,1.49,1.49,1.48,1.49,825000
AU8U.SI,20110830,1.50,1.51,1.48,1.48,701000
AU8U.SI,20110829,1.51,1.51,1.48,1.50,147000
AU8U.SI,20110828,1.50,1.51,1.50,1.51,581000
AU8U.SI,20110825,1.50,1.50,1.49,1.50,293000
AU8U.SI,20110824,1.48,1.50,1.48,1.50,898000
AU8U.SI,20110823,1.48,1.48,1.46,1.47,298000
AU8U.SI,20110822,1.47,1.48,1.46,1.48,60000
AU8U.SI,20110821,1.47,1.47,1.47,1.47,000
AU8U.SI,20110818,1.48,1.48,1.47,1.47,90000
AU8U.SI,20110817,1.47,1.47,1.46,1.46,250000
AU8U.SI,20110816,1.49,1.49,1.47,1.47,107000
AU8U.SI,20110815,1.47,1.49,1.46,1.49,208000
AU8U.SI,20110814,1.49,1.49,1.48,1.48,299000
AU8U.SI,20110811,1.50,1.50,1.49,1.50,231000
AU8U.SI,20110810,1.49,1.49,1.49,1.49,000
AU8U.SI,20110809,1.49,1.49,1.48,1.49,930000
AU8U.SI,20110808,1.48,1.48,1.48,1.48,398000
AU8U.SI,20110807,1.46,1.50,1.46,1.48,780000
AU8U.SI,20110804,1.45,1.47,1.45,1.46,592000
AU8U.SI,20110803,1.47,1.47,1.45,1.45,905000
AU8U.SI,20110802,1.42,1.47,1.42,1.47,861000
AU8U.SI,20110801,1.46,1.46,1.42,1.43,90000
AU8U.SI,20110731,1.44,1.46,1.42,1.45,318000
AU8U.SI,20110728,1.43,1.46,1.42,1.45,1101000
AU8U.SI,20110727,1.37,1.48,1.30,1.45,2621000
AU8U.SI,20110726,1.34,1.37,1.34,1.37,606000
AU8U.SI,20110725,1.34,1.34,1.34,1.34,326000
AU8U.SI,20110724,1.36,1.36,1.33,1.33,657000
AU8U.SI,20110721,1.38,1.38,1.33,1.35,489000
AU8U.SI,20110720,1.36,1.38,1.35,1.38,884000
AU8U.SI,20110719,1.35,1.36,1.35,1.35,243000
AU8U.SI,20110718,1.35,1.36,1.35,1.35,290000
AU8U.SI,20110717,1.35,1.35,1.34,1.35,114000
AU8U.SI,20110714,1.35,1.36,1.34,1.34,515000
AU8U.SI,20110713,1.35,1.35,1.34,1.34,325000
AU8U.SI,20110712,1.34,1.34,1.34,1.34,146000
AU8U.SI,20110711,1.33,1.34,1.33,1.34,169000
AU8U.SI,20110710,1.33,1.34,1.33,1.33,210000
AU8U.SI,20110707,1.34,1.34,1.33,1.34,302000
AU8U.SI,20110706,1.33,1.34,1.33,1.34,167000
AU8U.SI,20110705,1.34,1.34,1.33,1.33,243000
AU8U.SI,20110704,1.31,1.34,1.31,1.34,535000
AU8U.SI,20110703,1.32,1.32,1.31,1.32,228000
AU8U.SI,20110630,1.31,1.33,1.31,1.31,254000
AU8U.SI,20110629,1.30,1.32,1.30,1.30,136000
AU8U.SI,20110628,1.29,1.31,1.29,1.30,59000
AU8U.SI,20110627,1.30,1.32,1.29,1.29,130000
AU8U.SI,20110626,1.32,1.32,1.28,1.30,386000
AU8U.SI,20110623,1.31,1.33,1.30,1.33,62000
AU8U.SI,20110622,1.32,1.33,1.30,1.31,31000
AU8U.SI,20110621,1.32,1.33,1.31,1.33,252000
AU8U.SI,20110620,1.32,1.33,1.31,1.32,94000
AU8U.SI,20110619,1.32,1.33,1.32,1.32,167000
AU8U.SI,20110616,1.29,1.34,1.29,1.32,653000
AU8U.SI,20110615,1.28,1.29,1.27,1.29,301000
AU8U.SI,20110614,1.27,1.27,1.26,1.27,79000
AU8U.SI,20110613,1.26,1.26,1.25,1.26,470000
AU8U.SI,20110612,1.27,1.27,1.26,1.26,286000
AU8U.SI,20110609,1.27,1.27,1.25,1.25,583000
AU8U.SI,20110608,1.26,1.27,1.26,1.26,1019000
AU8U.SI,20110607,1.25,1.26,1.24,1.26,2070000
AU8U.SI,20110606,1.24,1.25,1.24,1.25,1729000
AU8U.SI,20110605,1.25,1.25,1.23,1.24,397000
AU8U.SI,20110602,1.25,1.25,1.25,1.25,600000
AU8U.SI,20110601,1.25,1.25,1.25,1.25,1785000
AU8U.SI,20110531,1.25,1.25,1.25,1.25,1531000
AU8U.SI,20110530,1.25,1.25,1.25,1.25,765000
AU8U.SI,20110529,1.25,1.25,1.24,1.25,988000
AU8U.SI,20110526,1.26,1.26,1.25,1.25,308000
AU8U.SI,20110525,1.26,1.26,1.25,1.25,638000
AU8U.SI,20110524,1.28,1.28,1.26,1.26,499000
AU8U.SI,20110523,1.27,1.29,1.27,1.28,378000
AU8U.SI,20110522,1.26,1.28,1.26,1.27,339000
AU8U.SI,20110519,1.27,1.27,1.26,1.27,478000
AU8U.SI,20110518,1.28,1.28,1.27,1.27,150000
AU8U.SI,20110517,1.30,1.30,1.27,1.28,89000
AU8U.SI,20110516,1.32,1.32,1.28,1.31,666000
AU8U.SI,20110515,1.31,1.33,1.31,1.33,87000
AU8U.SI,20110512,1.33,1.33,1.31,1.31,249000
AU8U.SI,20110511,1.34,1.34,1.32,1.33,451000
AU8U.SI,20110510,1.34,1.34,1.33,1.33,842000
AU8U.SI,20110509,1.33,1.35,1.33,1.34,392000
AU8U.SI,20110508,1.33,1.33,1.32,1.33,1000000
AU8U.SI,20110505,1.35,1.35,1.31,1.33,505000
AU8U.SI,20110504,1.32,1.33,1.32,1.33,909000
AU8U.SI,20110503,1.30,1.32,1.30,1.32,997000
AU8U.SI,20110502,1.30,1.30,1.30,1.30,000
AU8U.SI,20110501,1.30,1.30,1.29,1.29,46000
AU8U.SI,20110428,1.30,1.30,1.27,1.30,392000
AU8U.SI,20110427,1.28,1.29,1.28,1.29,188000
AU8U.SI,20110426,1.27,1.28,1.27,1.28,51000
AU8U.SI,20110425,1.28,1.28,1.28,1.28,122000
AU8U.SI,20110424,1.29,1.29,1.29,1.29,110000
AU8U.SI,20110421,1.29,1.29,1.28,1.29,275000
AU8U.SI,20110420,1.29,1.29,1.28,1.29,314000
AU8U.SI,20110419,1.29,1.29,1.28,1.29,820000
AU8U.SI,20110418,1.27,1.29,1.27,1.29,813000
AU8U.SI,20110417,1.26,1.27,1.26,1.26,148000
AU8U.SI,20110414,1.26,1.27,1.26,1.26,325000
AU8U.SI,20110413,1.24,1.26,1.24,1.25,182000
AU8U.SI,20110412,1.24,1.25,1.24,1.24,270000
AU8U.SI,20110411,1.23,1.25,1.23,1.24,448000
AU8U.SI,20110410,1.23,1.24,1.23,1.24,67000
AU8U.SI,20110407,1.23,1.23,1.23,1.23,000
AU8U.SI,20110406,1.24,1.24,1.23,1.23,73000
AU8U.SI,20110405,1.24,1.25,1.23,1.25,611000
AU8U.SI,20110404,1.24,1.24,1.23,1.24,295000
AU8U.SI,20110403,1.24,1.24,1.23,1.24,149000
AU8U.SI,20110331,1.22,1.24,1.22,1.24,442000
AU8U.SI,20110330,1.23,1.23,1.22,1.22,238000
AU8U.SI,20110329,1.23,1.23,1.23,1.23,11000
AU8U.SI,20110328,1.23,1.23,1.23,1.23,440000
AU8U.SI,20110327,1.24,1.24,1.23,1.23,98000
AU8U.SI,20110324,1.24,1.24,1.23,1.24,853000
AU8U.SI,20110323,1.24,1.24,1.23,1.23,54000
AU8U.SI,20110322,1.23,1.24,1.23,1.24,211000
AU8U.SI,20110321,1.23,1.25,1.23,1.24,460000
AU8U.SI,20110320,1.22,1.23,1.22,1.23,80000
AU8U.SI,20110317,1.23,1.23,1.22,1.22,649000
AU8U.SI,20110316,1.22,1.23,1.22,1.22,41000
AU8U.SI,20110315,1.24,1.24,1.22,1.23,459000
AU8U.SI,20110314,1.23,1.24,1.22,1.24,825000
AU8U.SI,20110313,1.21,1.21,1.21,1.21,91000
AU8U.SI,20110310,1.21,1.23,1.21,1.21,254000
AU8U.SI,20110309,1.21,1.21,1.21,1.21,785000
AU8U.SI,20110308,1.21,1.22,1.20,1.21,1349000
AU8U.SI,20110307,1.26,1.26,1.24,1.25,1024000
AU8U.SI,20110306,1.26,1.27,1.25,1.26,1292000
AU8U.SI,20110303,1.26,1.27,1.26,1.26,1132000
AU8U.SI,20110302,1.26,1.27,1.26,1.26,244000
AU8U.SI,20110301,1.25,1.26,1.25,1.25,257000
AU8U.SI,20110228,1.25,1.26,1.25,1.25,552000
AU8U.SI,20110227,1.27,1.28,1.25,1.25,323000
AU8U.SI,20110224,1.28,1.28,1.27,1.27,83000
AU8U.SI,20110223,1.28,1.28,1.26,1.28,306000
AU8U.SI,20110222,1.27,1.28,1.27,1.28,57000
AU8U.SI,20110221,1.28,1.28,1.27,1.27,203000
AU8U.SI,20110220,1.28,1.28,1.27,1.28,817000
AU8U.SI,20110217,1.28,1.28,1.27,1.27,155000
AU8U.SI,20110216,1.28,1.28,1.27,1.27,270000
AU8U.SI,20110215,1.27,1.28,1.27,1.28,546000
AU8U.SI,20110214,1.27,1.28,1.26,1.28,1235000
AU8U.SI,20110213,1.27,1.27,1.27,1.27,669000
AU8U.SI,20110210,1.27,1.27,1.26,1.27,309000
AU8U.SI,20110209,1.26,1.27,1.25,1.27,568000
AU8U.SI,20110208,1.25,1.26,1.25,1.25,218000
AU8U.SI,20110207,1.25,1.25,1.25,1.25,242000
AU8U.SI,20110206,1.24,1.25,1.24,1.25,1109000
AU8U.SI,20110203,1.23,1.24,1.23,1.24,134000
AU8U.SI,20110202,1.23,1.24,1.22,1.23,257000
AU8U.SI,20110201,1.22,1.23,1.21,1.22,330000
AU8U.SI,20110131,1.23,1.24,1.22,1.23,871000
AU8U.SI,20110130,1.18,1.24,1.18,1.24,1311000
AU8U.SI,20110127,1.14,1.19,1.14,1.18,1429000
AU8U.SI,20110126,1.14,1.14,1.14,1.14,873000
AU8U.SI,20110125,1.14,1.14,1.13,1.14,762000
AU8U.SI,20110124,1.14,1.14,1.14,1.14,000
AU8U.SI,20110123,1.14,1.14,1.14,1.14,000
AU8U.SI,20110120,1.14,1.14,1.13,1.14,596000
AU8U.SI,20110119,1.14,1.14,1.13,1.13,622000
AU8U.SI,20110118,1.14,1.15,1.13,1.13,503000
AU8U.SI,20110117,1.15,1.15,1.14,1.15,280000
AU8U.SI,20110116,1.15,1.15,1.14,1.15,692000
AU8U.SI,20110113,1.14,1.16,1.14,1.15,457000
AU8U.SI,20110112,1.14,1.15,1.14,1.14,207000
AU8U.SI,20110111,1.14,1.15,1.13,1.15,451000
AU8U.SI,20110110,1.14,1.16,1.14,1.14,608000
AU8U.SI,20110109,1.13,1.16,1.13,1.16,106000
AU8U.SI,20110106,1.14,1.14,1.13,1.13,144000
AU8U.SI,20110105,1.13,1.14,1.13,1.14,2639000
AU8U.SI,20110104,1.14,1.14,1.13,1.14,154000
AU8U.SI,20110103,1.15,1.15,1.14,1.14,114000
AU8U.SI,20110102,1.15,1.15,1.15,1.15,000
