JS8.SI,20120604,1.94,1.96,1.94,1.95,3957000
JS8.SI,20120603,1.90,1.96,1.90,1.94,7555000
JS8.SI,20120531,1.93,1.95,1.91,1.92,13303000
JS8.SI,20120530,1.97,1.98,1.90,1.95,13127000
JS8.SI,20120529,2.00,2.02,1.97,1.98,7025000
JS8.SI,20120528,2.00,2.01,1.99,2.01,5621000
JS8.SI,20120527,2.01,2.04,2.00,2.00,4476000
JS8.SI,20120524,2.02,2.02,2.02,2.02,000
JS8.SI,20120523,2.04,2.05,2.00,2.02,7981000
JS8.SI,20120522,2.04,2.06,2.03,2.04,3379000
JS8.SI,20120521,2.07,2.07,2.03,2.03,3534000
JS8.SI,20120520,2.03,2.09,2.03,2.06,10577000
JS8.SI,20120517,2.03,2.03,2.00,2.03,3082000
JS8.SI,20120516,2.02,2.05,1.99,2.03,9661000
JS8.SI,20120515,2.04,2.05,2.02,2.02,4043000
JS8.SI,20120514,2.04,2.04,2.02,2.04,3417000
JS8.SI,20120513,2.04,2.04,2.01,2.03,4673000
JS8.SI,20120510,2.02,2.03,2.01,2.02,14058000
JS8.SI,20120509,2.04,2.06,2.01,2.01,9845000
JS8.SI,20120508,2.01,2.05,2.00,2.03,12166000
JS8.SI,20120507,2.07,2.08,2.02,2.03,6883000
JS8.SI,20120506,2.09,2.10,2.07,2.07,6335000
JS8.SI,20120503,2.09,2.09,2.04,2.06,5038000
JS8.SI,20120502,2.09,2.10,2.05,2.10,3412000
JS8.SI,20120501,2.10,2.10,2.10,2.10,000
JS8.SI,20120430,2.13,2.15,2.10,2.10,8851000
JS8.SI,20120429,2.10,2.13,2.09,2.12,10108000
JS8.SI,20120426,2.07,2.10,2.06,2.07,13211000
JS8.SI,20120425,1.98,2.05,1.97,2.04,18118000
JS8.SI,20120424,1.95,1.98,1.94,1.97,7731000
JS8.SI,20120423,1.98,1.98,1.95,1.95,9228000
JS8.SI,20120422,1.99,1.99,1.95,1.98,8211000
JS8.SI,20120419,1.98,1.99,1.97,1.98,5867000
JS8.SI,20120418,1.95,1.99,1.95,1.98,5388000
JS8.SI,20120417,2.01,2.02,1.93,1.95,11231000
JS8.SI,20120416,2.00,2.03,1.99,2.00,6308000
JS8.SI,20120415,2.02,2.04,2.00,2.01,2129000
JS8.SI,20120412,2.00,2.04,2.00,2.02,6476000
JS8.SI,20120411,2.00,2.00,1.99,2.00,4391000
JS8.SI,20120410,1.99,2.01,1.98,1.99,6649000
JS8.SI,20120409,1.96,2.00,1.96,1.97,9279000
JS8.SI,20120408,1.99,1.99,1.95,1.96,13469000
JS8.SI,20120405,2.02,2.03,1.99,2.00,10389000
JS8.SI,20120404,2.03,2.04,2.00,2.00,5613000
JS8.SI,20120403,2.04,2.06,2.02,2.05,6711000
JS8.SI,20120402,2.06,2.06,2.03,2.05,4498000
JS8.SI,20120401,2.05,2.07,2.04,2.06,3699000
JS8.SI,20120329,2.05,2.05,2.05,2.05,000
JS8.SI,20120328,2.10,2.11,2.05,2.05,11398000
JS8.SI,20120327,2.10,2.11,2.08,2.09,5456000
JS8.SI,20120326,2.09,2.11,2.08,2.09,3857000
JS8.SI,20120325,2.09,2.14,2.09,2.10,5674000
JS8.SI,20120322,2.09,2.12,2.08,2.09,4984000
JS8.SI,20120321,2.08,2.11,2.07,2.10,4788000
JS8.SI,20120320,2.06,2.11,2.05,2.09,6697000
JS8.SI,20120319,2.05,2.10,2.04,2.08,8064000
JS8.SI,20120318,2.04,2.06,2.02,2.03,7609000
JS8.SI,20120315,2.06,2.10,2.05,2.05,16057000
JS8.SI,20120314,2.03,2.08,2.01,2.07,10054000
JS8.SI,20120313,2.04,2.04,2.00,2.04,5945000
JS8.SI,20120312,2.02,2.05,2.01,2.04,5692000
JS8.SI,20120311,2.01,2.02,2.00,2.01,4597000
JS8.SI,20120308,2.00,2.00,1.97,2.00,11466000
JS8.SI,20120307,2.04,2.05,2.00,2.01,9356000
JS8.SI,20120306,2.02,2.05,2.00,2.04,11257000
JS8.SI,20120305,2.02,2.03,2.00,2.02,7742000
JS8.SI,20120304,2.05,2.06,2.02,2.03,4943000
JS8.SI,20120301,2.08,2.09,2.07,2.07,1900000
JS8.SI,20120229,2.09,2.11,2.07,2.08,7681000
JS8.SI,20120228,2.04,2.09,2.03,2.06,7696000
JS8.SI,20120227,2.07,2.08,2.03,2.04,9931000
JS8.SI,20120226,2.09,2.10,2.06,2.09,5303000
JS8.SI,20120223,2.10,2.10,2.07,2.09,2341000
JS8.SI,20120222,2.10,2.10,2.07,2.10,5012000
JS8.SI,20120221,2.12,2.12,2.08,2.11,8729000
JS8.SI,20120220,2.11,2.14,2.08,2.10,10172000
JS8.SI,20120219,2.12,2.13,2.09,2.11,7355000
JS8.SI,20120216,2.14,2.14,2.11,2.12,5400000
JS8.SI,20120215,2.15,2.16,2.12,2.13,6480000
JS8.SI,20120214,2.10,2.15,2.08,2.15,9119000
JS8.SI,20120213,2.10,2.10,2.10,2.10,000
JS8.SI,20120212,2.10,2.10,2.10,2.10,000
JS8.SI,20120209,2.09,2.13,2.07,2.10,10416000
JS8.SI,20120208,2.16,2.16,2.06,2.08,20671000
JS8.SI,20120207,2.21,2.22,2.15,2.17,8982000
JS8.SI,20120206,2.19,2.20,2.16,2.20,6288000
JS8.SI,20120205,2.25,2.26,2.19,2.20,6699000
JS8.SI,20120202,2.18,2.25,2.18,2.24,12450000
JS8.SI,20120201,2.17,2.20,2.16,2.16,8712000
JS8.SI,20120131,2.16,2.17,2.15,2.16,4187000
JS8.SI,20120130,2.17,2.17,2.15,2.15,4395000
JS8.SI,20120129,2.14,2.18,2.14,2.15,8145000
JS8.SI,20120126,2.14,2.15,2.11,2.14,7763000
JS8.SI,20120125,2.15,2.15,2.12,2.14,9740000
JS8.SI,20120124,2.20,2.20,2.14,2.16,6593000
JS8.SI,20120123,2.21,2.22,2.15,2.19,6499000
JS8.SI,20120122,2.19,2.23,2.17,2.22,4384000
JS8.SI,20120119,2.20,2.21,2.18,2.18,3528000
JS8.SI,20120118,2.18,2.24,2.17,2.18,13551000
JS8.SI,20120117,2.15,2.19,2.14,2.17,7141000
JS8.SI,20120116,2.17,2.18,2.12,2.15,6191000
JS8.SI,20120115,2.13,2.20,2.07,2.19,11364000
JS8.SI,20120112,2.17,2.18,2.12,2.14,7045000
JS8.SI,20120111,2.18,2.18,2.15,2.16,7177000
JS8.SI,20120110,2.11,2.16,2.10,2.16,10856000
JS8.SI,20120109,2.09,2.11,2.05,2.11,4639000
JS8.SI,20120108,2.11,2.12,2.04,2.08,10671000
JS8.SI,20120105,2.07,2.12,2.06,2.11,12628000
JS8.SI,20120104,2.01,2.08,2.00,2.06,13272000
JS8.SI,20120103,1.96,2.01,1.95,1.99,5991000
JS8.SI,20120102,1.94,1.94,1.94,1.94,000
JS8.SI,20120101,1.93,1.96,1.93,1.94,3462000
JS8.SI,20111229,1.95,1.97,1.94,1.95,3196000
JS8.SI,20111228,1.94,1.95,1.93,1.94,2321000
JS8.SI,20111227,1.95,1.95,1.93,1.94,1975000
JS8.SI,20111226,1.94,1.94,1.94,1.94,000
JS8.SI,20111225,1.92,1.95,1.92,1.94,3727000
JS8.SI,20111222,1.97,1.97,1.91,1.92,4408000
JS8.SI,20111221,1.97,1.97,1.95,1.96,4708000
JS8.SI,20111220,1.98,1.98,1.96,1.96,3689000
JS8.SI,20111219,2.01,2.02,1.97,1.97,3966000
JS8.SI,20111218,2.01,2.03,1.99,2.00,3727000
JS8.SI,20111215,2.00,2.02,1.99,2.00,5632000
JS8.SI,20111214,1.98,2.01,1.97,2.00,6645000
JS8.SI,20111213,2.00,2.00,1.96,1.97,6990000
JS8.SI,20111212,2.01,2.01,1.97,1.98,2934000
JS8.SI,20111211,1.98,2.01,1.98,1.99,12777000
JS8.SI,20111208,1.97,1.98,1.96,1.96,6956000
JS8.SI,20111207,1.93,1.96,1.91,1.96,5984000
JS8.SI,20111206,1.96,1.96,1.93,1.94,3387000
JS8.SI,20111205,1.94,1.97,1.93,1.96,11012000
JS8.SI,20111204,1.92,1.97,1.92,1.94,12048000
JS8.SI,20111201,1.92,1.93,1.89,1.92,12168000
JS8.SI,20111130,1.90,1.93,1.89,1.92,7084000
JS8.SI,20111129,1.90,1.90,1.88,1.89,4096000
JS8.SI,20111128,1.91,1.91,1.86,1.91,6314000
JS8.SI,20111127,1.89,1.92,1.88,1.91,8432000
JS8.SI,20111124,1.86,1.88,1.85,1.88,6731000
JS8.SI,20111123,1.82,1.86,1.79,1.86,10996000
JS8.SI,20111122,1.78,1.81,1.77,1.79,4862000
JS8.SI,20111121,1.77,1.78,1.76,1.77,4603000
JS8.SI,20111120,1.77,1.77,1.75,1.76,3582000
JS8.SI,20111117,1.75,1.77,1.74,1.75,11740000
JS8.SI,20111116,1.79,1.80,1.76,1.76,6378000
JS8.SI,20111115,1.86,1.87,1.80,1.82,5620000
JS8.SI,20111114,1.86,1.86,1.86,1.86,000
JS8.SI,20111113,1.87,1.88,1.86,1.86,1303000
JS8.SI,20111110,1.88,1.89,1.87,1.89,5780000
JS8.SI,20111109,1.88,1.89,1.87,1.89,7045000
JS8.SI,20111108,1.88,1.91,1.86,1.91,6250000
JS8.SI,20111107,1.85,1.89,1.84,1.89,6422000
JS8.SI,20111106,1.86,1.86,1.84,1.85,1970000
JS8.SI,20111103,1.84,1.89,1.84,1.87,8829000
JS8.SI,20111102,1.84,1.85,1.80,1.83,12207000
JS8.SI,20111101,1.79,1.85,1.77,1.85,10890000
JS8.SI,20111031,1.82,1.82,1.78,1.79,5623000
JS8.SI,20111030,1.81,1.82,1.79,1.80,5432000
JS8.SI,20111027,1.80,1.80,1.80,1.80,000
JS8.SI,20111026,1.78,1.83,1.77,1.80,17510000
JS8.SI,20111025,1.78,1.80,1.76,1.77,8238000
JS8.SI,20111024,1.79,1.84,1.79,1.80,10831000
JS8.SI,20111023,1.77,1.82,1.76,1.79,5237000
JS8.SI,20111020,1.77,1.82,1.76,1.78,10683000
JS8.SI,20111019,1.76,1.79,1.75,1.76,5234000
JS8.SI,20111018,1.79,1.79,1.74,1.75,9539000
JS8.SI,20111017,1.71,1.80,1.70,1.78,15552000
JS8.SI,20111016,1.67,1.70,1.65,1.70,4187000
JS8.SI,20111013,1.67,1.68,1.66,1.67,1996000
JS8.SI,20111012,1.66,1.67,1.66,1.67,2947000
JS8.SI,20111011,1.65,1.68,1.64,1.67,7249000
JS8.SI,20111010,1.66,1.67,1.65,1.67,4868000
JS8.SI,20111009,1.66,1.66,1.64,1.65,1176000
JS8.SI,20111006,1.67,1.67,1.65,1.65,4041000
JS8.SI,20111005,1.66,1.67,1.65,1.66,4806000
JS8.SI,20111004,1.65,1.66,1.64,1.65,2885000
JS8.SI,20111003,1.64,1.66,1.64,1.65,3128000
JS8.SI,20111002,1.65,1.65,1.63,1.64,2216000
JS8.SI,20110929,1.67,1.67,1.65,1.65,4734000
JS8.SI,20110928,1.65,1.68,1.63,1.66,8014000
JS8.SI,20110927,1.63,1.65,1.62,1.65,4739000
JS8.SI,20110926,1.64,1.64,1.62,1.63,8141000
JS8.SI,20110925,1.65,1.65,1.64,1.64,6102000
JS8.SI,20110922,1.64,1.65,1.63,1.65,7409000
JS8.SI,20110921,1.64,1.64,1.63,1.63,3960000
JS8.SI,20110920,1.65,1.66,1.63,1.64,5118000
JS8.SI,20110919,1.64,1.65,1.63,1.63,3379000
JS8.SI,20110918,1.65,1.66,1.64,1.65,5863000
JS8.SI,20110915,1.65,1.65,1.64,1.65,13240000
JS8.SI,20110914,1.62,1.63,1.62,1.63,5639000
JS8.SI,20110913,1.62,1.64,1.61,1.63,5827000
JS8.SI,20110912,1.61,1.62,1.61,1.61,2794000
JS8.SI,20110911,1.62,1.63,1.61,1.61,3615000
JS8.SI,20110908,1.63,1.64,1.63,1.63,6644000
JS8.SI,20110907,1.62,1.62,1.61,1.62,2914000
JS8.SI,20110906,1.63,1.64,1.61,1.62,5984000
JS8.SI,20110905,1.65,1.65,1.63,1.63,3061000
JS8.SI,20110904,1.64,1.65,1.64,1.65,6789000
JS8.SI,20110901,1.64,1.65,1.63,1.65,8779000
JS8.SI,20110831,1.63,1.64,1.62,1.63,4226000
JS8.SI,20110830,1.64,1.65,1.63,1.63,5903000
JS8.SI,20110829,1.64,1.65,1.63,1.65,3912000
JS8.SI,20110828,1.66,1.66,1.64,1.64,3246000
JS8.SI,20110825,1.63,1.65,1.63,1.65,3590000
JS8.SI,20110824,1.64,1.66,1.64,1.65,5864000
JS8.SI,20110823,1.64,1.64,1.62,1.64,3892000
JS8.SI,20110822,1.65,1.66,1.65,1.65,3519000
JS8.SI,20110821,1.64,1.64,1.64,1.64,000
JS8.SI,20110818,1.66,1.67,1.64,1.64,5379000
JS8.SI,20110817,1.67,1.67,1.65,1.65,2790000
JS8.SI,20110816,1.70,1.70,1.66,1.67,5743000
JS8.SI,20110815,1.68,1.70,1.67,1.70,5820000
JS8.SI,20110814,1.68,1.69,1.65,1.68,2778000
JS8.SI,20110811,1.68,1.69,1.67,1.69,3539000
JS8.SI,20110810,1.68,1.68,1.68,1.68,000
JS8.SI,20110809,1.70,1.70,1.66,1.68,4686000
JS8.SI,20110808,1.70,1.71,1.68,1.68,7540000
JS8.SI,20110807,1.69,1.70,1.68,1.70,6560000
JS8.SI,20110804,1.63,1.67,1.62,1.67,7713000
JS8.SI,20110803,1.65,1.67,1.63,1.65,3931000
JS8.SI,20110802,1.62,1.66,1.62,1.64,9976000
JS8.SI,20110801,1.61,1.63,1.61,1.63,8846000
JS8.SI,20110731,1.62,1.63,1.62,1.62,6720000
JS8.SI,20110728,1.63,1.64,1.60,1.62,7664000
JS8.SI,20110727,1.59,1.63,1.58,1.61,9344000
JS8.SI,20110726,1.57,1.58,1.57,1.58,3205000
JS8.SI,20110725,1.56,1.58,1.56,1.58,3888000
JS8.SI,20110724,1.58,1.59,1.55,1.55,8130000
JS8.SI,20110721,1.60,1.61,1.57,1.58,8547000
JS8.SI,20110720,1.64,1.64,1.61,1.62,7499000
JS8.SI,20110719,1.62,1.63,1.62,1.63,6400000
JS8.SI,20110718,1.61,1.64,1.61,1.62,8202000
JS8.SI,20110717,1.62,1.63,1.60,1.61,4660000
JS8.SI,20110714,1.63,1.63,1.61,1.62,3114000
JS8.SI,20110713,1.64,1.64,1.62,1.63,2987000
JS8.SI,20110712,1.61,1.64,1.60,1.64,7553000
JS8.SI,20110711,1.60,1.62,1.60,1.62,3066000
JS8.SI,20110710,1.60,1.62,1.59,1.60,6085000
JS8.SI,20110707,1.62,1.63,1.60,1.62,5394000
JS8.SI,20110706,1.60,1.62,1.60,1.62,12672000
JS8.SI,20110705,1.60,1.62,1.59,1.59,6718000
JS8.SI,20110704,1.59,1.62,1.59,1.61,9482000
JS8.SI,20110703,1.58,1.59,1.57,1.58,1999000
JS8.SI,20110630,1.57,1.57,1.55,1.57,5955000
JS8.SI,20110629,1.55,1.57,1.54,1.54,4299000
JS8.SI,20110628,1.50,1.55,1.49,1.55,5803000
JS8.SI,20110627,1.47,1.50,1.47,1.49,2359000
JS8.SI,20110626,1.50,1.50,1.47,1.48,1747000
JS8.SI,20110623,1.49,1.49,1.46,1.49,4095000
JS8.SI,20110622,1.51,1.51,1.50,1.51,2397000
JS8.SI,20110621,1.50,1.53,1.49,1.52,9912000
JS8.SI,20110620,1.48,1.50,1.48,1.50,1098000
JS8.SI,20110619,1.48,1.50,1.47,1.48,5208000
JS8.SI,20110616,1.43,1.48,1.43,1.46,5707000
JS8.SI,20110615,1.43,1.45,1.41,1.42,3447000
JS8.SI,20110614,1.44,1.45,1.42,1.44,3476000
JS8.SI,20110613,1.40,1.45,1.40,1.44,2935000
JS8.SI,20110612,1.43,1.45,1.41,1.42,3321000
JS8.SI,20110609,1.42,1.43,1.41,1.41,2687000
JS8.SI,20110608,1.43,1.43,1.40,1.41,3626000
JS8.SI,20110607,1.38,1.44,1.38,1.42,5192000
JS8.SI,20110606,1.38,1.40,1.38,1.38,2269000
JS8.SI,20110605,1.37,1.38,1.36,1.37,1969000
JS8.SI,20110602,1.40,1.41,1.38,1.38,2656000
JS8.SI,20110601,1.36,1.41,1.36,1.41,6205000
JS8.SI,20110531,1.40,1.41,1.37,1.38,6760000
JS8.SI,20110530,1.43,1.43,1.41,1.42,8437000
JS8.SI,20110529,1.42,1.45,1.41,1.44,7196000
JS8.SI,20110526,1.40,1.43,1.38,1.42,6291000
JS8.SI,20110525,1.37,1.40,1.37,1.38,6958000
JS8.SI,20110524,1.38,1.38,1.37,1.37,5220000
JS8.SI,20110523,1.39,1.41,1.38,1.39,5650000
JS8.SI,20110522,1.38,1.38,1.36,1.38,2823000
JS8.SI,20110519,1.34,1.38,1.32,1.37,8376000
JS8.SI,20110518,1.36,1.39,1.35,1.37,8287000
JS8.SI,20110517,1.39,1.40,1.34,1.35,16128000
JS8.SI,20110516,1.42,1.43,1.40,1.42,6359000
JS8.SI,20110515,1.42,1.47,1.40,1.43,11046000
JS8.SI,20110512,1.41,1.41,1.39,1.40,16134000
JS8.SI,20110511,1.41,1.43,1.40,1.41,16449000
JS8.SI,20110510,1.42,1.43,1.40,1.41,13136000
JS8.SI,20110509,1.44,1.45,1.41,1.43,12920000
JS8.SI,20110508,1.46,1.47,1.43,1.43,10210000
JS8.SI,20110505,1.49,1.50,1.47,1.48,4585000
JS8.SI,20110504,1.52,1.52,1.49,1.50,4518000
JS8.SI,20110503,1.54,1.54,1.50,1.51,7712000
JS8.SI,20110502,1.54,1.54,1.54,1.54,000
JS8.SI,20110501,1.52,1.55,1.52,1.54,5531000
JS8.SI,20110428,1.57,1.57,1.53,1.53,5603000
JS8.SI,20110427,1.58,1.59,1.55,1.55,4011000
JS8.SI,20110426,1.57,1.57,1.55,1.57,2547000
JS8.SI,20110425,1.54,1.58,1.54,1.57,3139000
JS8.SI,20110424,1.58,1.59,1.54,1.54,3598000
JS8.SI,20110421,1.59,1.59,1.58,1.59,3850000
JS8.SI,20110420,1.58,1.60,1.58,1.59,2982000
JS8.SI,20110419,1.59,1.59,1.58,1.58,3586000
JS8.SI,20110418,1.58,1.58,1.55,1.56,3817000
JS8.SI,20110417,1.57,1.58,1.56,1.57,12495000
JS8.SI,20110414,1.60,1.61,1.58,1.58,16580000
JS8.SI,20110413,1.55,1.58,1.55,1.58,5270000
JS8.SI,20110412,1.57,1.57,1.54,1.54,6636000
JS8.SI,20110411,1.58,1.58,1.57,1.58,4720000
JS8.SI,20110410,1.59,1.59,1.57,1.57,3860000
JS8.SI,20110407,1.60,1.60,1.60,1.60,000
JS8.SI,20110406,1.60,1.61,1.59,1.60,8108000
JS8.SI,20110405,1.64,1.64,1.61,1.61,6834000
JS8.SI,20110404,1.66,1.67,1.64,1.64,7077000
JS8.SI,20110403,1.63,1.65,1.63,1.64,4659000
JS8.SI,20110331,1.62,1.64,1.62,1.63,9653000
JS8.SI,20110330,1.66,1.67,1.63,1.64,6091000
JS8.SI,20110329,1.70,1.70,1.66,1.67,3224000
JS8.SI,20110328,1.69,1.71,1.68,1.70,12222000
JS8.SI,20110327,1.67,1.68,1.67,1.67,2629000
JS8.SI,20110324,1.68,1.70,1.64,1.67,10258000
JS8.SI,20110323,1.68,1.73,1.67,1.67,14454000
JS8.SI,20110322,1.70,1.71,1.67,1.67,4944000
JS8.SI,20110321,1.66,1.71,1.66,1.70,14740000
JS8.SI,20110320,1.65,1.66,1.64,1.64,7371000
JS8.SI,20110317,1.63,1.64,1.62,1.64,4250000
JS8.SI,20110316,1.62,1.63,1.61,1.63,5145000
JS8.SI,20110315,1.63,1.64,1.61,1.62,12658000
JS8.SI,20110314,1.55,1.62,1.55,1.61,13243000
JS8.SI,20110313,1.55,1.55,1.53,1.54,2481000
JS8.SI,20110310,1.53,1.57,1.52,1.54,5334000
JS8.SI,20110309,1.48,1.54,1.48,1.53,5854000
JS8.SI,20110308,1.47,1.48,1.46,1.48,3975000
JS8.SI,20110307,1.52,1.52,1.47,1.48,8047000
JS8.SI,20110306,1.51,1.52,1.50,1.50,3260000
JS8.SI,20110303,1.52,1.53,1.50,1.52,11316000
JS8.SI,20110302,1.53,1.54,1.50,1.51,3659000
JS8.SI,20110301,1.55,1.55,1.52,1.54,11025000
JS8.SI,20110228,1.54,1.55,1.52,1.54,4574000
JS8.SI,20110227,1.54,1.55,1.52,1.54,11482000
JS8.SI,20110224,1.55,1.57,1.54,1.57,14420000
JS8.SI,20110223,1.56,1.56,1.52,1.55,11602000
JS8.SI,20110222,1.59,1.59,1.55,1.57,24240000
JS8.SI,20110221,1.65,1.65,1.58,1.60,22121000
JS8.SI,20110220,1.61,1.65,1.60,1.64,16574000
JS8.SI,20110217,1.60,1.60,1.55,1.57,8214000
JS8.SI,20110216,1.60,1.61,1.56,1.56,8551000
JS8.SI,20110215,1.51,1.63,1.49,1.63,18947000
JS8.SI,20110214,1.51,1.51,1.48,1.50,4351000
JS8.SI,20110213,1.48,1.51,1.46,1.51,5864000
JS8.SI,20110210,1.51,1.51,1.47,1.48,4527000
JS8.SI,20110209,1.54,1.54,1.48,1.51,10611000
JS8.SI,20110208,1.41,1.53,1.40,1.53,16147000
JS8.SI,20110207,1.38,1.39,1.37,1.39,8140000
JS8.SI,20110206,1.37,1.38,1.36,1.37,5756000
JS8.SI,20110203,1.35,1.36,1.34,1.35,7947000
JS8.SI,20110202,1.35,1.36,1.34,1.34,6550000
JS8.SI,20110201,1.33,1.34,1.33,1.34,6270000
JS8.SI,20110131,1.33,1.34,1.32,1.33,14332000
JS8.SI,20110130,1.31,1.34,1.30,1.32,11947000
JS8.SI,20110127,1.31,1.32,1.30,1.32,7622000
JS8.SI,20110126,1.32,1.33,1.30,1.31,5173000
JS8.SI,20110125,1.32,1.32,1.30,1.31,6112000
JS8.SI,20110124,1.30,1.30,1.30,1.30,000
JS8.SI,20110123,1.30,1.30,1.30,1.30,000
JS8.SI,20110120,1.29,1.31,1.29,1.30,11606000
JS8.SI,20110119,1.30,1.30,1.28,1.28,11154000
JS8.SI,20110118,1.30,1.31,1.28,1.28,9540000
JS8.SI,20110117,1.24,1.32,1.24,1.29,8121000
JS8.SI,20110116,1.25,1.26,1.24,1.24,3794000
JS8.SI,20110113,1.23,1.26,1.23,1.26,5803000
JS8.SI,20110112,1.20,1.23,1.19,1.22,6206000
JS8.SI,20110111,1.19,1.21,1.18,1.21,6090000
JS8.SI,20110110,1.15,1.20,1.14,1.19,8486000
JS8.SI,20110109,1.14,1.15,1.13,1.13,3028000
JS8.SI,20110106,1.17,1.17,1.14,1.15,3081000
JS8.SI,20110105,1.17,1.18,1.16,1.17,1721000
JS8.SI,20110104,1.17,1.18,1.16,1.17,2011000
JS8.SI,20110103,1.14,1.18,1.14,1.16,2938000
JS8.SI,20110102,1.13,1.13,1.13,1.13,000
