A0G.SI,20120604,0.08,0.08,0.08,0.08,432000
A0G.SI,20120603,0.07,0.09,0.07,0.08,3434000
A0G.SI,20120531,0.07,0.07,0.07,0.07,262000
A0G.SI,20120530,0.07,0.07,0.07,0.07,822000
A0G.SI,20120529,0.07,0.07,0.07,0.07,120000
A0G.SI,20120528,0.07,0.07,0.07,0.07,482000
A0G.SI,20120527,0.07,0.07,0.07,0.07,32000
A0G.SI,20120524,0.07,0.07,0.07,0.07,000
A0G.SI,20120523,0.07,0.07,0.07,0.07,440000
A0G.SI,20120522,0.07,0.07,0.07,0.07,671000
A0G.SI,20120521,0.07,0.07,0.07,0.07,206000
A0G.SI,20120520,0.07,0.07,0.07,0.07,162000
A0G.SI,20120517,0.07,0.07,0.07,0.07,359000
A0G.SI,20120516,0.06,0.07,0.06,0.07,224000
A0G.SI,20120515,0.07,0.07,0.07,0.07,55000
A0G.SI,20120514,0.07,0.07,0.07,0.07,101000
A0G.SI,20120513,0.06,0.07,0.06,0.07,391000
A0G.SI,20120510,0.06,0.07,0.06,0.07,146000
A0G.SI,20120509,0.07,0.07,0.06,0.06,337000
A0G.SI,20120508,0.06,0.07,0.06,0.07,48000
A0G.SI,20120507,0.07,0.07,0.06,0.07,230000
A0G.SI,20120506,0.06,0.06,0.06,0.06,32000
A0G.SI,20120503,0.06,0.07,0.06,0.06,656000
A0G.SI,20120502,0.06,0.06,0.06,0.06,235000
A0G.SI,20120501,0.06,0.06,0.06,0.06,000
A0G.SI,20120430,0.06,0.06,0.06,0.06,20000
A0G.SI,20120429,0.06,0.07,0.06,0.07,199000
A0G.SI,20120426,0.07,0.07,0.07,0.07,72000
A0G.SI,20120425,0.07,0.08,0.07,0.08,202000
A0G.SI,20120424,0.07,0.07,0.07,0.07,000
A0G.SI,20120423,0.07,0.07,0.07,0.07,130000
A0G.SI,20120422,0.07,0.07,0.07,0.07,70000
A0G.SI,20120419,0.07,0.07,0.07,0.07,383000
A0G.SI,20120418,0.07,0.07,0.07,0.07,250000
A0G.SI,20120417,0.07,0.07,0.07,0.07,33000
A0G.SI,20120416,0.07,0.07,0.07,0.07,437000
A0G.SI,20120415,0.07,0.07,0.06,0.07,871000
A0G.SI,20120412,0.08,0.08,0.07,0.07,625000
A0G.SI,20120411,0.07,0.08,0.07,0.08,383000
A0G.SI,20120410,0.07,0.07,0.07,0.07,300000
A0G.SI,20120409,0.07,0.08,0.07,0.08,187000
A0G.SI,20120408,0.08,0.08,0.08,0.08,000
A0G.SI,20120405,0.08,0.08,0.08,0.08,260000
A0G.SI,20120404,0.08,0.08,0.08,0.08,150000
A0G.SI,20120403,0.08,0.08,0.08,0.08,431000
A0G.SI,20120402,0.08,0.08,0.08,0.08,75000
A0G.SI,20120401,0.08,0.08,0.08,0.08,30000
A0G.SI,20120329,0.08,0.08,0.08,0.08,000
A0G.SI,20120328,0.08,0.08,0.08,0.08,225000
A0G.SI,20120327,0.08,0.08,0.08,0.08,320000
A0G.SI,20120326,0.08,0.08,0.08,0.08,134000
A0G.SI,20120325,0.08,0.09,0.08,0.08,270000
A0G.SI,20120322,0.08,0.08,0.08,0.08,475000
A0G.SI,20120321,0.08,0.08,0.08,0.08,154000
A0G.SI,20120320,0.08,0.08,0.08,0.08,410000
A0G.SI,20120319,0.08,0.08,0.08,0.08,294000
A0G.SI,20120318,0.08,0.08,0.08,0.08,174000
A0G.SI,20120315,0.08,0.08,0.08,0.08,302000
A0G.SI,20120314,0.08,0.08,0.08,0.08,437000
A0G.SI,20120313,0.08,0.08,0.08,0.08,164000
A0G.SI,20120312,0.08,0.08,0.08,0.08,774000
A0G.SI,20120311,0.08,0.09,0.08,0.08,782000
A0G.SI,20120308,0.09,0.09,0.09,0.09,565000
A0G.SI,20120307,0.09,0.09,0.09,0.09,687000
A0G.SI,20120306,0.09,0.10,0.09,0.10,142000
A0G.SI,20120305,0.09,0.09,0.09,0.09,400000
A0G.SI,20120304,0.09,0.09,0.09,0.09,611000
A0G.SI,20120301,0.10,0.10,0.10,0.10,683000
A0G.SI,20120229,0.10,0.10,0.10,0.10,956000
A0G.SI,20120228,0.10,0.10,0.10,0.10,288000
A0G.SI,20120227,0.11,0.11,0.11,0.11,480000
A0G.SI,20120226,0.11,0.11,0.10,0.10,351000
A0G.SI,20120223,0.11,0.11,0.10,0.11,421000
A0G.SI,20120222,0.10,0.11,0.10,0.10,423000
A0G.SI,20120221,0.11,0.11,0.11,0.11,620000
A0G.SI,20120220,0.11,0.11,0.11,0.11,375000
A0G.SI,20120219,0.11,0.11,0.11,0.11,530000
A0G.SI,20120216,0.11,0.11,0.11,0.11,307000
A0G.SI,20120215,0.11,0.11,0.11,0.11,1062000
A0G.SI,20120214,0.10,0.12,0.10,0.11,4891000
A0G.SI,20120213,0.10,0.10,0.10,0.10,000
A0G.SI,20120212,0.10,0.10,0.10,0.10,000
A0G.SI,20120209,0.10,0.11,0.10,0.10,203000
A0G.SI,20120208,0.10,0.10,0.10,0.10,239000
A0G.SI,20120207,0.11,0.11,0.10,0.10,565000
A0G.SI,20120206,0.10,0.10,0.10,0.10,512000
A0G.SI,20120205,0.11,0.11,0.10,0.10,1570000
A0G.SI,20120202,0.11,0.11,0.11,0.11,851000
A0G.SI,20120201,0.11,0.11,0.11,0.11,680000
A0G.SI,20120131,0.12,0.12,0.11,0.11,990000
A0G.SI,20120130,0.12,0.12,0.11,0.11,1892000
A0G.SI,20120129,0.11,0.12,0.11,0.11,4663000
A0G.SI,20120126,0.10,0.11,0.10,0.11,5755000
A0G.SI,20120125,0.10,0.10,0.10,0.10,1644000
A0G.SI,20120124,0.10,0.10,0.10,0.10,851000
A0G.SI,20120123,0.10,0.10,0.10,0.10,1270000
A0G.SI,20120122,0.11,0.11,0.10,0.10,2701000
A0G.SI,20120119,0.10,0.11,0.10,0.11,3873000
A0G.SI,20120118,0.10,0.10,0.09,0.10,1228000
A0G.SI,20120117,0.11,0.11,0.10,0.10,2790000
A0G.SI,20120116,0.11,0.11,0.11,0.11,2190000
A0G.SI,20120115,0.11,0.12,0.11,0.11,4731000
A0G.SI,20120112,0.12,0.12,0.11,0.11,3208000
A0G.SI,20120111,0.12,0.12,0.12,0.12,1973000
A0G.SI,20120110,0.12,0.12,0.12,0.12,4944000
A0G.SI,20120109,0.12,0.13,0.12,0.12,4201000
A0G.SI,20120108,0.13,0.13,0.13,0.13,8028000
A0G.SI,20120105,0.12,0.15,0.12,0.14,27773000
A0G.SI,20120104,0.07,0.09,0.07,0.09,8287000
A0G.SI,20120103,0.07,0.07,0.07,0.07,1697000
A0G.SI,20120102,0.07,0.07,0.07,0.07,000
A0G.SI,20120101,0.07,0.07,0.07,0.07,719000
A0G.SI,20111229,0.06,0.07,0.06,0.07,3179000
A0G.SI,20111228,0.06,0.06,0.06,0.06,70000
A0G.SI,20111227,0.06,0.06,0.06,0.06,319000
A0G.SI,20111226,0.06,0.06,0.06,0.06,000
A0G.SI,20111225,0.06,0.06,0.06,0.06,64000
A0G.SI,20111222,0.06,0.06,0.06,0.06,250000
A0G.SI,20111221,0.06,0.06,0.06,0.06,134000
A0G.SI,20111220,0.06,0.06,0.06,0.06,200000
A0G.SI,20111219,0.06,0.06,0.06,0.06,410000
A0G.SI,20111218,0.06,0.06,0.06,0.06,406000
A0G.SI,20111215,0.06,0.07,0.06,0.07,2891000
A0G.SI,20111214,0.06,0.06,0.06,0.06,1210000
A0G.SI,20111213,0.05,0.06,0.05,0.05,593000
A0G.SI,20111212,0.05,0.06,0.05,0.06,54000
A0G.SI,20111211,0.05,0.05,0.05,0.05,82000
A0G.SI,20111208,0.05,0.06,0.05,0.06,300000
A0G.SI,20111207,0.05,0.06,0.05,0.05,288000
A0G.SI,20111206,0.05,0.06,0.05,0.06,83000
A0G.SI,20111205,0.06,0.06,0.06,0.06,157000
A0G.SI,20111204,0.06,0.06,0.06,0.06,000
A0G.SI,20111201,0.06,0.06,0.05,0.06,162000
A0G.SI,20111130,0.05,0.06,0.05,0.06,370000
A0G.SI,20111129,0.05,0.06,0.05,0.06,40000
A0G.SI,20111128,0.05,0.06,0.05,0.06,718000
A0G.SI,20111127,0.05,0.05,0.05,0.05,16000
A0G.SI,20111124,0.06,0.06,0.06,0.06,000
A0G.SI,20111123,0.06,0.06,0.06,0.06,180000
A0G.SI,20111122,0.06,0.06,0.06,0.06,15000
A0G.SI,20111121,0.06,0.06,0.06,0.06,48000
A0G.SI,20111120,0.05,0.06,0.05,0.06,316000
A0G.SI,20111117,0.05,0.05,0.05,0.05,30000
A0G.SI,20111116,0.05,0.05,0.05,0.05,508000
A0G.SI,20111115,0.05,0.05,0.05,0.05,115000
A0G.SI,20111114,0.05,0.05,0.05,0.05,000
A0G.SI,20111113,0.05,0.05,0.05,0.05,20000
A0G.SI,20111110,0.05,0.05,0.05,0.05,000
A0G.SI,20111109,0.05,0.05,0.05,0.05,000
A0G.SI,20111108,0.05,0.05,0.05,0.05,35000
A0G.SI,20111107,0.05,0.05,0.05,0.05,82000
A0G.SI,20111106,0.05,0.05,0.05,0.05,000
A0G.SI,20111103,0.05,0.05,0.05,0.05,1000
A0G.SI,20111102,0.05,0.05,0.05,0.05,4000
A0G.SI,20111101,0.05,0.05,0.05,0.05,000
A0G.SI,20111031,0.05,0.05,0.05,0.05,000
A0G.SI,20111030,0.05,0.05,0.05,0.05,116000
A0G.SI,20111027,0.05,0.05,0.05,0.05,000
A0G.SI,20111026,0.05,0.05,0.05,0.05,000
A0G.SI,20111025,0.05,0.05,0.05,0.05,100000
A0G.SI,20111024,0.06,0.06,0.05,0.05,160000
A0G.SI,20111023,0.05,0.05,0.05,0.05,113000
A0G.SI,20111020,0.06,0.06,0.06,0.06,000
A0G.SI,20111019,0.06,0.06,0.06,0.06,122000
A0G.SI,20111018,0.05,0.06,0.05,0.06,44000
A0G.SI,20111017,0.06,0.06,0.06,0.06,107000
A0G.SI,20111016,0.06,0.06,0.06,0.06,272000
A0G.SI,20111013,0.06,0.06,0.06,0.06,000
A0G.SI,20111012,0.06,0.06,0.06,0.06,9000
A0G.SI,20111011,0.06,0.06,0.06,0.06,23000
A0G.SI,20111010,0.06,0.06,0.06,0.06,135000
A0G.SI,20111009,0.06,0.06,0.05,0.06,476000
A0G.SI,20111006,0.06,0.06,0.06,0.06,456000
A0G.SI,20111005,0.06,0.06,0.06,0.06,270000
A0G.SI,20111004,0.06,0.07,0.06,0.06,2991000
A0G.SI,20111003,0.06,0.06,0.06,0.06,4111000
A0G.SI,20111002,0.06,0.06,0.06,0.06,1413000
A0G.SI,20110929,0.05,0.06,0.05,0.06,1123000
A0G.SI,20110928,0.05,0.05,0.05,0.05,40000
A0G.SI,20110927,0.05,0.05,0.05,0.05,350000
A0G.SI,20110926,0.05,0.05,0.05,0.05,40000
A0G.SI,20110925,0.05,0.05,0.05,0.05,50000
A0G.SI,20110922,0.06,0.06,0.05,0.05,13000
A0G.SI,20110921,0.06,0.06,0.06,0.06,000
A0G.SI,20110920,0.05,0.06,0.05,0.06,551000
A0G.SI,20110919,0.05,0.05,0.05,0.05,31000
A0G.SI,20110918,0.05,0.05,0.05,0.05,50000
A0G.SI,20110915,0.05,0.05,0.05,0.05,261000
A0G.SI,20110914,0.05,0.05,0.05,0.05,50000
A0G.SI,20110913,0.05,0.06,0.05,0.06,823000
A0G.SI,20110912,0.05,0.05,0.05,0.05,1196000
A0G.SI,20110911,0.05,0.05,0.05,0.05,5000
A0G.SI,20110908,0.05,0.05,0.05,0.05,36000
A0G.SI,20110907,0.05,0.05,0.05,0.05,000
A0G.SI,20110906,0.05,0.05,0.05,0.05,10000
A0G.SI,20110905,0.05,0.05,0.05,0.05,000
A0G.SI,20110904,0.05,0.05,0.05,0.05,50000
A0G.SI,20110901,0.05,0.05,0.05,0.05,000
A0G.SI,20110831,0.05,0.05,0.05,0.05,000
A0G.SI,20110830,0.05,0.05,0.05,0.05,10000
A0G.SI,20110829,0.05,0.05,0.05,0.05,000
A0G.SI,20110828,0.05,0.05,0.05,0.05,155000
A0G.SI,20110825,0.05,0.05,0.05,0.05,376000
A0G.SI,20110824,0.05,0.05,0.05,0.05,000
A0G.SI,20110823,0.05,0.05,0.05,0.05,4000
A0G.SI,20110822,0.05,0.05,0.05,0.05,59000
A0G.SI,20110821,0.05,0.05,0.05,0.05,000
A0G.SI,20110818,0.05,0.05,0.05,0.05,159000
A0G.SI,20110817,0.05,0.05,0.05,0.05,70000
A0G.SI,20110816,0.05,0.05,0.05,0.05,88000
A0G.SI,20110815,0.05,0.05,0.05,0.05,120000
A0G.SI,20110814,0.05,0.05,0.05,0.05,000
A0G.SI,20110811,0.05,0.05,0.05,0.05,47000
A0G.SI,20110810,0.05,0.05,0.05,0.05,000
A0G.SI,20110809,0.05,0.05,0.05,0.05,60000
A0G.SI,20110808,0.06,0.06,0.06,0.06,92000
A0G.SI,20110807,0.05,0.05,0.05,0.05,238000
A0G.SI,20110804,0.05,0.05,0.05,0.05,000
A0G.SI,20110803,0.05,0.05,0.05,0.05,10000
A0G.SI,20110802,0.05,0.05,0.05,0.05,263000
A0G.SI,20110801,0.05,0.05,0.05,0.05,11000
A0G.SI,20110731,0.05,0.05,0.05,0.05,12000
A0G.SI,20110728,0.05,0.05,0.05,0.05,275000
A0G.SI,20110727,0.05,0.05,0.05,0.05,000
A0G.SI,20110726,0.05,0.05,0.05,0.05,50000
A0G.SI,20110725,0.05,0.05,0.05,0.05,37000
A0G.SI,20110724,0.05,0.05,0.05,0.05,25000
A0G.SI,20110721,0.06,0.06,0.06,0.06,000
A0G.SI,20110720,0.06,0.06,0.06,0.06,20000
A0G.SI,20110719,0.06,0.06,0.06,0.06,000
A0G.SI,20110718,0.05,0.06,0.05,0.06,5000
A0G.SI,20110717,0.06,0.06,0.06,0.06,85000
A0G.SI,20110714,0.06,0.06,0.06,0.06,1011000
A0G.SI,20110713,0.05,0.06,0.05,0.06,1664000
A0G.SI,20110712,0.05,0.06,0.05,0.06,1162000
A0G.SI,20110711,0.05,0.05,0.05,0.05,33000
A0G.SI,20110710,0.05,0.05,0.05,0.05,420000
A0G.SI,20110707,0.05,0.05,0.05,0.05,000
A0G.SI,20110706,0.05,0.05,0.05,0.05,272000
A0G.SI,20110705,0.05,0.05,0.05,0.05,122000
A0G.SI,20110704,0.05,0.05,0.05,0.05,3000
A0G.SI,20110703,0.05,0.05,0.05,0.05,53000
A0G.SI,20110630,0.05,0.05,0.05,0.05,230000
A0G.SI,20110629,0.05,0.05,0.05,0.05,11000
A0G.SI,20110628,0.05,0.05,0.05,0.05,121000
A0G.SI,20110627,0.05,0.05,0.05,0.05,000
A0G.SI,20110626,0.05,0.05,0.05,0.05,180000
A0G.SI,20110623,0.05,0.05,0.05,0.05,30000
A0G.SI,20110622,0.05,0.05,0.05,0.05,55000
A0G.SI,20110621,0.05,0.05,0.05,0.05,000
A0G.SI,20110620,0.05,0.05,0.05,0.05,000
A0G.SI,20110619,0.05,0.05,0.05,0.05,100000
A0G.SI,20110616,0.05,0.05,0.05,0.05,10000
A0G.SI,20110615,0.05,0.05,0.05,0.05,000
A0G.SI,20110614,0.05,0.05,0.05,0.05,000
A0G.SI,20110613,0.05,0.05,0.05,0.05,000
A0G.SI,20110612,0.05,0.05,0.05,0.05,120000
A0G.SI,20110609,0.05,0.05,0.05,0.05,240000
A0G.SI,20110608,0.05,0.05,0.05,0.05,124000
A0G.SI,20110607,0.05,0.05,0.05,0.05,30000
A0G.SI,20110606,0.06,0.06,0.05,0.05,630000
A0G.SI,20110605,0.06,0.06,0.06,0.06,900000
A0G.SI,20110602,0.06,0.06,0.06,0.06,598000
A0G.SI,20110601,0.06,0.06,0.06,0.06,98000
A0G.SI,20110531,0.06,0.06,0.06,0.06,317000
A0G.SI,20110530,0.06,0.06,0.06,0.06,200000
A0G.SI,20110529,0.05,0.06,0.05,0.06,155000
A0G.SI,20110526,0.06,0.06,0.06,0.06,620000
A0G.SI,20110525,0.05,0.06,0.05,0.06,1175000
A0G.SI,20110524,0.05,0.06,0.05,0.05,926000
A0G.SI,20110523,0.05,0.05,0.05,0.05,435000
A0G.SI,20110522,0.05,0.05,0.05,0.05,17000
A0G.SI,20110519,0.05,0.05,0.05,0.05,380000
A0G.SI,20110518,0.05,0.05,0.05,0.05,15000
A0G.SI,20110517,0.05,0.05,0.05,0.05,230000
A0G.SI,20110516,0.05,0.05,0.05,0.05,290000
A0G.SI,20110515,0.05,0.05,0.05,0.05,195000
A0G.SI,20110512,0.05,0.05,0.05,0.05,200000
A0G.SI,20110511,0.05,0.06,0.05,0.05,115000
A0G.SI,20110510,0.05,0.05,0.05,0.05,145000
A0G.SI,20110509,0.05,0.05,0.05,0.05,100000
A0G.SI,20110508,0.05,0.05,0.05,0.05,000
A0G.SI,20110505,0.05,0.05,0.05,0.05,70000
A0G.SI,20110504,0.05,0.06,0.05,0.06,171000
A0G.SI,20110503,0.05,0.05,0.05,0.05,100000
A0G.SI,20110502,0.06,0.06,0.06,0.06,000
A0G.SI,20110501,0.06,0.06,0.06,0.06,000
A0G.SI,20110428,0.06,0.06,0.06,0.06,144000
A0G.SI,20110427,0.06,0.06,0.05,0.05,642000
A0G.SI,20110426,0.06,0.06,0.06,0.06,220000
A0G.SI,20110425,0.06,0.06,0.06,0.06,29000
A0G.SI,20110424,0.06,0.06,0.06,0.06,280000
A0G.SI,20110421,0.06,0.06,0.06,0.06,235000
A0G.SI,20110420,0.06,0.06,0.06,0.06,10000
A0G.SI,20110419,0.06,0.06,0.06,0.06,136000
A0G.SI,20110418,0.06,0.06,0.06,0.06,98000
A0G.SI,20110417,0.06,0.06,0.06,0.06,110000
A0G.SI,20110414,0.06,0.06,0.06,0.06,362000
A0G.SI,20110413,0.06,0.06,0.06,0.06,239000
A0G.SI,20110412,0.06,0.06,0.06,0.06,858000
A0G.SI,20110411,0.06,0.06,0.06,0.06,9000
A0G.SI,20110410,0.06,0.06,0.06,0.06,411000
A0G.SI,20110407,0.06,0.06,0.06,0.06,000
A0G.SI,20110406,0.06,0.06,0.06,0.06,000
A0G.SI,20110405,0.06,0.06,0.06,0.06,48000
A0G.SI,20110404,0.06,0.06,0.06,0.06,175000
A0G.SI,20110403,0.06,0.06,0.06,0.06,20000
A0G.SI,20110331,0.06,0.06,0.06,0.06,12000
A0G.SI,20110330,0.06,0.06,0.06,0.06,000
A0G.SI,20110329,0.06,0.06,0.06,0.06,61000
A0G.SI,20110328,0.06,0.06,0.06,0.06,6000
A0G.SI,20110327,0.06,0.06,0.06,0.06,271000
A0G.SI,20110324,0.06,0.06,0.06,0.06,300000
A0G.SI,20110323,0.06,0.06,0.06,0.06,50000
A0G.SI,20110322,0.06,0.06,0.06,0.06,512000
A0G.SI,20110321,0.06,0.06,0.06,0.06,000
A0G.SI,20110320,0.06,0.07,0.06,0.06,707000
A0G.SI,20110317,0.06,0.07,0.06,0.06,5971000
A0G.SI,20110316,0.06,0.06,0.06,0.06,95000
A0G.SI,20110315,0.06,0.06,0.06,0.06,155000
A0G.SI,20110314,0.06,0.06,0.06,0.06,000
A0G.SI,20110313,0.06,0.06,0.06,0.06,000
A0G.SI,20110310,0.06,0.06,0.06,0.06,357000
A0G.SI,20110309,0.06,0.06,0.06,0.06,550000
A0G.SI,20110308,0.06,0.06,0.05,0.05,220000
A0G.SI,20110307,0.06,0.06,0.06,0.06,100000
A0G.SI,20110306,0.06,0.06,0.06,0.06,312000
A0G.SI,20110303,0.06,0.06,0.06,0.06,1347000
A0G.SI,20110302,0.06,0.06,0.06,0.06,1033000
A0G.SI,20110301,0.06,0.07,0.06,0.06,738000
A0G.SI,20110228,0.06,0.06,0.06,0.06,1488000
A0G.SI,20110227,0.06,0.06,0.06,0.06,489000
A0G.SI,20110224,0.07,0.07,0.07,0.07,826000
A0G.SI,20110223,0.08,0.08,0.07,0.07,1124000
A0G.SI,20110222,0.08,0.08,0.08,0.08,691000
A0G.SI,20110221,0.08,0.09,0.08,0.09,190000
A0G.SI,20110220,0.08,0.09,0.08,0.09,172000
A0G.SI,20110217,0.09,0.09,0.08,0.08,171000
A0G.SI,20110216,0.09,0.09,0.09,0.09,59000
A0G.SI,20110215,0.09,0.09,0.09,0.09,2172000
A0G.SI,20110214,0.09,0.09,0.09,0.09,261000
A0G.SI,20110213,0.09,0.09,0.09,0.09,240000
A0G.SI,20110210,0.09,0.09,0.09,0.09,2757000
A0G.SI,20110209,0.09,0.09,0.09,0.09,310000
A0G.SI,20110208,0.08,0.09,0.08,0.09,301000
A0G.SI,20110207,0.08,0.08,0.08,0.08,357000
A0G.SI,20110206,0.08,0.09,0.08,0.08,1231000
A0G.SI,20110203,0.08,0.08,0.08,0.08,1676000
A0G.SI,20110202,0.07,0.08,0.07,0.08,1082000
A0G.SI,20110201,0.08,0.08,0.07,0.07,869000
A0G.SI,20110131,0.06,0.08,0.06,0.08,562000
A0G.SI,20110130,0.07,0.07,0.06,0.06,230000
A0G.SI,20110127,0.06,0.07,0.06,0.07,600000
A0G.SI,20110126,0.06,0.06,0.06,0.06,60000
A0G.SI,20110125,0.06,0.06,0.06,0.06,53000
A0G.SI,20110124,0.06,0.06,0.06,0.06,000
A0G.SI,20110123,0.06,0.06,0.06,0.06,000
A0G.SI,20110120,0.06,0.06,0.06,0.06,153000
A0G.SI,20110119,0.06,0.06,0.06,0.06,103000
A0G.SI,20110118,0.06,0.06,0.06,0.06,344000
A0G.SI,20110117,0.07,0.08,0.06,0.06,3000
A0G.SI,20110116,0.06,0.06,0.06,0.06,100000
A0G.SI,20110113,0.06,0.06,0.06,0.06,145000
A0G.SI,20110112,0.06,0.06,0.06,0.06,000
A0G.SI,20110111,0.06,0.06,0.06,0.06,000
A0G.SI,20110110,0.06,0.06,0.06,0.06,000
A0G.SI,20110109,0.06,0.06,0.06,0.06,161000
A0G.SI,20110106,0.06,0.06,0.06,0.06,158000
A0G.SI,20110105,0.06,0.06,0.06,0.06,393000
A0G.SI,20110104,0.06,0.06,0.06,0.06,20000
A0G.SI,20110103,0.06,0.08,0.06,0.06,675000
A0G.SI,20110102,0.06,0.06,0.06,0.06,000
