T42.SI,20120606,0.058,0.058,0.058,0.058,100000
T42.SI,20120604,0.05,0.05,0.05,0.05,000
T42.SI,20120603,0.05,0.05,0.05,0.05,64000
T42.SI,20120531,0.05,0.08,0.05,0.05,10937000
T42.SI,20120530,0.04,0.04,0.04,0.04,000
T42.SI,20120529,0.04,0.04,0.04,0.04,000
T42.SI,20120528,0.04,0.04,0.04,0.04,000
T42.SI,20120527,0.05,0.05,0.04,0.04,13000
T42.SI,20120524,0.05,0.05,0.05,0.05,000
T42.SI,20120523,0.05,0.05,0.05,0.05,000
T42.SI,20120522,0.05,0.05,0.05,0.05,5000
T42.SI,20120521,0.05,0.05,0.05,0.05,000
T42.SI,20120520,0.05,0.05,0.05,0.05,7000
T42.SI,20120517,0.05,0.05,0.05,0.05,130000
T42.SI,20120516,0.05,0.05,0.05,0.05,87000
T42.SI,20120515,0.04,0.04,0.04,0.04,000
T42.SI,20120514,0.04,0.04,0.04,0.04,3000
T42.SI,20120513,0.04,0.04,0.04,0.04,000
T42.SI,20120510,0.04,0.04,0.04,0.04,000
T42.SI,20120509,0.04,0.04,0.04,0.04,000
T42.SI,20120508,0.04,0.04,0.04,0.04,20000
T42.SI,20120507,0.04,0.04,0.04,0.04,2000
T42.SI,20120506,0.05,0.05,0.05,0.05,18000
T42.SI,20120503,0.05,0.05,0.05,0.05,20000
T42.SI,20120502,0.04,0.04,0.04,0.04,000
T42.SI,20120501,0.04,0.04,0.04,0.04,000
T42.SI,20120430,0.04,0.04,0.04,0.04,000
T42.SI,20120429,0.04,0.04,0.04,0.04,000
T42.SI,20120426,0.04,0.04,0.04,0.04,100000
T42.SI,20120425,0.04,0.04,0.04,0.04,000
T42.SI,20120424,0.04,0.04,0.04,0.04,30000
T42.SI,20120423,0.05,0.05,0.05,0.05,000
T42.SI,20120422,0.04,0.05,0.04,0.05,10000
T42.SI,20120419,0.04,0.04,0.04,0.04,16000
T42.SI,20120418,0.04,0.04,0.04,0.04,000
T42.SI,20120417,0.04,0.04,0.04,0.04,000
T42.SI,20120416,0.04,0.04,0.04,0.04,000
T42.SI,20120415,0.04,0.04,0.04,0.04,000
T42.SI,20120412,0.04,0.04,0.04,0.04,20000
T42.SI,20120411,0.05,0.05,0.05,0.05,000
T42.SI,20120410,0.05,0.05,0.05,0.05,000
T42.SI,20120409,0.05,0.05,0.05,0.05,000
T42.SI,20120408,0.05,0.05,0.05,0.05,000
T42.SI,20120405,0.05,0.05,0.05,0.05,15000
T42.SI,20120404,0.05,0.05,0.05,0.05,000
T42.SI,20120403,0.05,0.05,0.05,0.05,23000
T42.SI,20120402,0.05,0.05,0.05,0.05,000
T42.SI,20120401,0.05,0.05,0.05,0.05,000
T42.SI,20120329,0.05,0.05,0.05,0.05,000
T42.SI,20120328,0.05,0.05,0.05,0.05,5000
T42.SI,20120327,0.05,0.05,0.05,0.05,000
T42.SI,20120326,0.05,0.05,0.05,0.05,000
T42.SI,20120325,0.05,0.05,0.05,0.05,000
T42.SI,20120322,0.05,0.05,0.05,0.05,000
T42.SI,20120321,0.05,0.05,0.05,0.05,000
T42.SI,20120320,0.05,0.05,0.05,0.05,000
T42.SI,20120319,0.05,0.05,0.05,0.05,000
T42.SI,20120318,0.05,0.05,0.05,0.05,000
T42.SI,20120315,0.05,0.05,0.05,0.05,000
T42.SI,20120314,0.05,0.05,0.05,0.05,000
T42.SI,20120313,0.05,0.05,0.05,0.05,150000
T42.SI,20120312,0.05,0.05,0.05,0.05,90000
T42.SI,20120311,0.04,0.05,0.04,0.05,96000
T42.SI,20120308,0.04,0.04,0.04,0.04,000
T42.SI,20120307,0.04,0.04,0.04,0.04,77000
T42.SI,20120306,0.04,0.04,0.04,0.04,000
T42.SI,20120305,0.04,0.04,0.04,0.04,10000
T42.SI,20120304,0.06,0.06,0.06,0.06,000
T42.SI,20120301,0.06,0.06,0.06,0.06,000
T42.SI,20120229,0.06,0.06,0.06,0.06,000
T42.SI,20120228,0.06,0.06,0.06,0.06,000
T42.SI,20120227,0.06,0.06,0.06,0.06,000
T42.SI,20120226,0.06,0.06,0.06,0.06,50000
T42.SI,20120223,0.06,0.06,0.06,0.06,000
T42.SI,20120222,0.06,0.06,0.06,0.06,000
T42.SI,20120221,0.06,0.06,0.06,0.06,000
T42.SI,20120220,0.06,0.06,0.06,0.06,000
T42.SI,20120219,0.05,0.06,0.05,0.06,269000
T42.SI,20120216,0.04,0.05,0.04,0.05,145000
T42.SI,20120215,0.05,0.05,0.05,0.05,000
T42.SI,20120214,0.05,0.05,0.05,0.05,30000
T42.SI,20120213,0.05,0.05,0.05,0.05,000
T42.SI,20120212,0.05,0.05,0.05,0.05,000
T42.SI,20120209,0.05,0.05,0.05,0.05,71000
T42.SI,20120208,0.05,0.05,0.05,0.05,59000
T42.SI,20120207,0.04,0.04,0.04,0.04,000
T42.SI,20120206,0.04,0.04,0.04,0.04,000
T42.SI,20120205,0.04,0.04,0.04,0.04,10000
T42.SI,20120202,0.05,0.05,0.05,0.05,000
T42.SI,20120201,0.05,0.05,0.05,0.05,000
T42.SI,20120131,0.05,0.05,0.05,0.05,000
T42.SI,20120130,0.05,0.05,0.05,0.05,000
T42.SI,20120129,0.05,0.05,0.05,0.05,000
T42.SI,20120126,0.05,0.05,0.05,0.05,000
T42.SI,20120125,0.05,0.05,0.05,0.05,000
T42.SI,20120124,0.05,0.05,0.05,0.05,190000
T42.SI,20120123,0.05,0.05,0.05,0.05,222000
T42.SI,20120122,0.05,0.05,0.05,0.05,3206000
T42.SI,20120119,0.04,0.04,0.04,0.04,000
T42.SI,20120118,0.04,0.04,0.04,0.04,000
T42.SI,20120117,0.04,0.04,0.04,0.04,000
T42.SI,20120116,0.04,0.04,0.04,0.04,000
T42.SI,20120115,0.04,0.04,0.04,0.04,000
T42.SI,20120112,0.04,0.04,0.04,0.04,000
T42.SI,20120111,0.04,0.04,0.04,0.04,000
T42.SI,20120110,0.04,0.04,0.04,0.04,55000
T42.SI,20120109,0.04,0.04,0.04,0.04,000
T42.SI,20120108,0.04,0.04,0.04,0.04,000
T42.SI,20120105,0.04,0.05,0.04,0.04,374000
T42.SI,20120104,0.04,0.04,0.04,0.04,000
T42.SI,20120103,0.04,0.04,0.03,0.04,118000
T42.SI,20120102,0.04,0.04,0.04,0.04,000
T42.SI,20120101,0.04,0.04,0.04,0.04,000
T42.SI,20111229,0.04,0.04,0.04,0.04,000
T42.SI,20111228,0.04,0.04,0.04,0.04,000
T42.SI,20111227,0.04,0.04,0.04,0.04,000
T42.SI,20111226,0.04,0.04,0.04,0.04,000
T42.SI,20111225,0.04,0.04,0.04,0.04,20000
T42.SI,20111222,0.03,0.03,0.03,0.03,000
T42.SI,20111221,0.03,0.03,0.03,0.03,000
T42.SI,20111220,0.03,0.03,0.03,0.03,50000
T42.SI,20111219,0.03,0.03,0.03,0.03,000
T42.SI,20111218,0.03,0.03,0.03,0.03,000
T42.SI,20111215,0.03,0.03,0.03,0.03,000
T42.SI,20111214,0.03,0.03,0.03,0.03,000
T42.SI,20111213,0.03,0.03,0.03,0.03,000
T42.SI,20111212,0.03,0.04,0.03,0.03,113000
T42.SI,20111211,0.04,0.04,0.04,0.04,000
T42.SI,20111208,0.04,0.04,0.04,0.04,000
T42.SI,20111207,0.04,0.04,0.04,0.04,000
T42.SI,20111206,0.04,0.04,0.04,0.04,50000
T42.SI,20111205,0.03,0.03,0.03,0.03,000
T42.SI,20111204,0.03,0.03,0.03,0.03,000
T42.SI,20111201,0.03,0.03,0.03,0.03,000
T42.SI,20111130,0.03,0.03,0.03,0.03,000
T42.SI,20111129,0.03,0.03,0.03,0.03,000
T42.SI,20111128,0.03,0.03,0.03,0.03,000
T42.SI,20111127,0.03,0.03,0.03,0.03,000
T42.SI,20111124,0.03,0.03,0.03,0.03,000
T42.SI,20111123,0.03,0.03,0.03,0.03,000
T42.SI,20111122,0.03,0.03,0.03,0.03,000
T42.SI,20111121,0.03,0.03,0.03,0.03,000
T42.SI,20111120,0.03,0.03,0.03,0.03,000
T42.SI,20111117,0.03,0.03,0.03,0.03,000
T42.SI,20111116,0.03,0.03,0.03,0.03,000
T42.SI,20111115,0.03,0.03,0.03,0.03,30000
T42.SI,20111114,0.03,0.03,0.03,0.03,000
T42.SI,20111113,0.03,0.03,0.03,0.03,000
T42.SI,20111110,0.03,0.03,0.03,0.03,000
T42.SI,20111109,0.03,0.03,0.03,0.03,000
T42.SI,20111108,0.03,0.03,0.03,0.03,000
T42.SI,20111107,0.03,0.03,0.03,0.03,000
T42.SI,20111106,0.03,0.03,0.03,0.03,150000
T42.SI,20111103,0.04,0.04,0.04,0.04,000
T42.SI,20111102,0.04,0.04,0.04,0.04,000
T42.SI,20111101,0.04,0.04,0.04,0.04,000
T42.SI,20111031,0.04,0.04,0.04,0.04,000
T42.SI,20111030,0.04,0.04,0.04,0.04,000
T42.SI,20111027,0.04,0.04,0.04,0.04,000
T42.SI,20111026,0.04,0.04,0.04,0.04,000
T42.SI,20111025,0.04,0.04,0.04,0.04,000
T42.SI,20111024,0.04,0.04,0.04,0.04,000
T42.SI,20111023,0.04,0.04,0.04,0.04,000
T42.SI,20111020,0.04,0.04,0.04,0.04,000
T42.SI,20111019,0.04,0.04,0.04,0.04,000
T42.SI,20111018,0.04,0.04,0.04,0.04,3000000
T42.SI,20111017,0.03,0.03,0.03,0.03,000
T42.SI,20111016,0.03,0.03,0.03,0.03,214000
T42.SI,20111013,0.04,0.04,0.04,0.04,000
T42.SI,20111012,0.04,0.04,0.04,0.04,000
T42.SI,20111011,0.04,0.04,0.04,0.04,390000
T42.SI,20111010,0.05,0.05,0.05,0.05,000
T42.SI,20111009,0.05,0.05,0.05,0.05,000
T42.SI,20111006,0.05,0.05,0.05,0.05,000
T42.SI,20111005,0.05,0.05,0.05,0.05,000
T42.SI,20111004,0.05,0.05,0.05,0.05,000
T42.SI,20111003,0.05,0.05,0.05,0.05,000
T42.SI,20111002,0.05,0.05,0.05,0.05,5000
T42.SI,20110929,0.04,0.04,0.04,0.04,000
T42.SI,20110928,0.04,0.04,0.04,0.04,000
T42.SI,20110927,0.04,0.04,0.04,0.04,000
T42.SI,20110926,0.04,0.04,0.04,0.04,30000
T42.SI,20110925,0.04,0.04,0.04,0.04,000
T42.SI,20110922,0.04,0.04,0.04,0.04,000
T42.SI,20110921,0.04,0.04,0.04,0.04,15000
T42.SI,20110920,0.04,0.04,0.04,0.04,000
T42.SI,20110919,0.04,0.04,0.04,0.04,000
T42.SI,20110918,0.04,0.04,0.04,0.04,000
T42.SI,20110915,0.04,0.04,0.04,0.04,107000
T42.SI,20110914,0.04,0.04,0.04,0.04,000
T42.SI,20110913,0.04,0.04,0.04,0.04,000
T42.SI,20110912,0.04,0.04,0.04,0.04,000
T42.SI,20110911,0.04,0.04,0.04,0.04,000
T42.SI,20110908,0.04,0.04,0.04,0.04,000
T42.SI,20110907,0.04,0.04,0.04,0.04,000
T42.SI,20110906,0.04,0.04,0.04,0.04,000
T42.SI,20110905,0.04,0.04,0.04,0.04,20000
T42.SI,20110904,0.04,0.04,0.04,0.04,23000
T42.SI,20110901,0.05,0.05,0.04,0.04,10000
T42.SI,20110831,0.05,0.05,0.05,0.05,000
T42.SI,20110830,0.05,0.05,0.05,0.05,000
T42.SI,20110829,0.05,0.05,0.05,0.05,000
T42.SI,20110828,0.05,0.05,0.05,0.05,000
T42.SI,20110825,0.05,0.05,0.05,0.05,000
T42.SI,20110824,0.05,0.05,0.05,0.05,000
T42.SI,20110823,0.05,0.05,0.05,0.05,000
T42.SI,20110822,0.05,0.05,0.05,0.05,000
T42.SI,20110821,0.05,0.05,0.05,0.05,000
T42.SI,20110818,0.05,0.05,0.05,0.05,000
T42.SI,20110817,0.05,0.05,0.05,0.05,000
T42.SI,20110816,0.05,0.05,0.05,0.05,000
T42.SI,20110815,0.05,0.05,0.05,0.05,4000
T42.SI,20110814,0.05,0.05,0.05,0.05,000
T42.SI,20110811,0.05,0.05,0.05,0.05,000
T42.SI,20110810,0.05,0.05,0.05,0.05,000
T42.SI,20110809,0.05,0.05,0.05,0.05,000
T42.SI,20110808,0.05,0.05,0.05,0.05,000
T42.SI,20110807,0.05,0.05,0.05,0.05,000
T42.SI,20110804,0.05,0.05,0.05,0.05,000
T42.SI,20110803,0.05,0.05,0.05,0.05,15000
T42.SI,20110802,0.05,0.05,0.05,0.05,000
T42.SI,20110801,0.05,0.05,0.05,0.05,000
T42.SI,20110731,0.05,0.05,0.05,0.05,000
T42.SI,20110728,0.05,0.05,0.05,0.05,000
T42.SI,20110727,0.05,0.05,0.05,0.05,000
T42.SI,20110726,0.05,0.05,0.05,0.05,40000
T42.SI,20110725,0.05,0.05,0.05,0.05,96000
T42.SI,20110724,0.06,0.06,0.06,0.06,000
T42.SI,20110721,0.06,0.06,0.06,0.06,000
T42.SI,20110720,0.06,0.06,0.06,0.06,000
T42.SI,20110719,0.06,0.06,0.06,0.06,14000
T42.SI,20110718,0.07,0.07,0.07,0.07,200000
T42.SI,20110717,0.06,0.06,0.06,0.06,100000
T42.SI,20110714,0.06,0.06,0.06,0.06,4000
T42.SI,20110713,0.06,0.06,0.06,0.06,000
T42.SI,20110712,0.06,0.06,0.06,0.06,000
T42.SI,20110711,0.06,0.06,0.06,0.06,000
T42.SI,20110710,0.06,0.06,0.06,0.06,20000
T42.SI,20110707,0.08,0.08,0.08,0.08,000
T42.SI,20110706,0.08,0.08,0.08,0.08,000
T42.SI,20110705,0.07,0.08,0.07,0.08,80000
T42.SI,20110704,0.07,0.07,0.07,0.07,000
T42.SI,20110703,0.07,0.07,0.07,0.07,000
T42.SI,20110630,0.07,0.07,0.07,0.07,000
T42.SI,20110629,0.07,0.07,0.07,0.07,000
T42.SI,20110628,0.07,0.07,0.07,0.07,000
T42.SI,20110627,0.07,0.07,0.07,0.07,000
T42.SI,20110626,0.07,0.07,0.07,0.07,000
T42.SI,20110623,0.07,0.07,0.07,0.07,000
T42.SI,20110622,0.07,0.07,0.07,0.07,000
T42.SI,20110621,0.07,0.07,0.07,0.07,000
T42.SI,20110620,0.07,0.07,0.07,0.07,000
T42.SI,20110619,0.07,0.07,0.07,0.07,000
T42.SI,20110616,0.07,0.07,0.07,0.07,11000
T42.SI,20110615,0.08,0.08,0.07,0.07,33000
T42.SI,20110614,0.07,0.07,0.07,0.07,000
T42.SI,20110613,0.07,0.07,0.07,0.07,4000
T42.SI,20110612,0.07,0.07,0.07,0.07,000
T42.SI,20110609,0.07,0.07,0.07,0.07,10000
T42.SI,20110608,0.08,0.08,0.08,0.08,000
T42.SI,20110607,0.08,0.08,0.08,0.08,000
T42.SI,20110606,0.08,0.08,0.08,0.08,000
T42.SI,20110605,0.08,0.08,0.08,0.08,000
T42.SI,20110602,0.08,0.08,0.08,0.08,000
T42.SI,20110601,0.08,0.08,0.08,0.08,000
T42.SI,20110531,0.08,0.08,0.08,0.08,100000
T42.SI,20110530,0.07,0.07,0.07,0.07,20000
T42.SI,20110529,0.08,0.08,0.08,0.08,000
T42.SI,20110526,0.08,0.08,0.08,0.08,000
T42.SI,20110525,0.08,0.08,0.08,0.08,000
T42.SI,20110524,0.08,0.08,0.08,0.08,000
T42.SI,20110523,0.08,0.08,0.08,0.08,000
T42.SI,20110522,0.08,0.08,0.08,0.08,000
T42.SI,20110519,0.08,0.08,0.08,0.08,000
T42.SI,20110518,0.08,0.08,0.08,0.08,000
T42.SI,20110517,0.08,0.08,0.08,0.08,000
T42.SI,20110516,0.07,0.08,0.07,0.08,102000
T42.SI,20110515,0.08,0.08,0.08,0.08,000
T42.SI,20110512,0.08,0.08,0.08,0.08,20000
T42.SI,20110511,0.08,0.08,0.08,0.08,48000
T42.SI,20110510,0.08,0.08,0.08,0.08,50000
T42.SI,20110509,0.08,0.08,0.08,0.08,000
T42.SI,20110508,0.08,0.08,0.08,0.08,000
T42.SI,20110505,0.08,0.08,0.08,0.08,3000
T42.SI,20110504,0.08,0.08,0.08,0.08,000
T42.SI,20110503,0.08,0.08,0.08,0.08,000
T42.SI,20110502,0.08,0.08,0.08,0.08,000
T42.SI,20110501,0.08,0.08,0.08,0.08,000
T42.SI,20110428,0.08,0.08,0.08,0.08,250000
T42.SI,20110427,0.07,0.07,0.07,0.07,90000
T42.SI,20110426,0.07,0.07,0.07,0.07,50000
T42.SI,20110425,0.08,0.08,0.08,0.08,000
T42.SI,20110424,0.08,0.08,0.08,0.08,5000
T42.SI,20110421,0.08,0.08,0.08,0.08,000
T42.SI,20110420,0.08,0.08,0.08,0.08,000
T42.SI,20110419,0.08,0.08,0.08,0.08,200000
T42.SI,20110418,0.08,0.08,0.08,0.08,000
T42.SI,20110417,0.08,0.08,0.08,0.08,000
T42.SI,20110414,0.08,0.08,0.08,0.08,817000
T42.SI,20110413,0.08,0.08,0.08,0.08,40000
T42.SI,20110412,0.08,0.08,0.08,0.08,50000
T42.SI,20110411,0.08,0.08,0.08,0.08,180000
T42.SI,20110410,0.08,0.08,0.08,0.08,000
T42.SI,20110407,0.08,0.08,0.08,0.08,000
T42.SI,20110406,0.08,0.08,0.08,0.08,000
T42.SI,20110405,0.08,0.08,0.08,0.08,000
T42.SI,20110404,0.08,0.08,0.08,0.08,24000
T42.SI,20110403,0.08,0.08,0.08,0.08,3000
T42.SI,20110331,0.09,0.09,0.09,0.09,000
T42.SI,20110330,0.09,0.09,0.09,0.09,000
T42.SI,20110329,0.09,0.09,0.09,0.09,000
T42.SI,20110328,0.09,0.09,0.09,0.09,000
T42.SI,20110327,0.09,0.09,0.09,0.09,000
T42.SI,20110324,0.09,0.09,0.09,0.09,800000
T42.SI,20110323,0.09,0.09,0.09,0.09,000
T42.SI,20110322,0.09,0.09,0.09,0.09,000
T42.SI,20110321,0.09,0.09,0.09,0.09,000
T42.SI,20110320,0.09,0.09,0.09,0.09,720000
T42.SI,20110317,0.09,0.09,0.09,0.09,000
T42.SI,20110316,0.09,0.09,0.09,0.09,000
T42.SI,20110315,0.09,0.09,0.09,0.09,000
T42.SI,20110314,0.09,0.09,0.09,0.09,000
T42.SI,20110313,0.09,0.09,0.09,0.09,000
T42.SI,20110310,0.09,0.09,0.09,0.09,10000
T42.SI,20110309,0.09,0.09,0.09,0.09,315000
T42.SI,20110308,0.09,0.09,0.09,0.09,420000
T42.SI,20110307,0.09,0.09,0.09,0.09,100000
T42.SI,20110306,0.09,0.09,0.09,0.09,300000
T42.SI,20110303,0.09,0.09,0.09,0.09,100000
T42.SI,20110302,0.09,0.09,0.09,0.09,000
T42.SI,20110301,0.09,0.09,0.09,0.09,226000
T42.SI,20110228,0.09,0.09,0.09,0.09,390000
T42.SI,20110227,0.09,0.09,0.09,0.09,253000
T42.SI,20110224,0.08,0.08,0.08,0.08,000
T42.SI,20110223,0.08,0.08,0.08,0.08,000
T42.SI,20110222,0.08,0.08,0.08,0.08,000
T42.SI,20110221,0.09,0.09,0.08,0.08,900000
T42.SI,20110220,0.09,0.09,0.08,0.09,2940000
T42.SI,20110217,0.09,0.09,0.09,0.09,1583000
T42.SI,20110216,0.09,0.09,0.09,0.09,895000
T42.SI,20110215,0.09,0.09,0.09,0.09,1080000
T42.SI,20110214,0.08,0.09,0.08,0.09,550000
T42.SI,20110213,0.10,0.10,0.09,0.09,410000
T42.SI,20110210,0.12,0.12,0.11,0.11,1229000
T42.SI,20110209,0.08,0.08,0.08,0.08,000
T42.SI,20110208,0.08,0.08,0.08,0.08,20000
T42.SI,20110207,0.09,0.09,0.09,0.09,72000
T42.SI,20110206,0.07,0.07,0.07,0.07,000
T42.SI,20110203,0.07,0.07,0.07,0.07,000
T42.SI,20110202,0.06,0.07,0.06,0.07,18000
T42.SI,20110201,0.07,0.07,0.07,0.07,33000
T42.SI,20110131,0.06,0.06,0.06,0.06,69000
T42.SI,20110130,0.04,0.04,0.04,0.04,20000
T42.SI,20110127,0.05,0.05,0.05,0.05,000
T42.SI,20110126,0.05,0.05,0.05,0.05,000
T42.SI,20110125,0.05,0.05,0.05,0.05,000
T42.SI,20110124,0.05,0.05,0.05,0.05,000
T42.SI,20110123,0.05,0.05,0.05,0.05,000
T42.SI,20110120,0.05,0.05,0.05,0.05,3000
T42.SI,20110119,0.06,0.07,0.06,0.06,102000
T42.SI,20110118,0.06,0.06,0.06,0.06,000
T42.SI,20110117,0.06,0.06,0.06,0.06,000
T42.SI,20110116,0.06,0.06,0.06,0.06,000
T42.SI,20110113,0.06,0.06,0.06,0.06,100000
T42.SI,20110112,0.06,0.06,0.06,0.06,000
T42.SI,20110111,0.06,0.06,0.06,0.06,135000
T42.SI,20110110,0.05,0.05,0.05,0.05,30000
T42.SI,20110109,0.05,0.05,0.05,0.05,375000
T42.SI,20110106,0.07,0.07,0.07,0.07,000
T42.SI,20110105,0.09,0.09,0.07,0.07,35000
T42.SI,20110104,0.09,0.09,0.09,0.09,000
T42.SI,20110103,0.09,0.09,0.09,0.09,5000
T42.SI,20110102,0.08,0.08,0.08,0.08,000
T42.SI,20101230,0.08,0.08,0.08,0.08,000
T42.SI,20101229,0.08,0.08,0.08,0.08,15000
T42.SI,20101228,0.08,0.08,0.07,0.08,96000
T42.SI,20101227,0.05,0.06,0.05,0.06,135000
T42.SI,20101226,0.06,0.06,0.06,0.06,000
T42.SI,20101223,0.06,0.06,0.06,0.06,000
T42.SI,20101222,0.06,0.06,0.06,0.06,000
T42.SI,20101221,0.06,0.06,0.06,0.06,000
T42.SI,20101220,0.06,0.06,0.06,0.06,000
T42.SI,20101219,0.06,0.06,0.06,0.06,000
T42.SI,20101216,0.06,0.06,0.06,0.06,000
T42.SI,20101215,0.06,0.06,0.06,0.06,000
T42.SI,20101214,0.06,0.06,0.06,0.06,10000
T42.SI,20101213,0.05,0.05,0.05,0.05,000
T42.SI,20101212,0.05,0.05,0.05,0.05,000
T42.SI,20101209,0.05,0.05,0.05,0.05,000
T42.SI,20101208,0.05,0.05,0.05,0.05,000
T42.SI,20101207,0.05,0.05,0.05,0.05,20000
T42.SI,20101206,0.05,0.05,0.05,0.05,1000
T42.SI,20101205,0.05,0.05,0.05,0.05,000
T42.SI,20101202,0.05,0.05,0.05,0.05,000
T42.SI,20101201,0.05,0.05,0.05,0.05,000
T42.SI,20101130,0.05,0.05,0.05,0.05,000
T42.SI,20101129,0.05,0.05,0.05,0.05,000
T42.SI,20101128,0.05,0.05,0.05,0.05,000
T42.SI,20101125,0.05,0.05,0.05,0.05,000
T42.SI,20101124,0.05,0.05,0.05,0.05,000
T42.SI,20101123,0.05,0.05,0.05,0.05,100000
T42.SI,20101122,0.04,0.04,0.04,0.04,000
T42.SI,20101121,0.04,0.04,0.04,0.04,20000
T42.SI,20101118,0.06,0.06,0.06,0.06,000
T42.SI,20101117,0.06,0.06,0.06,0.06,000
T42.SI,20101114,0.06,0.06,0.06,0.06,15000
T42.SI,20101111,0.05,0.06,0.05,0.06,25000
T42.SI,20101108,0.07,0.07,0.06,0.06,345000
T42.SI,20101104,0.07,0.07,0.07,0.07,10000
T42.SI,20101013,0.09,0.09,0.09,0.09,35000
T42.SI,20101012,0.09,0.09,0.09,0.09,3000
T42.SI,20101005,0.06,0.06,0.06,0.06,3000
T42.SI,20101004,0.07,0.07,0.06,0.06,330000
T42.SI,20100929,0.06,0.06,0.06,0.06,100000
T42.SI,20100926,0.07,0.07,0.07,0.07,200000
T42.SI,20100923,0.06,0.06,0.06,0.06,250000
T42.SI,20100922,0.07,0.07,0.06,0.06,500000
T42.SI,20100906,0.07,0.07,0.07,0.07,3000
T42.SI,20100905,0.08,0.08,0.08,0.08,400000
T42.SI,20100902,0.08,0.08,0.08,0.08,496000
T42.SI,20100901,0.08,0.08,0.08,0.08,30000
T42.SI,20100824,0.08,0.10,0.08,0.10,234000
T42.SI,20100823,0.08,0.08,0.08,0.08,100000
T42.SI,20100822,0.07,0.07,0.07,0.07,150000
T42.SI,20100819,0.08,0.08,0.08,0.08,150000
T42.SI,20100816,0.09,0.09,0.09,0.09,250000
T42.SI,20100812,0.08,0.08,0.08,0.08,110000
T42.SI,20100811,0.08,0.08,0.08,0.08,81000
T42.SI,20100810,0.08,0.08,0.08,0.08,150000
T42.SI,20100808,0.09,0.09,0.06,0.06,50000
T42.SI,20100805,0.09,0.09,0.09,0.09,115000
T42.SI,20100803,0.09,0.09,0.09,0.09,20000
T42.SI,20100802,0.09,0.09,0.09,0.09,54000
T42.SI,20100801,0.09,0.09,0.09,0.09,20000
T42.SI,20100727,0.09,0.09,0.09,0.09,20000
T42.SI,20100722,0.09,0.09,0.09,0.09,110000
T42.SI,20100715,0.09,0.09,0.09,0.09,66000
T42.SI,20100714,0.09,0.09,0.09,0.09,10000
T42.SI,20100712,0.09,0.09,0.09,0.09,615000
T42.SI,20100707,0.09,0.09,0.09,0.09,20000
T42.SI,20100706,0.09,0.09,0.09,0.09,20000
T42.SI,20100705,0.09,0.09,0.09,0.09,26000
T42.SI,20100704,0.09,0.09,0.09,0.09,45000
T42.SI,20100701,0.10,0.10,0.09,0.09,387000
T42.SI,20100630,0.10,0.10,0.10,0.10,67000
T42.SI,20100629,0.10,0.10,0.10,0.10,216000
T42.SI,20100624,0.10,0.10,0.10,0.10,63000
T42.SI,20100622,0.10,0.10,0.10,0.10,3000
T42.SI,20100621,0.10,0.10,0.10,0.10,6000
T42.SI,20100620,0.10,0.10,0.10,0.10,200000
T42.SI,20100617,0.10,0.10,0.10,0.10,84000
T42.SI,20100616,0.10,0.10,0.10,0.10,20000
T42.SI,20100615,0.11,0.11,0.11,0.11,60000
T42.SI,20100614,0.12,0.12,0.11,0.11,64000
T42.SI,20100613,0.10,0.10,0.10,0.10,32000
T42.SI,20100610,0.11,0.11,0.11,0.11,40000
T42.SI,20100609,0.12,0.12,0.12,0.12,450000
T42.SI,20100603,0.11,0.11,0.11,0.11,155000
T42.SI,20100601,0.12,0.12,0.12,0.12,200000
T42.SI,20100531,0.12,0.12,0.11,0.11,105000
T42.SI,20100530,0.11,0.11,0.11,0.11,240000
T42.SI,20100527,0.10,0.11,0.10,0.11,90000
T42.SI,20100524,0.11,0.11,0.11,0.11,497000
T42.SI,20100523,0.11,0.11,0.10,0.11,1003000
T42.SI,20100520,0.11,0.11,0.11,0.11,180000
T42.SI,20100519,0.11,0.11,0.11,0.11,200000
T42.SI,20100518,0.12,0.12,0.12,0.12,160000
T42.SI,20100516,0.12,0.12,0.12,0.12,55000
T42.SI,20100513,0.12,0.12,0.12,0.12,515000
T42.SI,20100512,0.12,0.12,0.12,0.12,525000
T42.SI,20100511,0.12,0.12,0.12,0.12,30000
T42.SI,20100510,0.12,0.12,0.12,0.12,80000
T42.SI,20100509,0.12,0.12,0.12,0.12,12000
T42.SI,20100504,0.12,0.12,0.12,0.12,151000
T42.SI,20100503,0.12,0.12,0.12,0.12,194000
T42.SI,20100429,0.12,0.12,0.12,0.12,153000
T42.SI,20100428,0.12,0.12,0.12,0.12,190000
T42.SI,20100427,0.12,0.12,0.12,0.12,270000
T42.SI,20100426,0.11,0.11,0.11,0.11,10000
T42.SI,20100425,0.11,0.11,0.11,0.11,40000
T42.SI,20100421,0.11,0.11,0.11,0.11,90000
T42.SI,20100420,0.11,0.12,0.11,0.11,1790000
T42.SI,20100419,0.11,0.11,0.11,0.11,560000
T42.SI,20100418,0.11,0.11,0.11,0.11,4000
T42.SI,20100415,0.12,0.12,0.11,0.11,1260000
T42.SI,20100414,0.12,0.12,0.11,0.11,420000
T42.SI,20100413,0.12,0.12,0.11,0.11,65000
T42.SI,20100412,0.12,0.12,0.12,0.12,1120000
T42.SI,20100411,0.12,0.12,0.12,0.12,1092000
T42.SI,20100407,0.12,0.12,0.12,0.12,20000
T42.SI,20100404,0.12,0.12,0.12,0.12,70000
T42.SI,20100330,0.12,0.12,0.12,0.12,70000
T42.SI,20100329,0.12,0.12,0.12,0.12,29000
T42.SI,20100328,0.12,0.12,0.12,0.12,720000
T42.SI,20100325,0.12,0.12,0.12,0.12,1200000
T42.SI,20100324,0.12,0.12,0.12,0.12,970000
T42.SI,20100323,0.12,0.12,0.12,0.12,240000
T42.SI,20100321,0.12,0.12,0.12,0.12,264000
T42.SI,20100318,0.12,0.12,0.12,0.12,100000
T42.SI,20100317,0.12,0.12,0.12,0.12,700000
T42.SI,20100316,0.12,0.12,0.12,0.12,360000
T42.SI,20100315,0.12,0.12,0.12,0.12,301000
T42.SI,20100314,0.12,0.12,0.12,0.12,50000
T42.SI,20100311,0.12,0.12,0.12,0.12,57000
T42.SI,20100310,0.12,0.12,0.12,0.12,290000
T42.SI,20100309,0.12,0.12,0.12,0.12,257000
T42.SI,20100308,0.12,0.12,0.12,0.12,180000
T42.SI,20100307,0.12,0.12,0.12,0.12,23000
T42.SI,20100304,0.12,0.12,0.12,0.12,100000
T42.SI,20100303,0.12,0.12,0.12,0.12,595000
T42.SI,20100302,0.12,0.12,0.12,0.12,100000
T42.SI,20100228,0.12,0.12,0.12,0.12,90000
T42.SI,20100224,0.12,0.12,0.12,0.12,1000
T42.SI,20100218,0.13,0.13,0.12,0.12,2000
T42.SI,20100217,0.12,0.12,0.12,0.12,100000
T42.SI,20100216,0.12,0.12,0.12,0.12,60000
T42.SI,20100215,0.12,0.13,0.12,0.12,390000
T42.SI,20100211,0.14,0.14,0.14,0.14,5000
T42.SI,20100210,0.13,0.13,0.13,0.13,210000
T42.SI,20100208,0.14,0.14,0.14,0.14,200000
T42.SI,20100207,0.14,0.14,0.14,0.14,150000
T42.SI,20100201,0.14,0.14,0.14,0.14,85000
T42.SI,20100128,0.13,0.13,0.13,0.13,100000
T42.SI,20100126,0.14,0.14,0.14,0.14,60000
T42.SI,20100125,0.13,0.14,0.13,0.14,84000
T42.SI,20100124,0.14,0.14,0.14,0.14,63000
T42.SI,20100119,0.14,0.14,0.14,0.14,150000
T42.SI,20100117,0.14,0.14,0.14,0.14,10000
T42.SI,20100113,0.14,0.14,0.14,0.14,310000
T42.SI,20100112,0.14,0.14,0.13,0.14,870000
T42.SI,20100111,0.14,0.14,0.14,0.14,130000
T42.SI,20100110,0.14,0.14,0.14,0.14,200000
T42.SI,20100107,0.14,0.14,0.14,0.14,130000
T42.SI,20100106,0.13,0.14,0.13,0.14,233000
T42.SI,20100105,0.14,0.14,0.14,0.14,5000
T42.SI,20100104,0.14,0.14,0.14,0.14,40000
T42.SI,20100103,0.14,0.14,0.14,0.14,40000
