Y34.SI,20120604,0.04,0.05,0.04,0.05,884000
Y34.SI,20120603,0.04,0.05,0.04,0.04,1120000
Y34.SI,20120531,0.04,0.04,0.04,0.04,000
Y34.SI,20120530,0.04,0.05,0.04,0.04,2239000
Y34.SI,20120529,0.04,0.04,0.04,0.04,627000
Y34.SI,20120528,0.04,0.04,0.04,0.04,570000
Y34.SI,20120527,0.04,0.04,0.04,0.04,328000
Y34.SI,20120524,0.04,0.04,0.04,0.04,000
Y34.SI,20120523,0.04,0.04,0.04,0.04,200000
Y34.SI,20120522,0.04,0.04,0.04,0.04,8000
Y34.SI,20120521,0.04,0.04,0.04,0.04,000
Y34.SI,20120520,0.04,0.04,0.04,0.04,000
Y34.SI,20120517,0.04,0.04,0.04,0.04,000
Y34.SI,20120516,0.04,0.04,0.04,0.04,295000
Y34.SI,20120515,0.04,0.04,0.04,0.04,581000
Y34.SI,20120514,0.04,0.05,0.04,0.04,166000
Y34.SI,20120513,0.05,0.05,0.05,0.05,1052000
Y34.SI,20120510,0.05,0.05,0.05,0.05,223000
Y34.SI,20120509,0.05,0.05,0.04,0.04,622000
Y34.SI,20120508,0.04,0.05,0.04,0.05,2080000
Y34.SI,20120507,0.04,0.04,0.04,0.04,1285000
Y34.SI,20120506,0.04,0.04,0.04,0.04,4000
Y34.SI,20120503,0.04,0.04,0.04,0.04,1155000
Y34.SI,20120502,0.04,0.04,0.04,0.04,520000
Y34.SI,20120501,0.04,0.04,0.04,0.04,000
Y34.SI,20120430,0.04,0.05,0.04,0.04,277000
Y34.SI,20120429,0.04,0.04,0.04,0.04,2680000
Y34.SI,20120426,0.04,0.05,0.04,0.04,2282000
Y34.SI,20120425,0.04,0.04,0.04,0.04,1516000
Y34.SI,20120424,0.04,0.04,0.04,0.04,3090000
Y34.SI,20120423,0.04,0.04,0.04,0.04,2851000
Y34.SI,20120422,0.04,0.04,0.04,0.04,920000
Y34.SI,20120419,0.04,0.04,0.04,0.04,1863000
Y34.SI,20120418,0.04,0.04,0.04,0.04,1375000
Y34.SI,20120417,0.04,0.04,0.04,0.04,3053000
Y34.SI,20120416,0.04,0.05,0.04,0.04,36744000
Y34.SI,20120415,0.03,0.03,0.03,0.03,90000
Y34.SI,20120412,0.03,0.03,0.03,0.03,255000
Y34.SI,20120411,0.03,0.03,0.03,0.03,300000
Y34.SI,20120410,0.03,0.03,0.03,0.03,000
Y34.SI,20120409,0.03,0.03,0.03,0.03,150000
Y34.SI,20120408,0.03,0.03,0.03,0.03,000
Y34.SI,20120405,0.03,0.03,0.03,0.03,750000
Y34.SI,20120404,0.04,0.04,0.04,0.04,000
Y34.SI,20120403,0.04,0.04,0.04,0.04,100000
Y34.SI,20120402,0.03,0.04,0.03,0.04,2150000
Y34.SI,20120401,0.03,0.03,0.03,0.03,100000
Y34.SI,20120329,0.03,0.03,0.03,0.03,000
Y34.SI,20120328,0.03,0.03,0.03,0.03,1168000
Y34.SI,20120327,0.03,0.03,0.03,0.03,181000
Y34.SI,20120326,0.03,0.03,0.03,0.03,000
Y34.SI,20120325,0.03,0.03,0.03,0.03,90000
Y34.SI,20120322,0.03,0.03,0.03,0.03,500000
Y34.SI,20120321,0.03,0.03,0.03,0.03,2464000
Y34.SI,20120320,0.03,0.03,0.03,0.03,188000
Y34.SI,20120319,0.03,0.03,0.03,0.03,400000
Y34.SI,20120318,0.03,0.03,0.03,0.03,000
Y34.SI,20120315,0.03,0.03,0.03,0.03,000
Y34.SI,20120314,0.03,0.03,0.03,0.03,110000
Y34.SI,20120313,0.03,0.03,0.03,0.03,000
Y34.SI,20120312,0.03,0.03,0.03,0.03,000
Y34.SI,20120311,0.03,0.03,0.03,0.03,50000
Y34.SI,20120308,0.04,0.04,0.04,0.04,000
Y34.SI,20120307,0.04,0.04,0.03,0.04,731000
Y34.SI,20120306,0.04,0.04,0.04,0.04,000
Y34.SI,20120305,0.04,0.04,0.04,0.04,200000
Y34.SI,20120304,0.04,0.04,0.04,0.04,593000
Y34.SI,20120301,0.04,0.04,0.04,0.04,542000
Y34.SI,20120229,0.04,0.04,0.04,0.04,50000
Y34.SI,20120228,0.04,0.04,0.04,0.04,64000
Y34.SI,20120227,0.04,0.04,0.04,0.04,40000
Y34.SI,20120226,0.04,0.04,0.04,0.04,20000
Y34.SI,20120223,0.04,0.04,0.04,0.04,000
Y34.SI,20120222,0.04,0.04,0.04,0.04,100000
Y34.SI,20120221,0.04,0.04,0.04,0.04,1000
Y34.SI,20120220,0.04,0.04,0.04,0.04,2000
Y34.SI,20120219,0.04,0.04,0.04,0.04,000
Y34.SI,20120216,0.04,0.04,0.04,0.04,695000
Y34.SI,20120215,0.04,0.04,0.04,0.04,141000
Y34.SI,20120214,0.04,0.04,0.04,0.04,150000
Y34.SI,20120213,0.04,0.04,0.04,0.04,000
Y34.SI,20120212,0.04,0.04,0.04,0.04,000
Y34.SI,20120209,0.04,0.04,0.04,0.04,519000
Y34.SI,20120208,0.03,0.03,0.03,0.03,000
Y34.SI,20120207,0.03,0.03,0.03,0.03,000
Y34.SI,20120206,0.03,0.03,0.03,0.03,000
Y34.SI,20120205,0.04,0.04,0.03,0.03,200000
Y34.SI,20120202,0.04,0.04,0.04,0.04,000
Y34.SI,20120201,0.04,0.05,0.04,0.04,115000
Y34.SI,20120131,0.04,0.04,0.04,0.04,4000
Y34.SI,20120130,0.04,0.04,0.04,0.04,4000
Y34.SI,20120129,0.03,0.03,0.03,0.03,000
Y34.SI,20120126,0.04,0.04,0.03,0.03,300000
Y34.SI,20120125,0.04,0.04,0.04,0.04,000
Y34.SI,20120124,0.04,0.04,0.04,0.04,000
Y34.SI,20120123,0.04,0.04,0.04,0.04,000
Y34.SI,20120122,0.04,0.04,0.04,0.04,200000
Y34.SI,20120119,0.04,0.04,0.04,0.04,10000
Y34.SI,20120118,0.05,0.05,0.05,0.05,000
Y34.SI,20120117,0.05,0.05,0.05,0.05,000
Y34.SI,20120116,0.05,0.05,0.05,0.05,000
Y34.SI,20120115,0.04,0.05,0.04,0.05,449000
Y34.SI,20120112,0.04,0.04,0.04,0.04,450000
Y34.SI,20120111,0.04,0.04,0.04,0.04,27000
Y34.SI,20120110,0.04,0.04,0.04,0.04,100000
Y34.SI,20120109,0.04,0.04,0.04,0.04,235000
Y34.SI,20120108,0.05,0.05,0.04,0.05,898000
Y34.SI,20120105,0.04,0.05,0.04,0.04,1518000
Y34.SI,20120104,0.04,0.04,0.04,0.04,210000
Y34.SI,20120103,0.05,0.05,0.03,0.04,503000
Y34.SI,20120102,0.03,0.03,0.03,0.03,000
Y34.SI,20120101,0.03,0.03,0.03,0.03,000
Y34.SI,20111229,0.04,0.04,0.03,0.03,52000
Y34.SI,20111228,0.03,0.03,0.03,0.03,81000
Y34.SI,20111227,0.03,0.03,0.03,0.03,000
Y34.SI,20111226,0.03,0.03,0.03,0.03,000
Y34.SI,20111225,0.03,0.03,0.03,0.03,60000
Y34.SI,20111222,0.03,0.03,0.03,0.03,6000
Y34.SI,20111221,0.03,0.03,0.03,0.03,80000
Y34.SI,20111220,0.03,0.03,0.03,0.03,85000
Y34.SI,20111219,0.03,0.03,0.03,0.03,000
Y34.SI,20111218,0.03,0.03,0.03,0.03,000
Y34.SI,20111215,0.03,0.03,0.03,0.03,741000
Y34.SI,20111214,0.03,0.03,0.03,0.03,190000
Y34.SI,20111213,0.03,0.03,0.03,0.03,000
Y34.SI,20111212,0.03,0.03,0.03,0.03,30000
Y34.SI,20111211,0.03,0.03,0.03,0.03,000
Y34.SI,20111208,0.03,0.03,0.03,0.03,000
Y34.SI,20111207,0.03,0.03,0.03,0.03,20000
Y34.SI,20111206,0.03,0.03,0.03,0.03,000
Y34.SI,20111205,0.03,0.03,0.03,0.03,000
Y34.SI,20111204,0.03,0.03,0.03,0.03,000
Y34.SI,20111201,0.03,0.03,0.03,0.03,135000
Y34.SI,20111130,0.03,0.03,0.03,0.03,000
Y34.SI,20111129,0.03,0.03,0.03,0.03,150000
Y34.SI,20111128,0.03,0.03,0.03,0.03,278000
Y34.SI,20111127,0.03,0.03,0.03,0.03,000
Y34.SI,20111124,0.03,0.03,0.03,0.03,000
Y34.SI,20111123,0.03,0.03,0.03,0.03,178000
Y34.SI,20111122,0.03,0.03,0.03,0.03,000
Y34.SI,20111121,0.03,0.03,0.03,0.03,755000
Y34.SI,20111120,0.03,0.03,0.03,0.03,000
Y34.SI,20111117,0.03,0.03,0.03,0.03,100000
Y34.SI,20111116,0.03,0.03,0.03,0.03,20000
Y34.SI,20111115,0.03,0.03,0.03,0.03,000
Y34.SI,20111114,0.03,0.03,0.03,0.03,000
Y34.SI,20111113,0.03,0.03,0.03,0.03,20000
Y34.SI,20111110,0.03,0.03,0.03,0.03,10000
Y34.SI,20111109,0.03,0.03,0.03,0.03,000
Y34.SI,20111108,0.03,0.03,0.03,0.03,000
Y34.SI,20111107,0.03,0.03,0.03,0.03,000
Y34.SI,20111106,0.03,0.03,0.03,0.03,000
Y34.SI,20111103,0.03,0.03,0.03,0.03,000
Y34.SI,20111102,0.03,0.03,0.03,0.03,30000
Y34.SI,20111101,0.03,0.03,0.03,0.03,000
Y34.SI,20111031,0.03,0.03,0.03,0.03,50000
Y34.SI,20111030,0.03,0.03,0.03,0.03,000
Y34.SI,20111027,0.03,0.03,0.03,0.03,000
Y34.SI,20111026,0.03,0.03,0.03,0.03,000
Y34.SI,20111025,0.03,0.03,0.03,0.03,000
Y34.SI,20111024,0.03,0.03,0.03,0.03,960000
Y34.SI,20111023,0.04,0.04,0.04,0.04,000
Y34.SI,20111020,0.04,0.04,0.04,0.04,000
Y34.SI,20111019,0.04,0.04,0.04,0.04,000
Y34.SI,20111018,0.04,0.04,0.04,0.04,000
Y34.SI,20111017,0.04,0.04,0.04,0.04,102000
Y34.SI,20111016,0.03,0.03,0.03,0.03,000
Y34.SI,20111013,0.03,0.03,0.03,0.03,000
Y34.SI,20111012,0.03,0.03,0.03,0.03,000
Y34.SI,20111011,0.03,0.03,0.03,0.03,000
Y34.SI,20111010,0.03,0.03,0.03,0.03,10000
Y34.SI,20111009,0.03,0.03,0.03,0.03,35000
Y34.SI,20111006,0.03,0.03,0.03,0.03,000
Y34.SI,20111005,0.03,0.03,0.03,0.03,000
Y34.SI,20111004,0.03,0.03,0.03,0.03,000
Y34.SI,20111003,0.03,0.03,0.03,0.03,000
Y34.SI,20111002,0.03,0.03,0.03,0.03,000
Y34.SI,20110929,0.03,0.03,0.03,0.03,30000
Y34.SI,20110928,0.04,0.04,0.04,0.04,215000
Y34.SI,20110927,0.04,0.04,0.04,0.04,000
Y34.SI,20110926,0.04,0.04,0.04,0.04,000
Y34.SI,20110925,0.04,0.04,0.04,0.04,000
Y34.SI,20110922,0.04,0.04,0.04,0.04,000
Y34.SI,20110921,0.04,0.04,0.04,0.04,000
Y34.SI,20110920,0.04,0.04,0.04,0.04,000
Y34.SI,20110919,0.03,0.04,0.03,0.04,170000
Y34.SI,20110918,0.03,0.03,0.03,0.03,8000
Y34.SI,20110915,0.03,0.03,0.03,0.03,000
Y34.SI,20110914,0.03,0.03,0.03,0.03,000
Y34.SI,20110913,0.03,0.03,0.03,0.03,000
Y34.SI,20110912,0.03,0.03,0.03,0.03,000
Y34.SI,20110911,0.03,0.03,0.03,0.03,000
Y34.SI,20110908,0.03,0.03,0.03,0.03,000
Y34.SI,20110907,0.03,0.03,0.03,0.03,000
Y34.SI,20110906,0.03,0.03,0.03,0.03,000
Y34.SI,20110905,0.03,0.03,0.03,0.03,000
Y34.SI,20110904,0.03,0.03,0.03,0.03,000
Y34.SI,20110901,0.03,0.03,0.03,0.03,000
Y34.SI,20110831,0.03,0.03,0.03,0.03,000
Y34.SI,20110830,0.03,0.03,0.03,0.03,000
Y34.SI,20110829,0.03,0.03,0.03,0.03,000
Y34.SI,20110828,0.03,0.03,0.03,0.03,150000
Y34.SI,20110825,0.04,0.04,0.03,0.03,93000
Y34.SI,20110824,0.04,0.04,0.04,0.04,20000
Y34.SI,20110823,0.04,0.04,0.04,0.04,000
Y34.SI,20110822,0.04,0.04,0.04,0.04,000
Y34.SI,20110821,0.04,0.04,0.04,0.04,000
Y34.SI,20110818,0.04,0.04,0.04,0.04,000
Y34.SI,20110817,0.04,0.04,0.04,0.04,24000
Y34.SI,20110816,0.05,0.05,0.05,0.05,000
Y34.SI,20110815,0.05,0.05,0.05,0.05,000
Y34.SI,20110814,0.05,0.05,0.05,0.05,000
Y34.SI,20110811,0.05,0.05,0.05,0.05,000
Y34.SI,20110810,0.05,0.05,0.05,0.05,000
Y34.SI,20110809,0.05,0.05,0.05,0.05,000
Y34.SI,20110808,0.05,0.05,0.05,0.05,000
Y34.SI,20110807,0.05,0.05,0.05,0.05,000
Y34.SI,20110804,0.05,0.05,0.05,0.05,1000
Y34.SI,20110803,0.04,0.04,0.04,0.04,000
Y34.SI,20110802,0.05,0.05,0.04,0.04,10000
Y34.SI,20110801,0.05,0.05,0.05,0.05,000
Y34.SI,20110731,0.05,0.05,0.05,0.05,000
Y34.SI,20110728,0.05,0.05,0.05,0.05,000
Y34.SI,20110727,0.04,0.05,0.04,0.05,4000
Y34.SI,20110726,0.04,0.04,0.04,0.04,50000
Y34.SI,20110725,0.05,0.05,0.05,0.05,000
Y34.SI,20110724,0.05,0.05,0.05,0.05,000
Y34.SI,20110721,0.05,0.05,0.05,0.05,000
Y34.SI,20110720,0.05,0.05,0.05,0.05,000
Y34.SI,20110719,0.05,0.05,0.05,0.05,000
Y34.SI,20110718,0.05,0.05,0.04,0.05,101000
Y34.SI,20110717,0.04,0.04,0.04,0.04,000
Y34.SI,20110714,0.04,0.04,0.04,0.04,000
Y34.SI,20110713,0.04,0.04,0.04,0.04,000
Y34.SI,20110712,0.04,0.04,0.04,0.04,000
Y34.SI,20110711,0.04,0.04,0.04,0.04,145000
Y34.SI,20110710,0.04,0.04,0.04,0.04,57000
Y34.SI,20110707,0.04,0.04,0.04,0.04,000
Y34.SI,20110706,0.04,0.04,0.04,0.04,3000
Y34.SI,20110705,0.04,0.04,0.04,0.04,100000
Y34.SI,20110704,0.04,0.04,0.04,0.04,000
Y34.SI,20110703,0.03,0.05,0.03,0.04,474000
Y34.SI,20110630,0.05,0.05,0.05,0.05,000
Y34.SI,20110629,0.05,0.05,0.05,0.05,000
Y34.SI,20110628,0.04,0.05,0.04,0.05,50000
Y34.SI,20110627,0.05,0.05,0.03,0.03,37000
Y34.SI,20110626,0.04,0.04,0.04,0.04,5000
Y34.SI,20110623,0.04,0.04,0.04,0.04,000
Y34.SI,20110622,0.04,0.04,0.04,0.04,5000
Y34.SI,20110621,0.03,0.03,0.03,0.03,40000
Y34.SI,20110620,0.04,0.04,0.04,0.04,000
Y34.SI,20110619,0.04,0.04,0.04,0.04,000
Y34.SI,20110616,0.04,0.04,0.04,0.04,000
Y34.SI,20110615,0.04,0.04,0.04,0.04,000
Y34.SI,20110614,0.04,0.04,0.04,0.04,000
Y34.SI,20110613,0.04,0.04,0.04,0.04,000
Y34.SI,20110612,0.04,0.04,0.04,0.04,000
Y34.SI,20110609,0.04,0.04,0.04,0.04,000
Y34.SI,20110608,0.04,0.04,0.04,0.04,000
Y34.SI,20110607,0.04,0.04,0.04,0.04,000
Y34.SI,20110606,0.04,0.04,0.04,0.04,000
Y34.SI,20110605,0.04,0.04,0.04,0.04,000
Y34.SI,20110602,0.05,0.05,0.04,0.04,10000
Y34.SI,20110601,0.03,0.03,0.03,0.03,20000
Y34.SI,20110531,0.05,0.05,0.05,0.05,000
Y34.SI,20110530,0.05,0.05,0.05,0.05,000
Y34.SI,20110529,0.05,0.05,0.05,0.05,000
Y34.SI,20110526,0.05,0.05,0.05,0.05,000
Y34.SI,20110525,0.05,0.05,0.05,0.05,000
Y34.SI,20110524,0.05,0.05,0.05,0.05,10000
Y34.SI,20110523,0.04,0.04,0.04,0.04,000
Y34.SI,20110522,0.04,0.04,0.04,0.04,000
Y34.SI,20110519,0.04,0.04,0.04,0.04,000
Y34.SI,20110518,0.04,0.04,0.04,0.04,3000
Y34.SI,20110517,0.04,0.04,0.04,0.04,000
Y34.SI,20110516,0.04,0.04,0.04,0.04,000
Y34.SI,20110515,0.04,0.04,0.04,0.04,2000
Y34.SI,20110512,0.04,0.04,0.04,0.04,42000
Y34.SI,20110511,0.05,0.05,0.05,0.05,000
Y34.SI,20110510,0.05,0.05,0.05,0.05,170000
Y34.SI,20110509,0.05,0.05,0.05,0.05,40000
Y34.SI,20110508,0.05,0.05,0.05,0.05,000
Y34.SI,20110505,0.05,0.05,0.05,0.05,10000
Y34.SI,20110504,0.05,0.05,0.05,0.05,000
Y34.SI,20110503,0.05,0.05,0.05,0.05,000
Y34.SI,20110502,0.05,0.05,0.05,0.05,000
Y34.SI,20110501,0.05,0.05,0.05,0.05,000
Y34.SI,20110428,0.05,0.05,0.05,0.05,000
Y34.SI,20110427,0.05,0.05,0.05,0.05,100000
Y34.SI,20110426,0.05,0.05,0.05,0.05,105000
Y34.SI,20110425,0.05,0.05,0.05,0.05,82000
Y34.SI,20110424,0.05,0.05,0.05,0.05,40000
Y34.SI,20110421,0.05,0.05,0.05,0.05,290000
Y34.SI,20110420,0.05,0.05,0.05,0.05,000
Y34.SI,20110419,0.05,0.05,0.05,0.05,000
Y34.SI,20110418,0.05,0.05,0.05,0.05,160000
Y34.SI,20110417,0.05,0.05,0.05,0.05,000
Y34.SI,20110414,0.05,0.05,0.05,0.05,000
Y34.SI,20110413,0.05,0.05,0.05,0.05,000
Y34.SI,20110412,0.05,0.05,0.05,0.05,12000
Y34.SI,20110411,0.05,0.05,0.05,0.05,20000
Y34.SI,20110410,0.05,0.05,0.05,0.05,305000
Y34.SI,20110407,0.05,0.05,0.05,0.05,000
Y34.SI,20110406,0.05,0.05,0.05,0.05,000
Y34.SI,20110405,0.05,0.05,0.05,0.05,000
Y34.SI,20110404,0.05,0.05,0.05,0.05,000
Y34.SI,20110403,0.05,0.05,0.05,0.05,30000
Y34.SI,20110331,0.05,0.05,0.05,0.05,100000
Y34.SI,20110330,0.06,0.06,0.06,0.06,000
Y34.SI,20110329,0.06,0.06,0.06,0.06,000
Y34.SI,20110328,0.06,0.06,0.06,0.06,100000
Y34.SI,20110327,0.05,0.05,0.05,0.05,20000
Y34.SI,20110324,0.06,0.06,0.06,0.06,000
Y34.SI,20110323,0.06,0.06,0.06,0.06,000
Y34.SI,20110322,0.06,0.06,0.06,0.06,000
Y34.SI,20110321,0.05,0.06,0.05,0.06,725000
Y34.SI,20110320,0.05,0.05,0.05,0.05,000
Y34.SI,20110317,0.05,0.05,0.05,0.05,475000
Y34.SI,20110316,0.06,0.06,0.06,0.06,000
Y34.SI,20110315,0.06,0.06,0.06,0.06,000
Y34.SI,20110314,0.06,0.06,0.06,0.06,20000
Y34.SI,20110313,0.06,0.06,0.06,0.06,000
Y34.SI,20110310,0.06,0.06,0.06,0.06,000
Y34.SI,20110309,0.06,0.06,0.06,0.06,160000
Y34.SI,20110308,0.06,0.06,0.06,0.06,000
Y34.SI,20110307,0.06,0.06,0.06,0.06,000
Y34.SI,20110306,0.06,0.06,0.06,0.06,000
Y34.SI,20110303,0.06,0.06,0.06,0.06,307000
Y34.SI,20110302,0.06,0.06,0.06,0.06,330000
Y34.SI,20110301,0.06,0.07,0.06,0.07,430000
Y34.SI,20110228,0.07,0.07,0.06,0.07,380000
Y34.SI,20110227,0.06,0.07,0.06,0.07,980000
Y34.SI,20110224,0.06,0.06,0.06,0.06,30000
Y34.SI,20110223,0.06,0.06,0.06,0.06,470000
Y34.SI,20110222,0.06,0.06,0.06,0.06,47000
Y34.SI,20110221,0.06,0.06,0.06,0.06,900000
Y34.SI,20110220,0.06,0.07,0.06,0.07,1795000
Y34.SI,20110217,0.06,0.07,0.06,0.06,2340000
Y34.SI,20110216,0.05,0.06,0.05,0.06,931000
Y34.SI,20110215,0.05,0.05,0.05,0.05,260000
Y34.SI,20110214,0.05,0.05,0.05,0.05,144000
Y34.SI,20110213,0.05,0.06,0.05,0.05,1230000
Y34.SI,20110210,0.05,0.05,0.05,0.05,320000
Y34.SI,20110209,0.05,0.05,0.05,0.05,250000
Y34.SI,20110208,0.05,0.05,0.05,0.05,1250000
Y34.SI,20110207,0.05,0.05,0.05,0.05,169000
Y34.SI,20110206,0.05,0.05,0.05,0.05,512000
Y34.SI,20110203,0.05,0.05,0.05,0.05,1210000
Y34.SI,20110202,0.05,0.05,0.05,0.05,1159000
Y34.SI,20110201,0.05,0.05,0.05,0.05,1554000
Y34.SI,20110131,0.05,0.05,0.05,0.05,1231000
Y34.SI,20110130,0.05,0.05,0.05,0.05,1200000
Y34.SI,20110127,0.05,0.05,0.05,0.05,000
Y34.SI,20110126,0.05,0.05,0.05,0.05,10000
Y34.SI,20110125,0.05,0.05,0.05,0.05,000
Y34.SI,20110124,0.05,0.05,0.05,0.05,000
Y34.SI,20110123,0.05,0.05,0.05,0.05,000
Y34.SI,20110120,0.05,0.05,0.05,0.05,000
Y34.SI,20110119,0.05,0.05,0.05,0.05,30000
Y34.SI,20110118,0.05,0.05,0.05,0.05,610000
Y34.SI,20110117,0.06,0.06,0.05,0.05,620000
Y34.SI,20110116,0.06,0.06,0.06,0.06,796000
Y34.SI,20110113,0.06,0.06,0.06,0.06,81000
Y34.SI,20110112,0.05,0.05,0.05,0.05,000
Y34.SI,20110111,0.06,0.06,0.05,0.05,120000
Y34.SI,20110110,0.05,0.05,0.05,0.05,1000
Y34.SI,20110109,0.05,0.05,0.05,0.05,000
Y34.SI,20110106,0.05,0.05,0.05,0.05,732000
Y34.SI,20110105,0.06,0.06,0.06,0.06,000
Y34.SI,20110104,0.06,0.06,0.06,0.06,000
Y34.SI,20110103,0.06,0.06,0.06,0.06,000
Y34.SI,20110102,0.06,0.06,0.06,0.06,000
