QS0.SI,20120603,14.43,14.43,14.31,14.31,200
QS0.SI,20120530,14.50,14.59,14.50,14.59,3900
QS0.SI,20120523,15.02,15.02,14.84,14.84,1600
QS0.SI,20120522,15.10,15.10,15.10,15.10,200
QS0.SI,20120521,15.00,15.00,15.00,15.00,4000
QS0.SI,20120520,14.85,14.85,14.85,14.85,200
QS0.SI,20120516,11.98,11.98,11.97,11.97,1100
QS0.SI,20120515,14.91,14.91,14.91,14.91,200
QS0.SI,20120514,14.68,14.85,14.67,14.85,30400
QS0.SI,20120513,14.64,14.64,14.56,14.64,20200
QS0.SI,20120510,14.48,14.48,14.48,14.48,300
QS0.SI,20120509,11.78,11.78,11.78,11.78,700
QS0.SI,20120508,11.77,11.77,11.39,11.67,120300
QS0.SI,20120507,11.78,11.78,11.78,11.78,1000
QS0.SI,20120506,14.30,14.35,14.30,14.35,1200
QS0.SI,20120503,14.20,14.20,14.20,14.20,700
QS0.SI,20120502,14.40,14.40,14.40,14.21,1000
QS0.SI,20120430,11.74,11.74,11.72,11.72,2300
QS0.SI,20120426,11.69,11.73,11.68,11.71,17500
QS0.SI,20120425,11.16,11.60,11.16,11.60,10600
QS0.SI,20120423,11.36,11.36,11.36,11.36,2000
QS0.SI,20120419,14.18,14.21,14.18,14.21,1100
QS0.SI,20120418,14.11,14.11,14.11,14.11,2200
QS0.SI,20120417,11.29,11.30,11.26,11.26,1500
QS0.SI,20120415,13.87,13.87,13.87,13.87,1800
QS0.SI,20120412,13.89,13.92,13.89,13.92,300
QS0.SI,20120411,11.24,11.46,11.23,11.29,76700
QS0.SI,20120410,11.22,11.22,11.18,11.18,3000
QS0.SI,20120409,13.84,13.84,13.84,13.84,700
QS0.SI,20120408,11.07,11.07,11.07,11.07,1500
QS0.SI,20120405,13.55,13.82,13.52,13.75,5400
QS0.SI,20120404,13.65,13.65,13.65,13.65,300
QS0.SI,20120403,11.05,11.08,10.95,10.95,25700
QS0.SI,20120402,11.12,11.12,10.97,10.97,9500
QS0.SI,20120401,11.50,11.50,11.50,11.50,2500
QS0.SI,20120327,11.36,11.50,11.35,11.45,6400
QS0.SI,20120325,11.16,11.20,11.16,11.20,3500
QS0.SI,20120322,13.93,13.93,13.93,13.93,1000
QS0.SI,20120321,13.95,13.95,13.86,13.91,900
QS0.SI,20120320,8.66,11.14,8.66,11.10,20000
QS0.SI,20120319,11.10,11.23,10.80,11.17,88500
QS0.SI,20120318,14.15,14.15,14.15,14.15,100
QS0.SI,20120315,14.21,14.21,14.21,14.21,12000
QS0.SI,20120314,14.21,14.21,14.19,14.19,13000
QS0.SI,20120313,11.30,11.31,11.30,11.31,2700
QS0.SI,20120311,11.38,11.38,11.23,11.24,74600
QS0.SI,20120307,11.34,11.34,11.34,11.34,100
QS0.SI,20120306,14.03,14.03,14.03,14.03,400
QS0.SI,20120305,11.25,11.25,11.25,11.25,300
QS0.SI,20120304,11.25,11.25,11.25,11.25,100
QS0.SI,20120301,11.28,11.29,11.24,11.28,12400
QS0.SI,20120229,11.06,11.26,11.06,11.24,5100
QS0.SI,20120228,13.85,13.85,13.83,13.84,1600
QS0.SI,20120227,11.26,11.26,11.26,11.26,500
QS0.SI,20120226,11.28,11.28,11.28,11.28,10100
QS0.SI,20120223,11.15,11.15,11.15,11.15,1000
QS0.SI,20120222,11.16,11.16,11.10,11.10,4100
QS0.SI,20120220,13.95,13.95,13.95,13.95,12000
QS0.SI,20120216,11.17,11.17,11.17,11.17,300
QS0.SI,20120215,11.30,11.34,11.30,11.34,8800
QS0.SI,20120214,13.98,13.99,13.98,13.99,5700
QS0.SI,20120207,13.82,13.82,13.81,13.82,4500
QS0.SI,20120206,11.21,11.21,11.21,11.21,400
QS0.SI,20120205,13.85,13.85,13.85,13.85,7400
QS0.SI,20120202,11.18,11.18,11.18,11.18,700
QS0.SI,20120131,11.15,11.17,11.15,11.15,6500
QS0.SI,20120130,13.79,13.79,13.76,13.76,800
QS0.SI,20120129,13.72,13.72,13.70,13.70,1900
QS0.SI,20120124,11.07,11.10,11.07,11.10,9000
QS0.SI,20120123,13.62,13.62,13.62,13.62,300
QS0.SI,20120122,13.64,13.70,13.64,13.70,4000
QS0.SI,20120117,11.09,11.09,11.09,11.09,13000
QS0.SI,20120115,13.66,13.66,13.54,13.54,6500
QS0.SI,20120111,11.12,11.12,11.11,11.11,2500
QS0.SI,20120110,13.66,13.66,13.66,13.66,2300
QS0.SI,20120109,10.98,10.98,10.98,10.98,100
QS0.SI,20120108,13.73,13.73,13.73,13.73,1500
QS0.SI,20120105,13.82,13.83,13.68,13.68,9000
QS0.SI,20120104,13.86,13.99,13.86,13.97,4400
QS0.SI,20120103,10.99,11.00,10.99,11.00,2900
QS0.SI,20111228,13.25,13.39,13.14,13.38,4700
QS0.SI,20111227,13.27,13.27,13.14,13.15,16400
QS0.SI,20111222,10.88,10.88,10.88,10.88,3000
QS0.SI,20111221,10.88,10.88,10.88,10.88,6000
QS0.SI,20111215,10.85,10.85,10.85,10.85,900
QS0.SI,20111214,10.95,10.95,10.93,10.95,12700
QS0.SI,20111213,10.77,10.77,10.77,10.77,200
QS0.SI,20111212,10.77,10.77,10.75,10.75,900
QS0.SI,20111208,10.68,10.68,10.68,10.68,3000
QS0.SI,20111206,12.90,12.90,12.90,12.90,800
QS0.SI,20111205,12.91,12.91,12.91,12.91,2500
QS0.SI,20111204,10.60,10.60,10.58,10.59,2800
QS0.SI,20111201,13.00,13.00,13.00,13.00,2500
QS0.SI,20111130,12.95,12.95,12.95,12.95,400
QS0.SI,20111129,10.52,10.52,10.51,10.51,11900
QS0.SI,20111128,10.57,10.60,10.57,10.60,800
QS0.SI,20111127,10.57,10.57,10.57,10.57,1500
QS0.SI,20111124,12.91,12.93,12.91,12.93,9000
QS0.SI,20111121,12.91,12.91,12.91,12.91,100
QS0.SI,20111120,10.00,10.42,10.00,10.42,1100
QS0.SI,20111117,12.83,12.83,12.83,12.83,400
QS0.SI,20111115,10.46,10.46,10.46,10.46,200
QS0.SI,20111109,10.53,10.59,10.53,10.59,17700
QS0.SI,20111106,10.55,10.56,10.55,10.56,15200
QS0.SI,20111103,10.62,10.62,7.06,7.11,24600
QS0.SI,20111102,10.65,10.65,10.65,10.65,400
QS0.SI,20111025,10.67,10.69,10.67,10.69,17700
QS0.SI,20111023,13.03,13.03,13.01,13.01,1700
QS0.SI,20111018,13.11,13.11,13.11,13.11,400
QS0.SI,20111017,13.08,13.08,12.99,12.99,15000
QS0.SI,20111016,10.65,10.67,10.65,10.67,36000
QS0.SI,20111013,13.03,13.05,13.01,13.02,1800
QS0.SI,20111012,13.07,13.07,13.07,13.07,5000
QS0.SI,20111011,13.02,13.09,13.02,13.09,15000
QS0.SI,20111010,13.22,13.23,13.22,13.23,7500
QS0.SI,20111009,13.23,13.23,13.21,13.21,7500
QS0.SI,20111006,13.18,13.21,13.18,13.21,7500
QS0.SI,20111005,10.68,10.70,10.68,10.70,48000
QS0.SI,20111004,10.61,10.61,10.61,10.61,60000
QS0.SI,20111002,13.06,13.06,13.06,13.06,2500
QS0.SI,20110929,10.62,10.64,10.62,10.62,75000
QS0.SI,20110927,12.92,12.92,12.92,12.92,5000
QS0.SI,20110926,13.12,13.12,13.12,13.12,4500
QS0.SI,20110925,13.01,13.01,13.00,13.00,10000
QS0.SI,20110922,13.08,13.08,13.08,13.08,300
QS0.SI,20110921,13.07,13.07,13.07,13.07,5000
QS0.SI,20110920,13.10,13.16,13.10,13.16,10000
QS0.SI,20110919,13.12,13.12,13.12,13.12,900
QS0.SI,20110918,13.19,13.20,13.19,13.20,8500
QS0.SI,20110915,13.15,13.22,13.13,13.15,22500
QS0.SI,20110914,10.56,10.56,10.56,10.56,14400
QS0.SI,20110913,12.88,12.93,12.88,12.93,12500
QS0.SI,20110911,10.42,10.42,10.42,10.42,46200
QS0.SI,20110908,12.96,12.96,12.93,12.94,15400
QS0.SI,20110907,12.83,12.83,12.79,12.79,3000
QS0.SI,20110906,10.33,10.33,10.33,10.33,300
QS0.SI,20110904,12.92,12.92,12.92,12.92,10000
QS0.SI,20110901,12.86,12.86,12.86,12.86,1900
QS0.SI,20110831,10.28,10.29,10.25,10.27,13300
QS0.SI,20110830,13.07,13.07,13.07,13.07,300
QS0.SI,20110828,13.04,13.04,13.03,13.03,5000
QS0.SI,20110825,10.40,10.40,10.40,10.40,1000
QS0.SI,20110824,10.50,10.52,10.50,10.51,39000
QS0.SI,20110822,13.10,13.10,13.10,13.10,5000
QS0.SI,20110815,10.42,10.46,10.42,10.45,50800
QS0.SI,20110804,10.30,10.30,10.30,10.30,600
QS0.SI,20110803,10.31,10.32,10.31,10.32,400
QS0.SI,20110728,12.78,12.78,12.78,12.78,2500
QS0.SI,20110727,10.04,10.04,10.04,10.04,100
QS0.SI,20110726,12.61,12.61,12.61,12.61,1000
QS0.SI,20110725,10.03,10.05,10.02,10.05,27300
QS0.SI,20110724,10.07,10.07,10.07,10.07,2500
QS0.SI,20110707,12.74,12.75,12.72,12.72,5000
QS0.SI,20110703,12.60,12.60,12.60,12.60,1500
QS0.SI,20110623,9.60,9.63,9.60,9.63,42000
QS0.SI,20110622,9.79,9.79,9.79,9.79,300
QS0.SI,20110621,9.81,9.81,9.81,9.81,80000
QS0.SI,20110616,9.55,9.56,9.55,9.56,8000
QS0.SI,20110615,9.59,9.59,9.59,9.59,300
QS0.SI,20110614,9.61,9.61,9.61,9.61,500
QS0.SI,20110613,9.72,9.72,9.62,9.62,10000
QS0.SI,20110608,10.15,10.15,9.71,9.81,85400
QS0.SI,20110607,9.36,9.80,9.36,9.80,131300
QS0.SI,20110606,9.32,9.32,9.24,9.32,17000
QS0.SI,20110601,9.38,9.50,9.38,9.50,1800
QS0.SI,20110531,9.53,9.53,9.53,9.53,1100
QS0.SI,20110530,9.51,9.51,9.51,9.51,5000
QS0.SI,20110526,9.50,9.51,9.48,9.51,8000
QS0.SI,20110524,9.58,9.58,9.58,9.58,200
QS0.SI,20110522,9.59,9.59,9.58,9.58,12800
QS0.SI,20110519,9.66,9.66,9.58,9.58,27900
QS0.SI,20110518,9.77,9.81,9.77,9.81,1900
QS0.SI,20110517,9.85,9.85,9.78,9.78,5600
QS0.SI,20110511,10.21,10.22,10.20,10.20,74800
QS0.SI,20110509,10.28,10.28,10.28,10.28,700
QS0.SI,20110508,10.29,10.29,10.29,10.29,19300
QS0.SI,20110505,10.40,10.40,10.40,10.40,1900
QS0.SI,20110501,10.33,10.33,10.33,10.33,300
QS0.SI,20110428,10.28,10.36,10.28,10.36,5300
QS0.SI,20110425,10.21,10.28,10.21,10.28,5200
QS0.SI,20110424,10.32,10.32,10.32,10.32,200
QS0.SI,20110420,10.26,10.26,10.26,10.26,17900
QS0.SI,20110417,10.23,10.24,10.23,10.23,147500
QS0.SI,20110413,10.12,10.19,10.12,10.19,11600
QS0.SI,20110412,10.13,10.13,10.09,10.11,45500
QS0.SI,20110411,10.23,10.23,10.20,10.22,18500
QS0.SI,20110405,10.37,10.37,10.37,10.37,67600
QS0.SI,20110404,10.42,10.42,10.42,10.42,2500
QS0.SI,20110403,10.63,10.63,10.30,10.36,48300
QS0.SI,20110331,10.66,10.68,10.64,10.67,8000
QS0.SI,20110330,10.54,10.59,10.54,10.59,1000
QS0.SI,20110329,10.63,10.63,10.63,10.63,14900
QS0.SI,20110322,10.49,10.52,10.43,10.52,25700
QS0.SI,20110320,10.59,10.59,10.59,10.59,10600
QS0.SI,20110317,10.56,10.57,10.56,10.57,31400
QS0.SI,20110316,10.51,10.51,10.51,10.51,5100
QS0.SI,20110315,10.50,10.52,10.50,10.52,200
QS0.SI,20110313,10.38,10.38,10.38,10.38,100
QS0.SI,20110310,10.41,10.50,10.41,10.46,2100
QS0.SI,20110309,10.38,10.43,10.36,10.41,17600
QS0.SI,20110308,10.31,10.31,10.26,10.26,1400
QS0.SI,20110303,10.61,10.64,10.60,10.63,14000
QS0.SI,20110224,10.46,10.46,10.40,10.42,11500
QS0.SI,20110223,10.47,10.49,10.45,10.49,7000
QS0.SI,20110222,10.48,10.48,10.48,10.48,300
QS0.SI,20110221,10.56,10.56,10.56,10.56,1200
QS0.SI,20110220,10.55,10.55,10.50,10.50,70100
QS0.SI,20110217,10.42,10.42,10.40,10.40,10000
QS0.SI,20110216,10.25,10.36,10.25,10.36,67900
QS0.SI,20110215,10.10,10.30,10.10,10.30,600
QS0.SI,20110210,10.38,10.43,10.38,10.43,4600
QS0.SI,20110209,10.40,10.45,10.40,10.45,29200
QS0.SI,20110208,10.45,10.54,10.45,10.54,1500
QS0.SI,20110207,10.31,10.45,10.26,10.30,86800
QS0.SI,20110206,10.46,10.47,10.37,10.37,700
QS0.SI,20110203,10.37,10.37,10.30,10.32,19200
QS0.SI,20110202,10.27,10.27,10.27,10.27,1700
QS0.SI,20110201,10.21,10.21,10.11,10.17,30000
QS0.SI,20110131,10.15,10.20,10.14,10.20,48000
QS0.SI,20110127,10.25,10.25,10.24,10.25,23100
QS0.SI,20110126,10.19,10.19,10.18,10.18,29700
QS0.SI,20110125,10.05,10.13,10.05,10.13,190800
QS0.SI,20110120,10.00,10.08,10.00,10.01,70800
QS0.SI,20110119,9.92,9.99,9.92,9.98,20000
QS0.SI,20110117,9.70,9.70,9.70,9.70,3800
QS0.SI,20110116,9.67,9.67,9.67,9.67,22100
QS0.SI,20110112,9.77,9.77,9.77,9.77,700
QS0.SI,20110110,9.71,9.71,9.71,9.71,10000
QS0.SI,20110109,9.53,9.53,9.53,9.53,1000
QS0.SI,20110106,9.66,9.66,9.66,9.66,2500
QS0.SI,20110104,9.69,9.69,9.69,9.69,7500
QS0.SI,20110103,9.60,9.68,9.60,9.68,8000
QS0.SI,20110102,9.56,9.56,9.56,9.56,000
