M62.SI,20120606,11.28,11.28,11.28,11.28,500
M62.SI,20120530,14.50,14.59,14.50,14.59,3900
M62.SI,20120523,15.02,15.02,14.84,14.84,1600
M62.SI,20120522,15.10,15.10,15.10,15.10,200
M62.SI,20120521,15.00,15.00,15.00,15.00,4000
M62.SI,20120520,14.85,14.85,14.85,14.85,200
M62.SI,20120516,11.98,11.98,11.97,11.97,1100
M62.SI,20120515,14.91,14.91,14.91,14.91,200
M62.SI,20120514,14.68,14.85,14.67,14.85,30400
M62.SI,20120513,14.64,14.64,14.56,14.64,20200
M62.SI,20120510,14.48,14.48,14.48,14.48,300
M62.SI,20120509,11.78,11.78,11.78,11.78,700
M62.SI,20120508,11.77,11.77,11.39,11.67,120300
M62.SI,20120507,11.78,11.78,11.78,11.78,1000
M62.SI,20120506,14.30,14.35,14.30,14.35,1200
M62.SI,20120503,14.20,14.20,14.20,14.20,700
M62.SI,20120502,14.40,14.40,14.40,14.21,1000
M62.SI,20120430,11.74,11.74,11.72,11.72,2300
M62.SI,20120426,11.69,11.73,11.68,11.71,17500
M62.SI,20120425,11.16,11.60,11.16,11.60,10600
M62.SI,20120423,11.36,11.36,11.36,11.36,2000
M62.SI,20120419,14.18,14.21,14.18,14.21,1100
M62.SI,20120418,14.11,14.11,14.11,14.11,2200
M62.SI,20120417,11.29,11.30,11.26,11.26,1500
M62.SI,20120415,13.87,13.87,13.87,13.87,1800
M62.SI,20120412,13.89,13.92,13.89,13.92,300
M62.SI,20120411,11.24,11.46,11.23,11.29,76700
M62.SI,20120410,11.22,11.22,11.18,11.18,3000
M62.SI,20120409,13.84,13.84,13.84,13.84,700
M62.SI,20120405,13.55,13.82,13.52,13.75,5400
M62.SI,20120404,13.65,13.65,13.65,13.65,300
M62.SI,20120403,11.05,11.08,10.95,10.95,25700
M62.SI,20120402,11.12,11.12,10.97,10.97,9500
M62.SI,20120401,11.50,11.50,11.50,11.50,2500
M62.SI,20120327,11.36,11.50,11.35,11.45,6400
M62.SI,20120325,11.16,11.20,11.16,11.20,3500
M62.SI,20120322,13.93,13.93,13.93,13.93,1000
M62.SI,20120321,13.95,13.95,13.86,13.91,900
M62.SI,20120320,8.66,11.14,8.66,11.10,20000
M62.SI,20120319,11.10,11.23,10.80,11.17,88500
M62.SI,20120318,14.15,14.15,14.15,14.15,100
M62.SI,20120315,14.21,14.21,14.21,14.21,12000
M62.SI,20120314,14.21,14.21,14.19,14.19,13000
M62.SI,20120313,11.30,11.31,11.30,11.31,2700
M62.SI,20120311,11.38,11.38,11.23,11.24,74600
M62.SI,20120307,11.34,11.34,11.34,11.34,100
M62.SI,20120306,14.03,14.03,14.03,14.03,400
M62.SI,20120305,11.25,11.25,11.25,11.25,300
M62.SI,20120304,11.25,11.25,11.25,11.25,100
M62.SI,20120301,11.28,11.29,11.24,11.28,12400
M62.SI,20120229,11.06,11.26,11.06,11.24,5100
M62.SI,20120228,13.85,13.85,13.83,13.84,1600
M62.SI,20120227,11.26,11.26,11.26,11.26,500
M62.SI,20120226,11.28,11.28,11.28,11.28,10100
M62.SI,20120223,11.15,11.15,11.15,11.15,1000
M62.SI,20120222,11.16,11.16,11.10,11.10,4100
M62.SI,20120220,13.95,13.95,13.95,13.95,12000
M62.SI,20120216,11.17,11.17,11.17,11.17,300
M62.SI,20120215,11.30,11.34,11.30,11.34,8800
M62.SI,20120214,13.98,13.99,13.98,13.99,5700
M62.SI,20120207,13.82,13.82,13.81,13.82,4500
M62.SI,20120206,11.21,11.21,11.21,11.21,400
M62.SI,20120205,13.85,13.85,13.85,13.85,7400
M62.SI,20120202,11.18,11.18,11.18,11.18,700
M62.SI,20120131,11.15,11.17,11.15,11.15,6500
M62.SI,20120130,13.79,13.79,13.76,13.76,800
M62.SI,20120129,13.72,13.72,13.70,13.70,1900
M62.SI,20120124,11.07,11.10,11.07,11.10,9000
M62.SI,20120123,13.62,13.62,13.62,13.62,300
M62.SI,20120122,13.64,13.70,13.64,13.70,4000
M62.SI,20120117,11.09,11.09,11.09,11.09,13000
M62.SI,20120115,13.66,13.66,13.54,13.54,6500
M62.SI,20120111,11.12,11.12,11.11,11.11,2500
M62.SI,20120110,13.66,13.66,13.66,13.66,2300
M62.SI,20120109,10.98,10.98,10.98,10.98,100
M62.SI,20120108,13.73,13.73,13.73,13.73,1500
M62.SI,20120105,13.82,13.83,13.68,13.68,9000
M62.SI,20120104,13.86,13.99,13.86,13.97,4400
M62.SI,20120103,10.99,11.00,10.99,11.00,2900
M62.SI,20111228,13.25,13.39,13.14,13.38,4700
M62.SI,20111227,13.27,13.27,13.14,13.15,16400
M62.SI,20111222,10.88,10.88,10.88,10.88,3000
M62.SI,20111221,10.88,10.88,10.88,10.88,6000
M62.SI,20111215,10.85,10.85,10.85,10.85,900
M62.SI,20111214,10.95,10.95,10.93,10.95,12700
M62.SI,20111213,10.77,10.77,10.77,10.77,200
M62.SI,20111212,10.77,10.77,10.75,10.75,900
M62.SI,20111208,10.68,10.68,10.68,10.68,3000
M62.SI,20111206,12.90,12.90,12.90,12.90,800
M62.SI,20111205,12.91,12.91,12.91,12.91,2500
M62.SI,20111201,13.00,13.00,13.00,13.00,2500
M62.SI,20111130,12.95,12.95,12.95,12.95,400
M62.SI,20111129,10.52,10.52,10.51,10.51,11900
M62.SI,20111128,10.57,10.60,10.57,10.60,800
M62.SI,20111127,10.57,10.57,10.57,10.57,1500
M62.SI,20111124,12.91,12.93,12.91,12.93,9000
M62.SI,20111121,12.91,12.91,12.91,12.91,100
M62.SI,20111120,10.00,10.42,10.00,10.42,1100
M62.SI,20111117,12.83,12.83,12.83,12.83,400
M62.SI,20111115,10.46,10.46,10.46,10.46,200
M62.SI,20111109,10.53,10.59,10.53,10.59,17700
M62.SI,20111106,10.55,10.56,10.55,10.56,15200
M62.SI,20111103,10.62,10.62,7.06,7.11,24600
M62.SI,20111102,10.65,10.65,10.65,10.65,400
M62.SI,20111025,10.67,10.69,10.67,10.69,17700
M62.SI,20111023,13.03,13.03,13.01,13.01,1700
M62.SI,20111018,13.11,13.11,13.11,13.11,400
M62.SI,20111017,13.08,13.08,12.99,12.99,15000
M62.SI,20111016,10.65,10.67,10.65,10.67,36000
M62.SI,20111013,13.03,13.05,13.01,13.02,1800
M62.SI,20111012,13.07,13.07,13.07,13.07,5000
M62.SI,20111011,10.58,10.66,10.58,10.66,6800
M62.SI,20111010,10.75,10.77,10.75,10.77,18000
M62.SI,20111009,10.73,10.77,10.73,10.76,18300
M62.SI,20111006,10.80,10.86,10.80,10.80,000
M62.SI,20111005,10.68,10.70,10.68,10.70,48000
M62.SI,20111004,10.61,10.61,10.61,10.61,60000
M62.SI,20111003,10.63,10.72,10.63,10.63,000
M62.SI,20111002,10.54,10.54,10.53,10.53,18500
M62.SI,20110929,10.62,10.64,10.62,10.62,75000
M62.SI,20110928,10.52,10.60,10.52,10.52,000
M62.SI,20110927,10.60,10.60,10.60,10.60,100
M62.SI,20110926,10.59,10.67,10.59,10.59,000
M62.SI,20110925,10.58,10.58,10.55,10.55,3500
M62.SI,20110922,10.63,10.73,10.63,10.63,000
M62.SI,20110912,10.42,10.48,10.42,10.42,000
M62.SI,20110905,10.35,10.40,10.35,10.35,000
M62.SI,20110904,10.34,10.36,10.34,10.36,12000
M62.SI,20110829,10.36,10.45,10.36,10.36,000
M62.SI,20110814,10.40,10.46,10.40,10.40,000
M62.SI,20110811,10.42,10.49,10.42,10.42,000
M62.SI,20110809,10.40,10.45,10.40,10.40,000
M62.SI,20110808,10.37,10.45,10.37,10.37,000
M62.SI,20110807,10.40,10.48,10.40,10.40,000
M62.SI,20110804,10.30,10.30,10.30,10.30,600
M62.SI,20110803,10.31,10.32,10.31,10.32,400
M62.SI,20110802,10.37,10.45,10.37,10.37,000
M62.SI,20110801,10.41,10.49,10.41,10.41,000
M62.SI,20110731,10.31,10.39,10.31,10.31,000
M62.SI,20110728,10.21,10.21,10.19,10.19,12500
M62.SI,20110727,10.04,10.04,10.04,10.04,100
M62.SI,20110726,9.95,10.01,9.95,9.98,20900
M62.SI,20110725,10.03,10.05,10.02,10.05,27300
M62.SI,20110724,10.07,10.07,10.07,10.07,2500
M62.SI,20110721,10.24,10.30,10.24,10.24,000
M62.SI,20110720,10.31,10.32,10.31,10.31,000
M62.SI,20110719,10.21,10.25,10.21,10.25,2800
M62.SI,20110718,10.22,10.27,10.22,10.22,000
M62.SI,20110717,10.11,10.17,10.11,10.11,000
M62.SI,20110714,10.04,10.12,10.04,10.04,000
M62.SI,20110713,9.96,10.04,9.96,9.96,000
M62.SI,20110712,9.92,9.92,9.92,9.92,400
M62.SI,20110711,9.99,9.99,9.99,9.99,10000
M62.SI,20110710,9.91,9.91,9.91,9.91,300
M62.SI,20110707,10.13,10.13,9.97,10.00,107400
M62.SI,20110706,10.07,10.07,10.07,10.07,1500
M62.SI,20110705,10.09,10.13,10.09,10.13,1500
M62.SI,20110704,10.07,10.14,10.07,10.07,000
M62.SI,20110703,9.96,9.96,9.96,9.96,4000
M62.SI,20110630,9.61,9.69,9.61,9.69,2200
M62.SI,20110629,9.65,9.71,9.65,9.65,000
M62.SI,20110628,9.56,9.56,9.56,9.56,300
M62.SI,20110627,9.56,9.60,9.56,9.56,000
M62.SI,20110626,9.61,9.61,9.61,9.61,1500
M62.SI,20110623,9.60,9.63,9.60,9.63,42000
M62.SI,20110622,9.79,9.79,9.79,9.79,300
M62.SI,20110621,9.81,9.81,9.81,9.81,80000
M62.SI,20110620,9.79,9.85,9.79,9.79,000
M62.SI,20110619,9.72,9.79,9.72,9.72,000
M62.SI,20110616,9.55,9.56,9.55,9.56,8000
M62.SI,20110615,9.59,9.59,9.59,9.59,300
M62.SI,20110614,9.61,9.61,9.61,9.61,500
M62.SI,20110613,9.72,9.72,9.62,9.62,10000
M62.SI,20110612,9.60,9.90,9.60,9.60,000
M62.SI,20110609,9.45,9.69,9.45,9.45,000
