C09.SI,20120604,10.65,10.95,10.64,10.85,1694000
C09.SI,20120603,10.68,10.85,10.68,10.75,1967000
C09.SI,20120531,10.87,10.88,10.72,10.78,9680000
C09.SI,20120530,10.83,10.91,10.71,10.91,1933000
C09.SI,20120529,10.86,10.98,10.85,10.89,1091000
C09.SI,20120528,10.83,10.95,10.83,10.89,1293000
C09.SI,20120527,10.85,10.93,10.81,10.84,976000
C09.SI,20120524,10.85,10.85,10.85,10.85,000
C09.SI,20120523,11.00,11.09,10.77,10.85,2663000
C09.SI,20120522,11.20,11.27,11.05,11.05,1152000
C09.SI,20120521,11.09,11.20,11.03,11.15,899000
C09.SI,20120520,11.03,11.14,11.03,11.13,761000
C09.SI,20120517,11.10,11.13,11.03,11.03,545000
C09.SI,20120516,11.35,11.37,10.99,11.02,3760000
C09.SI,20120515,11.46,11.52,11.32,11.35,898000
C09.SI,20120514,11.54,11.55,11.36,11.46,706000
C09.SI,20120513,11.50,11.70,11.50,11.60,1108000
C09.SI,20120510,11.44,11.50,11.34,11.50,997000
C09.SI,20120509,11.42,11.45,11.30,11.43,393000
C09.SI,20120508,11.37,11.45,11.35,11.39,455000
C09.SI,20120507,11.40,11.45,11.36,11.43,275000
C09.SI,20120506,11.45,11.45,11.42,11.43,469000
C09.SI,20120503,11.37,11.40,11.27,11.38,742000
C09.SI,20120502,11.26,11.36,11.20,11.26,851000
C09.SI,20120501,11.26,11.26,11.26,11.26,000
C09.SI,20120430,11.43,11.46,11.25,11.26,2087000
C09.SI,20120429,11.29,11.40,11.26,11.39,1254000
C09.SI,20120426,11.40,11.43,11.32,11.34,1118000
C09.SI,20120425,11.19,11.37,11.19,11.31,1300000
C09.SI,20120424,11.21,11.27,11.05,11.27,898000
C09.SI,20120423,11.28,11.28,11.11,11.19,755000
C09.SI,20120422,11.25,11.30,11.16,11.25,1176000
C09.SI,20120419,11.05,11.26,11.02,11.25,1969000
C09.SI,20120418,10.93,11.05,10.92,10.98,1043000
C09.SI,20120417,11.22,11.27,10.94,10.95,1151000
C09.SI,20120416,11.18,11.25,11.10,11.15,724000
C09.SI,20120415,11.24,11.32,11.22,11.24,417000
C09.SI,20120412,11.24,11.37,11.23,11.29,575000
C09.SI,20120411,11.24,11.30,11.22,11.27,427000
C09.SI,20120410,11.28,11.28,11.20,11.22,1036000
C09.SI,20120409,11.22,11.36,11.18,11.31,501000
C09.SI,20120408,11.13,11.22,11.13,11.22,410000
C09.SI,20120405,11.35,11.41,11.13,11.17,720000
C09.SI,20120404,11.20,11.28,11.20,11.22,402000
C09.SI,20120403,11.20,11.32,11.16,11.26,799000
C09.SI,20120402,11.26,11.27,11.11,11.16,1111000
C09.SI,20120401,11.36,11.36,11.23,11.34,381000
C09.SI,20120329,11.33,11.33,11.33,11.33,000
C09.SI,20120328,11.30,11.38,11.24,11.33,1894000
C09.SI,20120327,11.10,11.27,11.10,11.23,1136000
C09.SI,20120326,10.99,11.08,10.99,11.01,589000
C09.SI,20120325,11.03,11.09,11.02,11.05,713000
C09.SI,20120322,10.90,11.07,10.87,11.02,968000
C09.SI,20120321,10.69,10.97,10.68,10.97,1237000
C09.SI,20120320,10.72,10.76,10.68,10.68,1025000
C09.SI,20120319,10.86,10.90,10.75,10.77,1302000
C09.SI,20120318,10.79,10.95,10.78,10.85,1705000
C09.SI,20120315,11.18,11.21,10.76,10.76,3864000
C09.SI,20120314,11.24,11.24,11.15,11.17,496000
C09.SI,20120313,11.18,11.30,11.16,11.26,805000
C09.SI,20120312,11.22,11.29,11.18,11.19,645000
C09.SI,20120311,11.22,11.32,11.20,11.24,811000
C09.SI,20120308,11.32,11.36,11.13,11.20,1884000
C09.SI,20120307,11.55,11.55,11.31,11.40,1208000
C09.SI,20120306,11.42,11.60,11.42,11.60,1697000
C09.SI,20120305,11.20,11.49,11.20,11.41,1845000
C09.SI,20120304,11.19,11.20,11.11,11.15,974000
C09.SI,20120301,11.10,11.20,11.10,11.13,701000
C09.SI,20120229,11.26,11.33,11.10,11.17,2241000
C09.SI,20120228,11.17,11.23,11.13,11.13,1484000
C09.SI,20120227,11.23,11.32,11.15,11.15,2291000
C09.SI,20120226,11.22,11.40,11.21,11.35,701000
C09.SI,20120223,11.30,11.30,11.23,11.23,1175000
C09.SI,20120222,11.27,11.37,11.25,11.26,929000
C09.SI,20120221,11.40,11.42,11.28,11.30,1646000
C09.SI,20120220,11.40,11.49,11.30,11.34,760000
C09.SI,20120219,11.43,11.43,11.36,11.41,422000
C09.SI,20120216,11.53,11.53,11.41,11.43,422000
C09.SI,20120215,11.51,11.54,11.42,11.42,742000
C09.SI,20120214,11.58,11.58,11.42,11.47,1003000
C09.SI,20120213,11.46,11.46,11.46,11.46,000
C09.SI,20120212,11.46,11.46,11.46,11.46,000
C09.SI,20120209,11.54,11.55,11.43,11.46,1450000
C09.SI,20120208,11.48,11.52,11.41,11.52,2623000
C09.SI,20120207,11.49,11.52,11.46,11.50,1698000
C09.SI,20120206,11.70,11.70,11.26,11.40,2650000
C09.SI,20120205,11.76,11.76,11.68,11.70,1014000
C09.SI,20120202,11.70,11.73,11.65,11.70,903000
C09.SI,20120201,11.80,11.80,11.63,11.69,2089000
C09.SI,20120131,11.50,11.80,11.50,11.80,3276000
C09.SI,20120130,11.29,11.48,11.29,11.42,1718000
C09.SI,20120129,11.29,11.34,11.28,11.34,1441000
C09.SI,20120126,11.28,11.31,11.23,11.30,1976000
C09.SI,20120125,11.24,11.36,11.18,11.26,1516000
C09.SI,20120124,11.21,11.34,11.17,11.28,2080000
C09.SI,20120123,11.21,11.31,11.13,11.14,1758000
C09.SI,20120122,11.38,11.40,11.22,11.22,1120000
C09.SI,20120119,11.60,11.60,11.34,11.40,1223000
C09.SI,20120118,11.54,11.60,11.44,11.55,1112000
C09.SI,20120117,11.40,11.49,11.34,11.49,2341000
C09.SI,20120116,11.60,11.70,11.24,11.33,3230000
C09.SI,20120115,11.50,11.98,11.42,11.65,5495000
C09.SI,20120112,12.69,12.69,12.45,12.60,478000
C09.SI,20120111,12.71,12.73,12.53,12.64,637000
C09.SI,20120110,12.46,12.69,12.46,12.69,906000
C09.SI,20120109,12.76,12.76,12.43,12.51,1221000
C09.SI,20120108,12.98,12.99,12.58,12.70,1069000
C09.SI,20120105,13.05,13.05,12.95,12.98,371000
C09.SI,20120104,13.05,13.13,12.96,13.06,575000
C09.SI,20120103,13.04,13.05,12.91,12.99,668000
C09.SI,20120102,12.87,12.87,12.87,12.87,000
C09.SI,20120101,12.74,12.89,12.71,12.87,1264000
C09.SI,20111229,12.93,12.97,12.76,12.83,526000
C09.SI,20111228,12.94,12.99,12.88,12.90,378000
C09.SI,20111227,12.98,12.98,12.93,12.96,242000
C09.SI,20111226,12.92,12.92,12.92,12.92,000
C09.SI,20111225,12.94,12.95,12.86,12.92,179000
C09.SI,20111222,13.01,13.02,12.88,12.88,894000
C09.SI,20111221,12.98,12.98,12.92,12.94,1038000
C09.SI,20111220,13.20,13.20,12.91,13.00,1482000
C09.SI,20111219,13.12,13.24,13.03,13.20,1599000
C09.SI,20111218,12.92,13.12,12.83,13.12,1427000
C09.SI,20111215,12.47,12.92,12.43,12.92,1608000
C09.SI,20111214,12.33,12.57,12.32,12.48,1471000
C09.SI,20111213,12.10,12.34,12.00,12.34,1915000
C09.SI,20111212,12.09,12.09,11.99,12.00,611000
C09.SI,20111211,12.10,12.17,12.03,12.07,1053000
C09.SI,20111208,11.99,12.00,11.91,12.00,1079000
C09.SI,20111207,11.89,11.90,11.82,11.90,386000
C09.SI,20111206,11.66,11.87,11.65,11.87,689000
C09.SI,20111205,11.63,11.75,11.54,11.69,336000
C09.SI,20111204,11.74,11.80,11.57,11.72,557000
C09.SI,20111201,11.81,11.84,11.75,11.75,1659000
C09.SI,20111130,11.58,11.74,11.54,11.70,625000
C09.SI,20111129,11.52,11.57,11.43,11.51,499000
C09.SI,20111128,11.43,11.49,11.38,11.48,490000
C09.SI,20111127,11.30,11.36,11.23,11.29,581000
C09.SI,20111124,11.31,11.31,11.28,11.28,235000
C09.SI,20111123,11.22,11.33,11.15,11.26,409000
C09.SI,20111122,11.15,11.15,11.05,11.08,319000
C09.SI,20111121,10.99,11.15,10.98,11.11,645000
C09.SI,20111120,10.96,11.01,10.86,10.87,797000
C09.SI,20111117,11.06,11.19,11.00,11.00,749000
C09.SI,20111116,11.28,11.31,11.12,11.15,1043000
C09.SI,20111115,11.41,11.50,11.32,11.33,913000
C09.SI,20111114,11.52,11.52,11.52,11.52,000
C09.SI,20111113,11.58,11.59,11.45,11.52,231000
C09.SI,20111110,11.52,11.69,11.51,11.59,520000
C09.SI,20111109,11.67,11.71,11.60,11.64,610000
C09.SI,20111108,11.64,11.89,11.60,11.83,1000000
C09.SI,20111107,11.50,11.64,11.50,11.62,829000
C09.SI,20111106,11.55,11.57,11.52,11.55,462000
C09.SI,20111103,11.50,11.59,11.48,11.59,580000
C09.SI,20111102,11.33,11.45,11.32,11.45,447000
C09.SI,20111101,11.49,11.49,11.42,11.46,1334000
C09.SI,20111031,11.40,11.50,11.37,11.48,331000
C09.SI,20111030,11.38,11.50,11.32,11.42,1318000
C09.SI,20111027,11.41,11.41,11.41,11.41,000
C09.SI,20111026,11.46,11.50,11.41,11.41,457000
C09.SI,20111025,11.46,11.65,11.42,11.45,754000
C09.SI,20111024,11.69,11.69,11.56,11.57,430000
C09.SI,20111023,11.63,11.77,11.63,11.72,279000
C09.SI,20111020,11.78,11.88,11.78,11.78,185000
C09.SI,20111019,11.83,11.86,11.76,11.85,277000
C09.SI,20111018,11.69,11.83,11.68,11.78,1081000
C09.SI,20111017,11.59,11.67,11.50,11.58,428000
C09.SI,20111016,11.45,11.69,11.45,11.58,527000
C09.SI,20111013,11.50,11.60,11.50,11.52,447000
C09.SI,20111012,11.55,11.57,11.45,11.57,731000
C09.SI,20111011,11.57,11.63,11.51,11.57,1096000
C09.SI,20111010,11.67,11.76,11.65,11.70,769000
C09.SI,20111009,11.80,11.83,11.60,11.67,816000
C09.SI,20111006,11.92,11.96,11.83,11.95,814000
C09.SI,20111005,11.73,11.98,11.68,11.93,1546000
C09.SI,20111004,11.75,11.75,11.62,11.70,570000
C09.SI,20111003,11.70,11.74,11.64,11.70,631000
C09.SI,20111002,11.69,11.70,11.56,11.66,549000
C09.SI,20110929,11.67,11.74,11.67,11.74,1492000
C09.SI,20110928,11.57,11.64,11.53,11.60,542000
C09.SI,20110927,11.48,11.60,11.48,11.55,279000
C09.SI,20110926,11.59,11.70,11.58,11.59,354000
C09.SI,20110925,11.57,11.65,11.52,11.59,474000
C09.SI,20110922,11.59,11.73,11.55,11.63,1075000
C09.SI,20110921,11.59,11.61,11.41,11.47,1234000
C09.SI,20110920,11.60,11.71,11.60,11.69,1662000
C09.SI,20110919,11.60,11.70,11.60,11.64,1500000
C09.SI,20110918,11.53,11.72,11.48,11.67,1463000
C09.SI,20110915,11.32,11.50,11.29,11.40,1440000
C09.SI,20110914,11.19,11.23,11.16,11.18,1175000
C09.SI,20110913,11.29,11.33,11.21,11.30,1058000
C09.SI,20110912,11.16,11.23,11.14,11.22,674000
C09.SI,20110911,11.18,11.24,11.13,11.13,358000
C09.SI,20110908,11.16,11.31,11.16,11.27,1253000
C09.SI,20110907,11.15,11.22,11.08,11.10,1833000
C09.SI,20110906,11.40,11.41,11.25,11.27,648000
C09.SI,20110905,11.50,11.55,11.42,11.45,365000
C09.SI,20110904,11.45,11.54,11.44,11.52,410000
C09.SI,20110901,11.50,11.52,11.44,11.52,1669000
C09.SI,20110831,11.61,11.63,11.43,11.52,781000
C09.SI,20110830,11.53,11.68,11.53,11.59,434000
C09.SI,20110829,11.55,11.62,11.54,11.54,338000
C09.SI,20110828,11.57,11.57,11.46,11.55,258000
C09.SI,20110825,11.45,11.60,11.45,11.59,452000
C09.SI,20110824,11.74,11.75,11.51,11.53,595000
C09.SI,20110823,11.50,11.72,11.44,11.70,1326000
C09.SI,20110822,11.47,11.57,11.40,11.52,397000
C09.SI,20110821,11.47,11.47,11.47,11.47,000
C09.SI,20110818,11.58,11.58,11.47,11.47,534000
C09.SI,20110817,11.54,11.57,11.39,11.45,946000
C09.SI,20110816,11.63,11.72,11.45,11.45,1736000
C09.SI,20110815,11.90,11.95,11.82,11.83,1154000
C09.SI,20110814,11.90,11.98,11.89,11.98,626000
C09.SI,20110811,11.94,11.97,11.85,11.92,820000
C09.SI,20110810,11.85,11.85,11.85,11.85,000
C09.SI,20110809,11.93,11.93,11.76,11.85,931000
C09.SI,20110808,11.95,11.99,11.79,11.80,712000
C09.SI,20110807,11.94,11.98,11.89,11.94,1391000
C09.SI,20110804,11.69,11.76,11.66,11.73,999000
C09.SI,20110803,11.72,11.74,11.62,11.68,952000
C09.SI,20110802,11.71,11.71,11.60,11.69,792000
C09.SI,20110801,11.49,11.70,11.49,11.70,1847000
C09.SI,20110731,11.80,11.80,11.67,11.73,1150000
C09.SI,20110728,11.74,11.74,11.63,11.64,484000
C09.SI,20110727,11.75,11.75,11.55,11.62,1103000
C09.SI,20110726,11.60,11.72,11.52,11.63,538000
C09.SI,20110725,11.80,11.84,11.51,11.60,1054000
C09.SI,20110724,11.84,11.84,11.64,11.70,374000
C09.SI,20110721,11.91,12.02,11.83,11.89,1379000
C09.SI,20110720,11.88,12.00,11.72,11.90,1431000
C09.SI,20110719,11.65,11.71,11.57,11.71,758000
C09.SI,20110718,11.45,11.61,11.43,11.55,1213000
C09.SI,20110717,11.45,11.45,11.36,11.43,433000
C09.SI,20110714,11.14,11.40,11.14,11.36,656000
C09.SI,20110713,11.36,11.36,11.14,11.14,464000
C09.SI,20110712,11.13,11.44,11.13,11.38,1066000
C09.SI,20110711,11.04,11.23,11.04,11.23,1177000
C09.SI,20110710,11.14,11.18,10.94,10.95,608000
C09.SI,20110707,11.20,11.24,11.11,11.20,694000
C09.SI,20110706,11.25,11.27,11.22,11.26,589000
C09.SI,20110705,11.35,11.35,11.16,11.20,833000
C09.SI,20110704,11.22,11.30,11.20,11.30,842000
C09.SI,20110703,11.30,11.30,11.13,11.23,605000
C09.SI,20110630,10.84,11.20,10.77,11.20,2565000
C09.SI,20110629,10.70,10.87,10.61,10.82,781000
C09.SI,20110628,10.48,10.69,10.48,10.65,744000
C09.SI,20110627,10.48,10.63,10.48,10.56,504000
C09.SI,20110626,10.51,10.57,10.43,10.56,424000
C09.SI,20110623,10.51,10.66,10.31,10.66,584000
C09.SI,20110622,10.66,10.73,10.57,10.71,938000
C09.SI,20110621,10.62,10.78,10.62,10.78,603000
C09.SI,20110620,10.62,10.72,10.44,10.72,601000
C09.SI,20110619,10.65,10.65,10.43,10.60,701000
C09.SI,20110616,10.20,10.50,10.20,10.41,1225000
C09.SI,20110615,10.10,10.25,10.05,10.22,773000
C09.SI,20110614,10.16,10.17,10.05,10.16,1013000
C09.SI,20110613,9.84,10.20,9.84,10.13,1437000
C09.SI,20110612,9.91,10.03,9.91,10.00,588000
C09.SI,20110609,9.84,9.95,9.80,9.80,519000
C09.SI,20110608,10.13,10.13,9.95,9.96,674000
C09.SI,20110607,9.69,10.13,9.65,10.13,1466000
C09.SI,20110606,9.69,9.70,9.57,9.58,473000
C09.SI,20110605,9.65,9.68,9.53,9.56,718000
C09.SI,20110602,9.94,9.94,9.78,9.78,1033000
C09.SI,20110601,9.87,10.01,9.87,9.95,1536000
C09.SI,20110531,10.00,10.05,9.97,9.97,715000
C09.SI,20110530,10.02,10.15,10.02,10.15,590000
C09.SI,20110529,10.04,10.15,10.00,10.11,267000
C09.SI,20110526,9.94,10.10,9.85,10.09,448000
C09.SI,20110525,9.94,10.00,9.91,9.93,859000
C09.SI,20110524,10.13,10.13,10.00,10.00,844000
C09.SI,20110523,9.99,10.33,9.96,10.28,1293000
C09.SI,20110522,9.84,9.91,9.82,9.89,550000
C09.SI,20110519,9.92,10.02,9.82,9.89,1516000
C09.SI,20110518,10.14,10.30,10.06,10.18,1267000
C09.SI,20110517,10.09,10.16,10.00,10.05,1414000
C09.SI,20110516,10.19,10.30,10.03,10.25,1598000
C09.SI,20110515,10.36,10.39,10.20,10.21,816000
C09.SI,20110512,10.20,10.32,10.11,10.20,984000
C09.SI,20110511,10.17,10.28,10.16,10.22,703000
C09.SI,20110510,10.24,10.32,10.17,10.18,839000
C09.SI,20110509,10.50,10.50,10.27,10.32,976000
C09.SI,20110508,10.25,10.51,10.25,10.34,1250000
C09.SI,20110505,10.37,10.59,10.34,10.59,1497000
C09.SI,20110504,10.16,10.46,10.16,10.44,1788000
C09.SI,20110503,10.16,10.19,10.13,10.16,1396000
C09.SI,20110502,10.18,10.18,10.18,10.18,000
C09.SI,20110501,10.13,10.25,10.13,10.14,1798000
C09.SI,20110428,10.54,10.56,10.24,10.28,1790000
C09.SI,20110427,10.30,10.48,10.30,10.45,682000
C09.SI,20110426,10.45,10.46,10.28,10.35,577000
C09.SI,20110425,10.44,10.46,10.36,10.41,455000
C09.SI,20110424,10.54,10.54,10.39,10.39,668000
C09.SI,20110421,10.50,10.59,10.47,10.56,540000
C09.SI,20110420,10.50,10.59,10.49,10.54,1146000
C09.SI,20110419,10.61,10.63,10.41,10.45,1253000
C09.SI,20110418,10.59,10.63,10.43,10.50,1405000
C09.SI,20110417,10.63,10.71,10.62,10.66,495000
C09.SI,20110414,10.81,10.83,10.68,10.68,1308000
C09.SI,20110413,10.74,10.82,10.73,10.80,601000
C09.SI,20110412,10.76,10.84,10.70,10.70,788000
C09.SI,20110411,10.80,10.92,10.74,10.92,285000
C09.SI,20110410,10.75,10.78,10.71,10.73,401000
C09.SI,20110407,10.90,10.90,10.90,10.90,000
C09.SI,20110406,10.86,10.99,10.75,10.90,576000
C09.SI,20110405,11.04,11.13,10.92,10.92,765000
C09.SI,20110404,11.28,11.31,11.03,11.07,856000
C09.SI,20110403,11.35,11.37,11.17,11.17,482000
C09.SI,20110331,11.32,11.35,11.29,11.35,2453000
C09.SI,20110330,11.13,11.30,11.08,11.20,678000
C09.SI,20110329,11.09,11.14,11.00,11.09,309000
C09.SI,20110328,11.10,11.15,10.98,11.09,741000
C09.SI,20110327,11.14,11.20,10.93,10.93,985000
C09.SI,20110324,11.11,11.25,11.11,11.14,563000
C09.SI,20110323,11.23,11.30,11.19,11.19,872000
C09.SI,20110322,11.23,11.29,11.18,11.21,780000
C09.SI,20110321,11.35,11.36,11.24,11.32,911000
C09.SI,20110320,11.30,11.35,11.22,11.29,1013000
C09.SI,20110317,11.18,11.29,11.12,11.29,687000
C09.SI,20110316,11.14,11.25,11.07,11.22,563000
C09.SI,20110315,11.25,11.27,11.18,11.23,779000
C09.SI,20110314,11.24,11.25,11.11,11.11,663000
C09.SI,20110313,11.26,11.26,11.06,11.14,619000
C09.SI,20110310,10.98,11.30,10.98,11.30,2097000
C09.SI,20110309,10.80,10.99,10.73,10.99,713000
C09.SI,20110308,10.65,10.79,10.60,10.69,1145000
C09.SI,20110307,10.80,10.95,10.69,10.69,997000
C09.SI,20110306,10.96,11.06,10.86,10.90,730000
C09.SI,20110303,11.14,11.14,10.98,11.10,696000
C09.SI,20110302,11.20,11.23,10.97,11.00,1136000
C09.SI,20110301,11.29,11.29,11.06,11.13,1544000
C09.SI,20110228,11.10,11.27,11.00,11.26,889000
C09.SI,20110227,11.13,11.21,11.00,11.00,496000
C09.SI,20110224,11.20,11.23,11.07,11.23,650000
C09.SI,20110223,11.05,11.22,10.82,11.16,938000
C09.SI,20110222,11.13,11.22,11.04,11.16,762000
C09.SI,20110221,11.13,11.15,10.98,11.04,567000
C09.SI,20110220,11.10,11.13,10.99,11.13,674000
C09.SI,20110217,10.94,10.98,10.86,10.98,614000
C09.SI,20110216,10.91,10.91,10.74,10.83,486000
C09.SI,20110215,10.85,10.99,10.72,10.94,1176000
C09.SI,20110214,10.82,10.90,10.72,10.77,472000
C09.SI,20110213,10.70,10.92,10.60,10.84,682000
C09.SI,20110210,10.85,10.91,10.71,10.74,949000
C09.SI,20110209,10.75,10.94,10.71,10.92,1471000
C09.SI,20110208,10.59,10.85,10.42,10.82,1408000
C09.SI,20110207,10.20,10.50,10.20,10.48,1137000
C09.SI,20110206,10.28,10.35,10.23,10.26,1308000
C09.SI,20110203,10.10,10.21,10.06,10.14,1512000
C09.SI,20110202,10.00,10.16,9.93,9.98,1450000
C09.SI,20110201,9.93,9.93,9.80,9.93,915000
C09.SI,20110131,10.03,10.08,9.82,9.86,2473000
C09.SI,20110130,10.01,10.07,9.91,9.93,611000
C09.SI,20110127,9.90,10.16,9.86,10.16,793000
C09.SI,20110126,10.17,10.17,9.81,9.97,873000
C09.SI,20110125,9.83,10.15,9.70,10.11,1280000
C09.SI,20110124,9.76,9.76,9.76,9.76,000
C09.SI,20110123,9.76,9.76,9.76,9.76,000
C09.SI,20110120,9.40,9.77,9.36,9.76,1920000
C09.SI,20110119,9.33,9.34,9.25,9.32,656000
C09.SI,20110118,9.27,9.34,9.23,9.25,643000
C09.SI,20110117,9.22,9.35,9.14,9.35,1000000
C09.SI,20110116,9.28,9.29,9.12,9.27,526000
C09.SI,20110113,9.12,9.32,9.12,9.32,530000
C09.SI,20110112,9.29,9.29,9.09,9.09,461000
C09.SI,20110111,9.16,9.30,9.16,9.30,1151000
C09.SI,20110110,9.11,9.22,9.02,9.22,855000
C09.SI,20110109,8.95,9.08,8.94,9.05,417000
C09.SI,20110106,9.11,9.11,9.01,9.07,488000
C09.SI,20110105,9.15,9.20,9.11,9.11,975000
C09.SI,20110104,9.10,9.14,9.00,9.14,673000
C09.SI,20110103,8.99,9.10,8.97,9.10,530000
C09.SI,20110102,8.93,8.93,8.93,8.93,000
