F83.SI,20120604,0.79,0.80,0.79,0.80,2128000
F83.SI,20120603,0.79,0.79,0.79,0.79,2351000
F83.SI,20120531,0.80,0.80,0.78,0.80,3404000
F83.SI,20120530,0.81,0.81,0.79,0.79,4923000
F83.SI,20120529,0.81,0.81,0.81,0.81,2069000
F83.SI,20120528,0.81,0.81,0.80,0.81,1877000
F83.SI,20120527,0.80,0.81,0.80,0.81,1786000
F83.SI,20120524,0.80,0.80,0.80,0.80,000
F83.SI,20120523,0.81,0.81,0.80,0.80,2849000
F83.SI,20120522,0.81,0.82,0.81,0.81,3363000
F83.SI,20120521,0.81,0.81,0.81,0.81,2369000
F83.SI,20120520,0.81,0.81,0.81,0.81,1607000
F83.SI,20120517,0.81,0.81,0.81,0.81,1144000
F83.SI,20120516,0.81,0.82,0.80,0.81,2238000
F83.SI,20120515,0.81,0.81,0.80,0.81,2331000
F83.SI,20120514,0.81,0.81,0.81,0.81,1449000
F83.SI,20120513,0.82,0.82,0.81,0.81,2539000
F83.SI,20120510,0.81,0.82,0.81,0.81,2234000
F83.SI,20120509,0.81,0.82,0.81,0.81,2645000
F83.SI,20120508,0.81,0.82,0.80,0.81,4843000
F83.SI,20120507,0.81,0.82,0.80,0.81,7021000
F83.SI,20120506,0.82,0.83,0.81,0.82,7486000
F83.SI,20120503,0.88,0.88,0.87,0.87,1615000
F83.SI,20120502,0.88,0.88,0.87,0.88,1518000
F83.SI,20120501,0.88,0.88,0.88,0.88,000
F83.SI,20120430,0.88,0.88,0.88,0.88,1690000
F83.SI,20120429,0.88,0.88,0.88,0.88,923000
F83.SI,20120426,0.89,0.89,0.88,0.89,1532000
F83.SI,20120425,0.89,0.91,0.89,0.90,1904000
F83.SI,20120424,0.89,0.89,0.89,0.89,575000
F83.SI,20120423,0.89,0.89,0.88,0.88,1011000
F83.SI,20120422,0.90,0.90,0.88,0.89,945000
F83.SI,20120419,0.89,0.90,0.88,0.90,916000
F83.SI,20120418,0.89,0.89,0.88,0.89,1657000
F83.SI,20120417,0.90,0.90,0.89,0.90,1060000
F83.SI,20120416,0.89,0.90,0.88,0.90,1876000
F83.SI,20120415,0.90,0.90,0.89,0.89,1018000
F83.SI,20120412,0.90,0.90,0.89,0.90,1237000
F83.SI,20120411,0.89,0.90,0.89,0.90,2009000
F83.SI,20120410,0.89,0.89,0.88,0.89,1655000
F83.SI,20120409,0.89,0.89,0.88,0.89,1162000
F83.SI,20120408,0.89,0.89,0.88,0.88,4460000
F83.SI,20120405,0.89,0.90,0.89,0.89,2192000
F83.SI,20120404,0.89,0.90,0.89,0.89,1768000
F83.SI,20120403,0.91,0.91,0.89,0.90,3350000
F83.SI,20120402,0.90,0.92,0.90,0.91,2155000
F83.SI,20120401,0.91,0.91,0.90,0.90,1747000
F83.SI,20120329,0.91,0.91,0.91,0.91,000
F83.SI,20120328,0.92,0.92,0.90,0.91,1879000
F83.SI,20120327,0.91,0.93,0.90,0.92,4266000
F83.SI,20120326,0.90,0.92,0.89,0.92,3170000
F83.SI,20120325,0.92,0.92,0.90,0.91,1931000
F83.SI,20120322,0.89,0.91,0.89,0.91,3476000
F83.SI,20120321,0.90,0.91,0.89,0.89,2301000
F83.SI,20120320,0.89,0.90,0.89,0.90,1369000
F83.SI,20120319,0.89,0.90,0.89,0.89,1879000
F83.SI,20120318,0.91,0.91,0.89,0.89,1790000
F83.SI,20120315,0.90,0.91,0.90,0.91,2948000
F83.SI,20120314,0.89,0.90,0.89,0.90,1414000
F83.SI,20120313,0.90,0.90,0.89,0.89,2517000
F83.SI,20120312,0.90,0.92,0.90,0.90,2053000
F83.SI,20120311,0.92,0.92,0.90,0.90,1608000
F83.SI,20120308,0.91,0.92,0.90,0.91,2644000
F83.SI,20120307,0.93,0.93,0.91,0.91,1909000
F83.SI,20120306,0.92,0.94,0.91,0.92,4138000
F83.SI,20120305,0.90,0.92,0.90,0.92,1852000
F83.SI,20120304,0.92,0.92,0.90,0.90,3417000
F83.SI,20120301,0.93,0.94,0.91,0.92,5144000
F83.SI,20120229,0.94,0.94,0.93,0.93,1732000
F83.SI,20120228,0.94,0.94,0.94,0.94,1490000
F83.SI,20120227,0.94,0.95,0.94,0.94,2998000
F83.SI,20120226,0.97,0.98,0.95,0.95,3033000
F83.SI,20120223,0.95,0.97,0.94,0.96,6809000
F83.SI,20120222,0.95,0.96,0.94,0.95,2650000
F83.SI,20120221,0.96,0.96,0.95,0.96,3591000
F83.SI,20120220,0.95,0.96,0.95,0.95,2218000
F83.SI,20120219,0.96,0.97,0.95,0.95,6502000
F83.SI,20120216,0.94,0.95,0.94,0.94,2790000
F83.SI,20120215,0.94,0.95,0.94,0.94,3376000
F83.SI,20120214,0.93,0.94,0.93,0.94,2714000
F83.SI,20120213,0.93,0.93,0.93,0.93,000
F83.SI,20120212,0.93,0.93,0.93,0.93,000
F83.SI,20120209,0.92,0.94,0.92,0.93,3052000
F83.SI,20120208,0.94,0.94,0.92,0.93,5693000
F83.SI,20120207,0.94,0.94,0.93,0.93,2503000
F83.SI,20120206,0.95,0.95,0.93,0.93,5147000
F83.SI,20120205,0.96,0.96,0.95,0.95,4419000
F83.SI,20120202,0.95,0.95,0.94,0.95,3719000
F83.SI,20120201,0.95,0.95,0.94,0.95,5638000
F83.SI,20120131,0.96,0.97,0.95,0.96,3969000
F83.SI,20120130,0.96,0.97,0.96,0.96,4286000
F83.SI,20120129,0.96,0.98,0.96,0.96,8897000
F83.SI,20120126,0.96,0.97,0.95,0.95,4827000
F83.SI,20120125,0.97,0.98,0.96,0.96,6069000
F83.SI,20120124,0.96,0.97,0.95,0.96,6236000
F83.SI,20120123,0.95,0.96,0.95,0.95,6106000
F83.SI,20120122,0.98,0.98,0.95,0.95,10169000
F83.SI,20120119,0.99,1.00,0.97,0.98,10772000
F83.SI,20120118,0.99,1.01,0.98,0.98,11460000
F83.SI,20120117,1.00,1.00,0.99,0.99,12304000
F83.SI,20120116,1.03,1.03,0.98,1.00,14168000
F83.SI,20120115,1.01,1.04,1.00,1.02,24570000
F83.SI,20120112,1.00,1.03,1.00,1.01,40589000
F83.SI,20120111,0.96,0.99,0.95,0.99,22987000
F83.SI,20120110,0.94,0.96,0.94,0.95,6819000
F83.SI,20120109,0.96,0.96,0.94,0.94,11222000
F83.SI,20120108,0.95,0.98,0.95,0.96,16235000
F83.SI,20120105,0.95,0.96,0.94,0.95,7095000
F83.SI,20120104,0.95,0.96,0.94,0.95,20453000
F83.SI,20120103,0.90,0.94,0.90,0.94,27183000
F83.SI,20120102,0.89,0.89,0.89,0.89,000
F83.SI,20120101,0.89,0.90,0.89,0.89,3399000
F83.SI,20111229,0.89,0.90,0.89,0.89,4935000
F83.SI,20111228,0.88,0.90,0.88,0.89,7421000
F83.SI,20111227,0.88,0.89,0.88,0.88,5088000
F83.SI,20111226,0.88,0.88,0.88,0.88,000
F83.SI,20111225,0.88,0.88,0.88,0.88,1804000
F83.SI,20111222,0.89,0.89,0.88,0.88,3420000
F83.SI,20111221,0.88,0.89,0.88,0.88,3778000
F83.SI,20111220,0.89,0.89,0.88,0.88,5662000
F83.SI,20111219,0.88,0.90,0.88,0.88,16563000
F83.SI,20111218,0.88,0.88,0.87,0.87,5846000
F83.SI,20111215,0.88,0.88,0.87,0.88,7317000
F83.SI,20111214,0.88,0.89,0.88,0.88,7859000
F83.SI,20111213,0.88,0.88,0.88,0.88,5910000
F83.SI,20111212,0.88,0.88,0.88,0.88,3266000
F83.SI,20111211,0.87,0.90,0.87,0.88,14639000
F83.SI,20111208,0.87,0.88,0.86,0.87,7955000
F83.SI,20111207,0.88,0.88,0.86,0.86,4600000
F83.SI,20111206,0.86,0.88,0.86,0.88,5756000
F83.SI,20111205,0.87,0.87,0.86,0.86,10824000
F83.SI,20111204,0.90,0.90,0.87,0.88,15681000
F83.SI,20111201,0.92,0.93,0.90,0.92,22249000
F83.SI,20111130,0.92,0.93,0.91,0.93,7822000
F83.SI,20111129,0.90,0.91,0.89,0.91,4741000
F83.SI,20111128,0.92,0.93,0.90,0.90,8535000
F83.SI,20111127,0.92,0.93,0.90,0.91,8511000
F83.SI,20111124,0.89,0.92,0.88,0.92,6351000
F83.SI,20111123,0.89,0.90,0.88,0.89,4432000
F83.SI,20111122,0.87,0.88,0.87,0.88,4599000
F83.SI,20111121,0.88,0.88,0.87,0.87,5308000
F83.SI,20111120,0.87,0.88,0.86,0.87,2732000
F83.SI,20111117,0.86,0.88,0.86,0.86,5187000
F83.SI,20111116,0.87,0.87,0.86,0.86,6543000
F83.SI,20111115,0.88,0.89,0.87,0.88,7906000
F83.SI,20111114,0.89,0.89,0.89,0.89,000
F83.SI,20111113,0.88,0.90,0.88,0.89,2292000
F83.SI,20111110,0.90,0.90,0.88,0.88,4156000
F83.SI,20111109,0.90,0.92,0.90,0.90,3608000
F83.SI,20111108,0.92,0.94,0.92,0.93,7547000
F83.SI,20111107,0.90,0.93,0.89,0.91,5093000
F83.SI,20111106,0.88,0.89,0.88,0.89,3265000
F83.SI,20111103,0.88,0.89,0.88,0.88,4373000
F83.SI,20111102,0.88,0.88,0.87,0.87,3708000
F83.SI,20111101,0.88,0.88,0.88,0.88,3534000
F83.SI,20111031,0.88,0.89,0.88,0.88,3542000
F83.SI,20111030,0.88,0.89,0.88,0.88,3379000
F83.SI,20111027,0.89,0.89,0.89,0.89,000
F83.SI,20111026,0.90,0.90,0.89,0.89,5329000
F83.SI,20111025,0.89,0.91,0.89,0.89,6238000
F83.SI,20111024,0.90,0.91,0.90,0.90,4212000
F83.SI,20111023,0.90,0.90,0.89,0.90,4957000
F83.SI,20111020,0.92,0.93,0.91,0.91,3208000
F83.SI,20111019,0.93,0.93,0.92,0.92,2545000
F83.SI,20111018,0.93,0.94,0.92,0.92,7318000
F83.SI,20111017,0.92,0.93,0.92,0.92,4109000
F83.SI,20111016,0.92,0.93,0.91,0.91,5132000
F83.SI,20111013,0.92,0.93,0.92,0.92,2524000
F83.SI,20111012,0.92,0.93,0.92,0.92,4913000
F83.SI,20111011,0.93,0.93,0.92,0.93,6509000
F83.SI,20111010,0.94,0.95,0.94,0.94,3967000
F83.SI,20111009,0.96,0.96,0.94,0.94,6174000
F83.SI,20111006,0.96,0.96,0.95,0.96,4436000
F83.SI,20111005,0.96,0.96,0.95,0.95,3106000
F83.SI,20111004,0.96,0.97,0.95,0.96,3952000
F83.SI,20111003,0.97,0.97,0.96,0.96,2149000
F83.SI,20111002,0.96,0.97,0.95,0.96,4376000
F83.SI,20110929,0.98,0.98,0.96,0.96,2771000
F83.SI,20110928,0.96,0.98,0.96,0.97,3395000
F83.SI,20110927,0.96,0.97,0.96,0.96,3902000
F83.SI,20110926,0.97,0.98,0.97,0.97,2231000
F83.SI,20110925,0.99,0.99,0.96,0.97,3535000
F83.SI,20110922,0.99,0.99,0.98,0.99,3992000
F83.SI,20110921,1.00,1.00,0.98,0.99,3602000
F83.SI,20110920,0.99,1.00,0.99,1.00,4654000
F83.SI,20110919,1.00,1.00,0.99,0.99,2415000
F83.SI,20110918,1.00,1.01,1.00,1.00,5442000
F83.SI,20110915,1.00,1.00,1.00,1.00,10645000
F83.SI,20110914,0.98,1.00,0.97,0.99,8088000
F83.SI,20110913,0.97,0.98,0.96,0.98,4391000
F83.SI,20110912,0.96,0.98,0.95,0.96,9610000
F83.SI,20110911,0.96,0.97,0.95,0.95,3095000
F83.SI,20110908,0.96,0.97,0.95,0.96,4609000
F83.SI,20110907,0.94,0.95,0.94,0.95,3962000
F83.SI,20110906,0.95,0.96,0.94,0.94,5080000
F83.SI,20110905,0.97,0.98,0.96,0.96,1781000
F83.SI,20110904,0.97,0.98,0.96,0.96,5300000
F83.SI,20110901,0.96,0.97,0.94,0.97,17343000
F83.SI,20110831,0.98,0.99,0.96,0.97,5113000
F83.SI,20110830,1.00,1.00,0.99,0.99,3127000
F83.SI,20110829,0.99,1.00,0.99,1.00,4200000
F83.SI,20110828,1.00,1.01,0.99,1.00,3183000
F83.SI,20110825,1.00,1.00,0.99,1.00,3995000
F83.SI,20110824,1.00,1.02,1.00,1.00,4248000
F83.SI,20110823,1.00,1.01,1.00,1.00,2933000
F83.SI,20110822,1.02,1.02,1.01,1.01,1846000
F83.SI,20110821,1.02,1.02,1.02,1.02,000
F83.SI,20110818,1.02,1.04,1.01,1.02,8068000
F83.SI,20110817,1.00,1.04,1.00,1.01,12159000
F83.SI,20110816,1.01,1.01,1.00,1.00,3154000
F83.SI,20110815,0.99,1.02,0.99,1.01,10037000
F83.SI,20110814,0.99,1.00,0.98,0.99,1743000
F83.SI,20110811,1.00,1.00,0.98,0.99,2218000
F83.SI,20110810,0.98,0.98,0.98,0.98,000
F83.SI,20110809,1.00,1.00,0.98,0.98,2631000
F83.SI,20110808,1.00,1.00,0.98,0.99,3624000
F83.SI,20110807,1.00,1.01,0.99,1.00,8101000
F83.SI,20110804,0.94,0.98,0.94,0.98,6939000
F83.SI,20110803,0.96,0.96,0.94,0.95,5007000
F83.SI,20110802,0.96,0.97,0.95,0.96,2989000
F83.SI,20110801,0.94,0.97,0.94,0.97,6447000
F83.SI,20110731,0.94,0.97,0.94,0.96,4663000
F83.SI,20110728,0.96,0.97,0.94,0.94,5071000
F83.SI,20110727,0.97,0.98,0.96,0.96,4730000
F83.SI,20110726,0.96,0.98,0.96,0.96,3327000
F83.SI,20110725,0.97,0.99,0.96,0.98,4180000
F83.SI,20110724,0.99,0.99,0.96,0.96,4820000
F83.SI,20110721,1.00,1.00,0.99,1.00,3657000
F83.SI,20110720,1.00,1.00,0.99,1.00,5139000
F83.SI,20110719,1.01,1.01,0.98,0.99,7476000
F83.SI,20110718,1.00,1.02,1.00,1.01,5037000
F83.SI,20110717,1.02,1.02,1.00,1.00,3130000
F83.SI,20110714,1.01,1.03,1.01,1.01,6786000
F83.SI,20110713,1.04,1.04,1.01,1.01,3889000
F83.SI,20110712,1.01,1.05,1.01,1.03,5300000
F83.SI,20110711,1.02,1.03,1.00,1.02,3445000
F83.SI,20110710,1.04,1.04,1.01,1.01,5045000
F83.SI,20110707,1.04,1.06,1.03,1.05,10994000
F83.SI,20110706,1.00,1.05,1.00,1.05,16054000
F83.SI,20110705,1.02,1.02,1.00,1.00,3659000
F83.SI,20110704,1.00,1.01,1.00,1.01,6146000
F83.SI,20110703,1.00,1.00,0.99,1.00,8117000
F83.SI,20110630,0.96,1.00,0.96,0.98,9943000
F83.SI,20110629,0.98,0.99,0.97,0.97,2964000
F83.SI,20110628,0.97,0.99,0.95,0.98,9864000
F83.SI,20110627,0.98,0.98,0.97,0.98,2827000
F83.SI,20110626,0.99,1.00,0.98,0.98,2491000
F83.SI,20110623,0.97,0.99,0.97,0.99,2168000
F83.SI,20110622,1.00,1.00,0.99,0.99,2775000
F83.SI,20110621,1.01,1.01,1.00,1.00,3499000
F83.SI,20110620,1.00,1.01,1.00,1.00,6502000
F83.SI,20110619,1.01,1.02,1.00,1.00,5436000
F83.SI,20110616,0.98,1.00,0.98,1.00,4852000
F83.SI,20110615,1.00,1.00,0.96,0.96,4177000
F83.SI,20110614,1.00,1.02,1.00,1.00,4371000
F83.SI,20110613,0.99,1.01,0.99,1.01,4637000
F83.SI,20110612,1.01,1.02,1.00,1.02,5374000
F83.SI,20110609,1.00,1.00,0.99,0.99,4144000
F83.SI,20110608,1.02,1.03,1.00,1.00,5602000
F83.SI,20110607,0.99,1.01,0.99,1.01,6342000
F83.SI,20110606,0.99,1.00,0.98,0.98,7281000
F83.SI,20110605,0.96,0.98,0.96,0.98,4693000
F83.SI,20110602,1.00,1.02,0.99,1.00,10300000
F83.SI,20110601,0.96,1.02,0.96,1.01,12085000
F83.SI,20110531,0.96,1.00,0.95,0.98,14204000
F83.SI,20110530,0.93,0.99,0.93,0.98,14112000
F83.SI,20110529,0.91,0.94,0.90,0.93,9103000
F83.SI,20110526,0.90,0.91,0.89,0.91,3772000
F83.SI,20110525,0.90,0.91,0.89,0.89,2769000
F83.SI,20110524,0.90,0.91,0.89,0.89,4402000
F83.SI,20110523,0.92,0.93,0.90,0.92,8761000
F83.SI,20110522,0.89,0.90,0.88,0.90,5217000
F83.SI,20110519,0.90,0.91,0.87,0.88,12948000
F83.SI,20110518,0.91,0.93,0.90,0.92,6541000
F83.SI,20110517,0.92,0.93,0.90,0.90,4705000
F83.SI,20110516,0.89,0.94,0.89,0.93,6743000
F83.SI,20110515,0.94,0.94,0.90,0.90,4783000
F83.SI,20110512,0.95,0.95,0.92,0.93,5753000
F83.SI,20110511,0.96,0.97,0.95,0.95,4625000
F83.SI,20110510,0.99,0.99,0.96,0.97,7722000
F83.SI,20110509,1.01,1.01,1.00,1.00,4545000
F83.SI,20110508,1.01,1.01,1.00,1.00,6954000
F83.SI,20110505,1.05,1.06,1.03,1.03,3690000
F83.SI,20110504,1.06,1.07,1.05,1.07,3319000
F83.SI,20110503,1.03,1.06,1.03,1.05,5171000
F83.SI,20110502,1.04,1.04,1.04,1.04,000
F83.SI,20110501,1.04,1.05,1.03,1.03,5169000
F83.SI,20110428,1.07,1.07,1.05,1.07,4573000
F83.SI,20110427,1.07,1.07,1.05,1.07,4459000
F83.SI,20110426,1.08,1.08,1.06,1.06,3403000
F83.SI,20110425,1.06,1.08,1.06,1.07,3224000
F83.SI,20110424,1.09,1.09,1.05,1.05,5634000
F83.SI,20110421,1.09,1.09,1.08,1.09,4398000
F83.SI,20110420,1.09,1.09,1.08,1.09,5039000
F83.SI,20110419,1.10,1.10,1.08,1.09,5262000
F83.SI,20110418,1.11,1.11,1.06,1.09,9904000
F83.SI,20110417,1.10,1.11,1.09,1.10,3987000
F83.SI,20110414,1.12,1.12,1.10,1.11,8236000
F83.SI,20110413,1.10,1.13,1.10,1.11,8591000
F83.SI,20110412,1.10,1.11,1.09,1.10,9210000
F83.SI,20110411,1.11,1.12,1.10,1.12,5177000
F83.SI,20110410,1.12,1.12,1.10,1.11,9568000
F83.SI,20110407,1.13,1.13,1.13,1.13,000
F83.SI,20110406,1.13,1.14,1.12,1.13,7633000
F83.SI,20110405,1.14,1.15,1.13,1.13,9291000
F83.SI,20110404,1.16,1.16,1.15,1.15,5764000
F83.SI,20110403,1.16,1.16,1.15,1.15,6252000
F83.SI,20110331,1.16,1.16,1.15,1.16,6254000
F83.SI,20110330,1.15,1.16,1.15,1.15,5991000
F83.SI,20110329,1.17,1.18,1.16,1.16,3455000
F83.SI,20110328,1.16,1.18,1.16,1.18,12879000
F83.SI,20110327,1.17,1.17,1.15,1.15,10679000
F83.SI,20110324,1.16,1.16,1.14,1.16,10294000
F83.SI,20110323,1.18,1.18,1.15,1.15,11408000
F83.SI,20110322,1.18,1.19,1.16,1.17,9099000
F83.SI,20110321,1.19,1.20,1.17,1.19,8555000
F83.SI,20110320,1.21,1.22,1.18,1.18,11103000
F83.SI,20110317,1.20,1.22,1.20,1.21,13333000
F83.SI,20110316,1.20,1.20,1.18,1.18,7292000
F83.SI,20110315,1.20,1.22,1.19,1.20,17229000
F83.SI,20110314,1.16,1.18,1.15,1.18,9520000
F83.SI,20110313,1.16,1.17,1.14,1.14,6018000
F83.SI,20110310,1.16,1.18,1.15,1.16,16443000
F83.SI,20110309,1.14,1.17,1.14,1.15,14838000
F83.SI,20110308,1.12,1.15,1.12,1.13,12345000
F83.SI,20110307,1.16,1.16,1.13,1.14,12212000
F83.SI,20110306,1.17,1.18,1.15,1.15,7372000
F83.SI,20110303,1.18,1.20,1.16,1.17,14768000
F83.SI,20110302,1.20,1.21,1.16,1.17,12416000
F83.SI,20110301,1.19,1.24,1.19,1.21,32283000
F83.SI,20110228,1.14,1.18,1.13,1.17,11374000
F83.SI,20110227,1.21,1.21,1.14,1.15,24376000
F83.SI,20110224,1.20,1.21,1.16,1.21,28749000
F83.SI,20110223,1.25,1.25,1.20,1.23,40441000
F83.SI,20110222,1.32,1.32,1.28,1.28,26788000
F83.SI,20110221,1.28,1.32,1.27,1.31,62376000
F83.SI,20110220,1.28,1.29,1.26,1.27,10798000
F83.SI,20110217,1.27,1.28,1.25,1.26,12018000
F83.SI,20110216,1.27,1.28,1.25,1.25,19796000
F83.SI,20110215,1.28,1.30,1.26,1.29,37346000
F83.SI,20110214,1.25,1.27,1.23,1.27,21918000
F83.SI,20110213,1.25,1.26,1.22,1.26,12422000
F83.SI,20110210,1.27,1.28,1.24,1.24,18038000
F83.SI,20110209,1.24,1.28,1.23,1.26,44999000
F83.SI,20110208,1.22,1.25,1.20,1.25,44522000
F83.SI,20110207,1.19,1.22,1.18,1.20,13406000
F83.SI,20110206,1.21,1.24,1.19,1.19,32754000
F83.SI,20110203,1.17,1.19,1.17,1.18,16122000
F83.SI,20110202,1.17,1.18,1.15,1.17,30326000
F83.SI,20110201,1.18,1.18,1.12,1.15,20417000
F83.SI,20110131,1.14,1.18,1.14,1.18,12983000
F83.SI,20110130,1.17,1.17,1.13,1.14,12587000
F83.SI,20110127,1.17,1.19,1.16,1.18,10522000
F83.SI,20110126,1.20,1.22,1.15,1.18,25839000
F83.SI,20110125,1.11,1.20,1.11,1.18,26234000
F83.SI,20110124,1.09,1.09,1.09,1.09,000
F83.SI,20110123,1.09,1.09,1.09,1.09,000
F83.SI,20110120,1.06,1.10,1.06,1.09,18899000
F83.SI,20110119,1.04,1.07,1.04,1.05,15685000
F83.SI,20110118,1.02,1.05,1.01,1.03,16735000
F83.SI,20110117,0.98,1.02,0.98,1.02,17187000
F83.SI,20110116,0.96,0.98,0.95,0.97,7147000
F83.SI,20110113,0.95,0.99,0.95,0.98,13045000
F83.SI,20110112,0.95,0.96,0.95,0.95,4111000
F83.SI,20110111,0.94,0.97,0.94,0.96,14438000
F83.SI,20110110,0.92,0.94,0.91,0.94,6700000
F83.SI,20110109,0.91,0.92,0.89,0.92,2664000
F83.SI,20110106,0.93,0.94,0.92,0.93,6202000
F83.SI,20110105,0.91,0.93,0.91,0.92,3790000
F83.SI,20110104,0.91,0.92,0.90,0.92,3779000
F83.SI,20110103,0.88,0.92,0.88,0.91,6057000
F83.SI,20110102,0.88,0.88,0.88,0.88,000
