D01.SI,20120604,13.07,13.09,12.92,13.01,47700
D01.SI,20120603,12.88,13.13,12.80,13.07,63900
D01.SI,20120531,13.14,13.14,12.80,12.80,38700
D01.SI,20120530,13.15,13.15,12.96,13.10,45900
D01.SI,20120529,12.93,13.13,12.82,13.10,153000
D01.SI,20120528,12.79,12.82,12.78,12.82,33300
D01.SI,20120527,12.81,12.94,12.78,12.80,95400
D01.SI,20120524,12.74,12.74,12.74,12.74,000
D01.SI,20120523,12.79,12.90,12.61,12.74,80100
D01.SI,20120522,12.75,12.82,12.56,12.79,39600
D01.SI,20120521,12.51,12.80,12.51,12.75,177300
D01.SI,20120520,12.69,12.69,12.51,12.55,31500
D01.SI,20120517,12.72,12.72,12.68,12.71,267300
D01.SI,20120516,12.86,12.86,12.50,12.71,117900
D01.SI,20120515,12.62,12.87,12.62,12.69,105300
D01.SI,20120514,12.54,12.62,12.54,12.62,67500
D01.SI,20120513,12.70,12.70,12.50,12.65,116100
D01.SI,20120510,12.68,12.80,12.68,12.70,40500
D01.SI,20120509,12.70,12.70,12.70,12.70,000
D01.SI,20120508,12.70,12.74,12.50,12.70,93600
D01.SI,20120507,12.29,12.70,12.29,12.70,225900
D01.SI,20120506,12.25,12.30,12.24,12.28,75600
D01.SI,20120503,12.08,12.28,12.06,12.12,141300
D01.SI,20120502,12.09,12.10,12.03,12.00,72000
D01.SI,20120501,12.00,12.00,12.00,12.00,000
D01.SI,20120430,12.00,12.08,12.00,12.00,109800
D01.SI,20120429,12.08,12.16,12.00,12.00,61200
D01.SI,20120426,12.11,12.19,11.97,12.01,261000
D01.SI,20120425,12.33,12.36,12.17,12.19,103500
D01.SI,20120424,12.26,12.36,12.26,12.33,94500
D01.SI,20120423,12.24,12.25,12.24,12.25,146700
D01.SI,20120422,12.28,12.28,12.22,12.23,78300
D01.SI,20120419,12.18,12.25,12.11,12.23,158400
D01.SI,20120418,12.00,12.16,12.00,12.10,108000
D01.SI,20120417,11.97,12.08,11.97,12.01,114300
D01.SI,20120416,11.98,12.00,11.90,11.97,27000
D01.SI,20120415,11.85,12.02,11.80,11.95,30600
D01.SI,20120412,12.02,12.02,11.99,12.00,168300
D01.SI,20120411,11.99,12.04,11.78,12.01,294300
D01.SI,20120410,12.08,12.08,12.00,12.04,178200
D01.SI,20120409,12.00,12.15,11.90,12.05,293400
D01.SI,20120408,11.80,11.97,11.80,11.97,74700
D01.SI,20120405,11.92,11.94,11.80,11.92,62100
D01.SI,20120404,11.84,11.96,11.84,11.94,45900
D01.SI,20120403,11.70,11.76,11.70,11.72,39600
D01.SI,20120402,11.86,11.92,0.80,11.70,86400
D01.SI,20120401,12.02,12.04,11.81,11.85,82800
D01.SI,20120329,12.10,12.10,12.10,12.10,000
D01.SI,20120328,12.11,12.35,12.10,12.10,304200
D01.SI,20120327,12.30,12.30,12.11,12.15,38700
D01.SI,20120326,12.20,12.40,12.20,12.40,202500
D01.SI,20120325,12.00,12.17,12.00,12.15,46800
D01.SI,20120322,11.74,11.95,11.74,11.90,72900
D01.SI,20120321,11.90,11.93,11.69,11.93,341100
D01.SI,20120320,11.81,11.97,11.78,11.78,339300
D01.SI,20120319,12.00,12.05,11.78,11.85,358200
D01.SI,20120318,12.18,12.18,12.00,12.00,194400
D01.SI,20120315,12.33,12.33,11.98,12.01,220500
D01.SI,20120314,12.19,12.38,12.10,12.14,419400
D01.SI,20120313,12.11,12.24,12.10,12.20,46800
D01.SI,20120312,12.18,12.35,12.00,12.05,122400
D01.SI,20120311,12.15,12.55,12.15,12.30,149400
D01.SI,20120308,12.40,12.40,11.86,12.12,252900
D01.SI,20120307,12.55,12.60,12.41,12.52,525600
D01.SI,20120306,12.42,12.70,12.42,12.70,29700
D01.SI,20120305,12.50,12.50,12.01,12.35,131400
D01.SI,20120304,12.93,12.96,12.25,12.50,113400
D01.SI,20120301,13.15,13.16,12.90,12.96,184500
D01.SI,20120229,13.39,13.39,13.31,13.31,24300
D01.SI,20120228,13.30,13.40,13.30,13.40,49500
D01.SI,20120227,13.24,13.50,13.10,13.30,90900
D01.SI,20120226,13.45,13.45,13.22,13.24,6300
D01.SI,20120223,13.45,13.45,13.30,13.43,62100
D01.SI,20120222,13.49,13.55,13.20,13.43,73800
D01.SI,20120221,13.40,13.49,13.40,13.43,68400
D01.SI,20120220,13.44,13.48,13.30,13.45,78300
D01.SI,20120219,13.54,13.54,13.46,13.46,1800
D01.SI,20120216,13.00,13.48,12.90,13.46,40500
D01.SI,20120215,13.00,13.12,12.82,12.93,76500
D01.SI,20120214,13.22,13.23,12.95,13.00,126000
D01.SI,20120213,13.65,13.65,13.65,13.65,000
D01.SI,20120212,13.65,13.65,13.65,13.65,000
D01.SI,20120209,13.34,13.88,13.34,13.65,81900
D01.SI,20120208,13.30,13.41,13.17,13.29,59400
D01.SI,20120207,12.70,13.80,12.70,13.17,72000
D01.SI,20120206,12.64,12.90,12.40,12.90,43200
D01.SI,20120205,12.41,12.99,12.32,12.60,99900
D01.SI,20120202,12.22,12.60,12.21,12.42,70200
D01.SI,20120201,12.13,12.30,12.13,12.20,91800
D01.SI,20120131,12.02,12.10,11.88,12.06,83700
D01.SI,20120130,11.80,12.00,11.75,11.99,31500
D01.SI,20120129,11.98,11.98,11.87,11.91,20700
D01.SI,20120126,12.13,12.13,11.74,11.81,104400
D01.SI,20120125,12.33,12.33,12.13,12.13,36000
D01.SI,20120124,12.38,12.38,12.30,12.34,18900
D01.SI,20120123,12.40,12.40,12.33,12.39,166500
D01.SI,20120122,12.24,12.44,12.20,12.42,47700
D01.SI,20120119,12.06,12.06,11.96,12.04,93600
D01.SI,20120118,12.05,12.07,12.05,12.06,34200
D01.SI,20120117,11.97,12.10,11.97,12.05,162900
D01.SI,20120116,12.00,12.25,11.90,12.01,116100
D01.SI,20120115,11.96,11.96,11.79,11.95,40500
D01.SI,20120112,11.88,11.88,11.75,11.76,133200
D01.SI,20120111,11.78,11.81,11.67,11.80,135000
D01.SI,20120110,11.71,11.74,11.65,11.72,144000
D01.SI,20120109,11.43,11.74,11.43,11.72,165600
D01.SI,20120108,11.26,11.34,11.26,11.34,34200
D01.SI,20120105,10.91,11.39,10.87,11.14,74700
D01.SI,20120104,11.10,11.10,10.85,10.88,281700
D01.SI,20120103,11.10,11.10,10.94,10.95,122400
D01.SI,20120102,10.90,10.90,10.90,10.90,000
D01.SI,20120101,10.90,10.90,10.90,10.90,1062000
D01.SI,20111229,10.98,10.98,10.92,10.94,296100
D01.SI,20111228,10.85,11.00,10.85,11.00,71100
D01.SI,20111227,10.85,10.86,10.84,10.85,147600
D01.SI,20111226,10.85,10.85,10.85,10.85,000
D01.SI,20111225,10.99,10.99,10.85,10.85,19800
D01.SI,20111222,11.06,11.06,10.80,10.82,60300
D01.SI,20111221,11.24,11.24,11.05,11.09,200700
D01.SI,20111220,11.20,11.26,11.00,11.10,288000
D01.SI,20111219,11.31,11.39,11.20,11.25,33300
D01.SI,20111218,11.57,11.57,11.33,11.40,390600
D01.SI,20111215,11.57,11.58,11.33,11.49,272700
D01.SI,20111214,11.58,11.58,11.30,11.46,56700
D01.SI,20111213,11.50,11.51,11.30,11.50,306900
D01.SI,20111212,11.49,11.55,11.39,11.52,357300
D01.SI,20111211,11.25,11.49,11.12,11.49,312300
D01.SI,20111208,11.15,11.39,11.15,11.37,184500
D01.SI,20111207,10.87,11.22,10.87,11.22,164700
D01.SI,20111206,10.82,10.97,10.82,10.96,145800
D01.SI,20111205,10.65,11.08,10.65,11.00,315900
D01.SI,20111204,10.76,10.76,10.65,10.65,194400
D01.SI,20111201,10.70,10.81,10.70,10.78,896400
D01.SI,20111130,10.74,10.88,10.74,10.79,477900
D01.SI,20111129,10.66,10.66,10.65,10.65,259200
D01.SI,20111128,10.77,10.77,10.70,10.72,63000
D01.SI,20111127,10.75,10.83,10.63,10.77,68400
D01.SI,20111124,10.60,10.65,10.60,10.65,70200
D01.SI,20111123,10.53,10.70,10.50,10.57,27900
D01.SI,20111122,10.85,10.85,10.43,10.54,137700
D01.SI,20111121,10.94,10.99,10.80,10.85,10800
D01.SI,20111120,10.86,11.00,10.75,10.95,31500
D01.SI,20111117,10.67,10.99,10.60,10.88,175500
D01.SI,20111116,10.47,10.60,10.47,10.55,27900
D01.SI,20111115,10.67,10.75,10.42,10.49,160200
D01.SI,20111114,10.61,10.61,10.61,10.61,000
D01.SI,20111113,10.51,10.65,10.51,10.61,265500
D01.SI,20111110,10.50,10.56,10.50,10.53,126900
D01.SI,20111109,10.50,10.51,10.38,10.44,158400
D01.SI,20111108,10.74,10.74,10.50,10.56,375300
D01.SI,20111107,10.91,10.91,10.80,10.80,33300
D01.SI,20111106,11.17,11.17,10.84,10.85,59400
D01.SI,20111103,11.20,11.20,11.00,11.00,210600
D01.SI,20111102,11.01,11.20,11.01,11.20,111600
D01.SI,20111101,11.17,11.19,11.13,11.16,167400
D01.SI,20111031,11.31,11.31,11.15,11.19,311400
D01.SI,20111030,11.20,11.30,11.18,11.20,29700
D01.SI,20111027,11.05,11.05,11.05,11.05,000
D01.SI,20111026,11.10,11.15,11.05,11.05,94500
D01.SI,20111025,11.21,11.25,11.18,11.20,45000
D01.SI,20111024,11.30,11.30,11.21,11.21,40500
D01.SI,20111023,11.28,11.31,11.27,11.29,59400
D01.SI,20111020,11.31,11.31,11.24,11.26,56700
D01.SI,20111019,11.31,11.31,11.30,11.30,381600
D01.SI,20111018,11.30,11.32,11.29,11.31,388800
D01.SI,20111017,11.50,11.50,11.31,11.32,27000
D01.SI,20111016,11.49,11.49,11.25,11.28,306900
D01.SI,20111013,11.50,11.63,11.40,11.49,347400
D01.SI,20111012,11.25,11.28,11.25,11.28,16200
D01.SI,20111011,11.27,11.28,11.13,11.21,47700
D01.SI,20111010,11.27,11.28,11.25,11.27,200700
D01.SI,20111009,11.25,11.28,11.22,11.25,129600
D01.SI,20111006,11.27,11.28,11.21,11.25,59400
D01.SI,20111005,11.20,11.20,11.20,11.20,43200
D01.SI,20111004,11.16,11.28,11.16,11.20,235800
D01.SI,20111003,11.08,11.16,11.08,11.16,22500
D01.SI,20111002,11.22,11.22,11.05,11.07,28800
D01.SI,20110929,11.11,11.11,11.11,11.11,9900
D01.SI,20110928,11.11,11.11,11.10,11.10,15300
D01.SI,20110927,11.18,11.21,11.04,11.21,373500
D01.SI,20110926,11.17,11.17,11.09,11.12,204300
D01.SI,20110925,11.21,11.21,11.20,11.21,30600
D01.SI,20110922,11.20,11.21,11.09,11.20,343800
D01.SI,20110921,11.09,11.20,11.09,11.17,55800
D01.SI,20110920,11.21,11.21,11.18,11.21,117000
D01.SI,20110919,11.20,11.21,11.08,11.20,156600
D01.SI,20110918,11.00,11.19,11.00,11.19,329400
D01.SI,20110915,11.00,11.06,11.00,11.05,108000
D01.SI,20110914,11.07,11.12,11.07,11.07,7200
D01.SI,20110913,11.15,11.20,11.05,11.07,44100
D01.SI,20110912,10.91,11.12,10.91,11.05,162900
D01.SI,20110911,11.08,11.30,11.06,11.30,66600
D01.SI,20110908,11.03,11.10,11.00,11.06,63900
D01.SI,20110907,10.90,11.00,10.90,10.97,7200
D01.SI,20110906,10.86,10.90,10.84,10.90,270000
D01.SI,20110905,10.95,10.95,10.93,10.95,42300
D01.SI,20110904,10.99,10.99,10.99,10.99,900
D01.SI,20110901,10.80,10.89,10.80,10.80,10800
D01.SI,20110831,10.90,10.90,10.86,10.88,10800
D01.SI,20110830,11.00,11.10,10.85,10.89,286200
D01.SI,20110829,11.13,11.13,10.77,10.81,66600
D01.SI,20110828,11.32,11.35,11.29,11.30,28800
D01.SI,20110825,11.30,11.50,11.24,11.28,268200
D01.SI,20110824,10.99,11.37,10.98,11.37,117000
D01.SI,20110823,10.60,10.99,10.60,10.88,113400
D01.SI,20110822,10.62,10.62,10.57,10.60,26100
D01.SI,20110821,10.62,10.62,10.62,10.62,000
D01.SI,20110818,10.51,10.62,10.50,10.62,9900
D01.SI,20110817,10.68,10.68,10.50,10.50,37800
D01.SI,20110816,10.45,10.50,10.36,10.50,405900
D01.SI,20110815,10.50,10.50,10.49,10.50,562500
D01.SI,20110814,10.50,10.50,10.46,10.50,298800
D01.SI,20110811,10.52,10.52,10.49,10.50,962100
D01.SI,20110810,10.48,10.48,10.48,10.48,000
D01.SI,20110809,10.53,10.53,10.48,10.48,396000
D01.SI,20110808,10.50,10.57,10.48,10.48,618300
D01.SI,20110807,10.48,10.49,10.48,10.49,21600
D01.SI,20110804,10.50,10.56,10.48,10.48,247500
D01.SI,20110803,10.45,10.51,10.45,10.50,192600
D01.SI,20110802,10.49,10.53,10.48,10.50,186300
D01.SI,20110801,10.46,10.49,10.46,10.49,17100
D01.SI,20110731,10.52,10.57,10.50,10.55,182700
D01.SI,20110728,10.60,10.60,10.51,10.56,306000
D01.SI,20110727,10.60,10.60,10.51,10.57,333000
D01.SI,20110726,10.60,10.60,10.60,10.60,3600
D01.SI,20110725,10.60,10.65,10.51,10.59,145800
D01.SI,20110724,10.51,10.53,10.49,10.50,108000
D01.SI,20110721,10.55,10.55,10.55,10.55,5400
D01.SI,20110720,10.60,10.62,10.50,10.59,108900
D01.SI,20110719,10.57,10.60,10.45,10.45,327600
D01.SI,20110718,10.60,10.60,10.48,10.58,157500
D01.SI,20110717,10.50,10.60,10.46,10.59,357300
D01.SI,20110714,10.62,10.65,10.50,10.50,339300
D01.SI,20110713,10.50,10.54,10.49,10.54,449100
D01.SI,20110712,10.50,10.58,10.50,10.50,195300
D01.SI,20110711,10.50,10.60,10.30,10.50,73800
D01.SI,20110710,10.46,10.46,10.46,10.46,000
D01.SI,20110707,10.50,10.60,10.46,10.46,9000
D01.SI,20110706,10.46,10.46,10.46,10.46,000
D01.SI,20110705,10.43,10.65,10.43,10.46,90900
D01.SI,20110704,10.60,10.60,10.50,10.60,193500
D01.SI,20110703,10.49,10.64,10.49,10.64,741600
D01.SI,20110630,10.60,10.62,10.40,10.62,27900
D01.SI,20110629,10.45,10.99,10.45,10.60,187200
D01.SI,20110628,10.52,10.57,10.44,10.44,21600
D01.SI,20110627,10.40,10.53,10.40,10.50,127800
D01.SI,20110626,10.46,10.46,10.35,10.42,18000
D01.SI,20110623,10.36,10.36,10.27,10.35,128700
D01.SI,20110622,10.36,10.56,10.20,10.24,9900
D01.SI,20110621,10.34,10.34,10.34,10.34,76500
D01.SI,20110620,10.40,10.40,10.32,10.32,52200
D01.SI,20110619,10.40,10.40,10.40,10.40,14400
D01.SI,20110616,10.40,10.41,10.38,10.40,93600
D01.SI,20110615,10.39,10.42,10.39,10.40,115200
D01.SI,20110614,10.50,10.50,10.39,10.40,66600
D01.SI,20110613,10.40,10.50,10.40,10.40,54900
D01.SI,20110612,10.40,10.41,10.37,10.38,63000
D01.SI,20110609,10.50,10.50,10.40,10.40,7200
D01.SI,20110608,10.55,10.55,10.44,10.45,62100
D01.SI,20110607,10.55,10.55,10.39,10.50,137700
D01.SI,20110606,10.39,10.54,10.39,10.41,18000
D01.SI,20110605,10.42,10.42,10.32,10.38,49500
D01.SI,20110602,10.43,10.55,10.43,10.50,27900
D01.SI,20110601,10.99,10.99,10.40,10.50,35100
D01.SI,20110531,10.49,10.49,10.49,10.49,000
D01.SI,20110530,10.41,10.49,10.41,10.49,8100
D01.SI,20110529,10.48,10.49,10.48,10.49,4500
D01.SI,20110526,10.38,10.49,10.35,10.49,13500
D01.SI,20110525,10.40,10.40,10.36,10.40,29700
D01.SI,20110524,10.40,10.40,10.35,10.40,25200
D01.SI,20110523,10.47,10.50,10.45,10.45,310500
D01.SI,20110522,10.40,10.56,10.40,10.56,175500
D01.SI,20110519,10.30,10.70,10.30,10.60,40500
D01.SI,20110518,10.50,10.51,10.46,10.50,204300
D01.SI,20110517,10.55,10.60,10.40,10.50,414900
D01.SI,20110516,10.50,10.56,10.50,10.56,108900
D01.SI,20110515,10.79,10.79,10.41,10.56,58500
D01.SI,20110512,10.77,10.88,10.77,10.84,52200
D01.SI,20110511,10.76,11.40,10.00,11.40,229500
D01.SI,20110510,10.76,10.76,10.76,10.76,11700
D01.SI,20110509,10.70,10.78,10.70,10.76,36000
D01.SI,20110508,10.60,10.60,10.54,10.58,64800
D01.SI,20110505,10.50,10.60,10.50,10.60,45000
D01.SI,20110504,10.60,10.60,10.50,10.50,5400
D01.SI,20110503,10.51,10.79,10.45,10.58,83700
D01.SI,20110502,10.37,10.37,10.37,10.37,000
D01.SI,20110501,10.37,10.37,10.37,10.37,9000
D01.SI,20110428,10.21,10.45,10.21,10.37,56700
D01.SI,20110427,10.25,10.26,10.19,10.25,90000
D01.SI,20110426,10.25,10.30,10.10,10.25,129600
D01.SI,20110425,10.20,10.26,10.20,10.26,55800
D01.SI,20110424,10.28,10.41,10.20,10.28,150300
D01.SI,20110421,10.49,10.53,10.47,10.48,50400
D01.SI,20110420,10.56,10.56,10.46,10.49,47700
D01.SI,20110419,10.56,10.57,10.56,10.56,7200
D01.SI,20110418,10.57,10.57,10.51,10.52,144900
D01.SI,20110417,10.66,11.66,10.56,10.57,52200
D01.SI,20110414,10.40,10.60,10.40,10.60,18900
D01.SI,20110413,10.50,10.52,10.40,10.40,284400
D01.SI,20110412,10.55,10.66,10.50,10.51,146700
D01.SI,20110411,10.67,10.79,10.65,10.67,28800
D01.SI,20110410,10.50,10.50,10.50,10.50,3600
D01.SI,20110407,10.50,10.50,10.50,10.50,000
D01.SI,20110406,10.50,10.50,10.50,10.50,000
D01.SI,20110405,10.53,10.57,10.50,10.50,21600
D01.SI,20110404,10.68,10.68,10.59,10.59,20700
D01.SI,20110403,10.50,10.55,10.44,10.52,211500
D01.SI,20110331,10.50,10.66,10.40,10.44,565200
D01.SI,20110330,10.55,10.55,10.51,10.51,103500
D01.SI,20110329,10.51,10.51,10.50,10.51,82800
D01.SI,20110328,10.51,10.51,10.50,10.50,322200
D01.SI,20110327,10.50,10.69,10.40,10.51,441000
D01.SI,20110324,10.52,10.70,10.50,10.60,15300
D01.SI,20110323,10.50,10.51,10.50,10.50,171000
D01.SI,20110322,10.50,10.51,10.50,10.50,41400
D01.SI,20110321,10.50,10.55,10.50,10.54,51300
D01.SI,20110320,10.88,10.93,10.50,10.50,110700
D01.SI,20110317,10.22,10.90,10.22,10.90,65700
D01.SI,20110316,10.10,10.24,10.10,10.22,72000
D01.SI,20110315,10.22,10.26,10.20,10.25,155700
D01.SI,20110314,10.25,10.29,10.25,10.25,80100
D01.SI,20110313,10.20,10.35,10.20,10.25,74700
D01.SI,20110310,10.20,10.22,10.19,10.20,523800
D01.SI,20110309,10.20,10.22,10.16,10.22,53100
D01.SI,20110308,10.20,10.25,10.18,10.25,115200
D01.SI,20110307,10.25,10.25,10.12,10.25,61200
D01.SI,20110306,10.50,10.50,10.25,10.29,43200
D01.SI,20110303,10.33,10.45,10.20,10.20,58500
D01.SI,20110302,10.29,10.34,10.26,10.33,54900
D01.SI,20110301,10.24,10.44,10.20,10.26,51300
D01.SI,20110228,10.17,10.24,10.17,10.24,4500
D01.SI,20110227,10.20,10.50,10.00,10.17,60300
D01.SI,20110224,10.00,10.00,10.00,10.00,000
D01.SI,20110223,10.05,10.05,10.00,10.00,44100
D01.SI,20110222,10.20,10.22,10.20,10.20,52200
D01.SI,20110221,10.22,10.24,10.22,10.22,81000
D01.SI,20110220,10.20,10.28,10.20,10.28,4500
D01.SI,20110217,10.12,10.17,10.11,10.15,33300
D01.SI,20110216,10.12,10.15,10.12,10.15,1800
D01.SI,20110215,10.12,10.22,9.99,10.22,70200
D01.SI,20110214,10.00,10.10,10.00,10.10,19800
D01.SI,20110213,9.97,10.00,9.97,10.00,16200
D01.SI,20110210,9.91,9.94,9.90,9.93,32400
D01.SI,20110209,10.10,10.10,9.90,9.95,151200
D01.SI,20110208,10.10,10.15,10.00,10.15,42300
D01.SI,20110207,9.86,10.10,9.86,10.10,112500
D01.SI,20110206,9.90,9.95,9.90,9.90,12600
D01.SI,20110203,9.86,9.91,9.86,9.90,54900
D01.SI,20110202,9.86,9.86,9.85,9.86,58500
D01.SI,20110201,9.81,9.83,9.81,9.82,47700
D01.SI,20110131,9.80,9.81,9.70,9.81,147600
D01.SI,20110130,9.80,9.86,9.80,9.86,9900
D01.SI,20110127,9.80,9.85,9.80,9.82,31500
D01.SI,20110126,9.80,9.85,9.80,9.85,35100
D01.SI,20110125,9.74,9.81,9.74,9.81,81900
D01.SI,20110124,9.82,9.82,9.82,9.82,000
D01.SI,20110123,9.82,9.82,9.82,9.82,000
D01.SI,20110120,9.82,9.86,9.82,9.82,9000
D01.SI,20110119,9.82,9.88,9.70,9.84,186300
D01.SI,20110118,9.60,9.68,9.60,9.61,43200
D01.SI,20110117,9.59,9.62,9.59,9.60,6300
D01.SI,20110116,9.50,9.70,9.50,9.65,7200
D01.SI,20110113,9.50,9.51,9.50,9.50,22500
D01.SI,20110112,9.80,9.80,9.22,9.50,10800
D01.SI,20110111,9.60,9.70,9.60,9.70,73800
D01.SI,20110110,9.69,9.69,9.59,9.59,36900
D01.SI,20110109,9.69,9.70,9.69,9.69,59400
D01.SI,20110106,9.70,9.79,9.70,9.75,76500
D01.SI,20110105,9.50,9.78,9.50,9.78,29700
D01.SI,20110104,9.45,11.11,9.45,9.70,90000
D01.SI,20110103,9.40,9.50,9.33,9.45,24300
D01.SI,20110102,9.25,9.25,9.25,9.25,000
