MU7.SI,20120604,107.25,107.30,107.25,107.26,2100
MU7.SI,20120603,107.35,107.40,107.30,107.40,1500
MU7.SI,20120531,107.30,107.40,107.30,107.32,900
MU7.SI,20120530,107.40,107.60,107.00,107.30,7300
MU7.SI,20120529,107.35,107.35,107.35,107.35,400
MU7.SI,20120528,107.15,107.20,107.15,107.15,6300
MU7.SI,20120527,107.75,107.85,107.00,107.00,4600
MU7.SI,20120523,107.80,107.80,107.71,107.71,4500
MU7.SI,20120522,107.87,107.95,107.87,107.95,1500
MU7.SI,20120521,107.82,107.90,107.82,107.86,700
MU7.SI,20120520,107.83,107.85,107.82,107.82,900
MU7.SI,20120517,107.85,107.85,107.82,107.82,1600
MU7.SI,20120516,108.00,108.00,107.72,107.72,2700
MU7.SI,20120515,107.82,107.82,107.80,107.81,1800
MU7.SI,20120514,108.00,108.00,107.82,107.82,600
MU7.SI,20120513,107.81,107.81,107.80,107.80,1500
MU7.SI,20120510,107.80,107.80,107.80,107.80,200
MU7.SI,20120509,107.70,107.80,107.70,107.80,2500
MU7.SI,20120508,107.70,107.76,107.70,107.70,3400
MU7.SI,20120507,107.50,107.80,107.50,107.51,1600
MU7.SI,20120506,109.64,109.77,109.64,109.75,1000
MU7.SI,20120503,109.60,109.60,109.60,109.60,900
MU7.SI,20120502,109.70,109.70,109.60,109.60,1200
MU7.SI,20120430,109.50,109.60,109.50,109.60,1900
MU7.SI,20120429,109.40,109.50,109.40,109.50,500
MU7.SI,20120426,109.12,109.50,109.12,109.40,500
MU7.SI,20120425,109.10,109.11,109.10,109.11,300
MU7.SI,20120424,109.10,109.10,109.10,109.10,500
MU7.SI,20120423,109.00,109.00,109.00,109.00,200
MU7.SI,20120422,108.91,108.91,108.91,108.91,200
MU7.SI,20120419,109.25,109.40,108.90,108.90,4100
MU7.SI,20120418,109.30,109.30,109.30,109.30,1400
MU7.SI,20120417,109.20,109.30,109.20,109.30,900
MU7.SI,20120416,109.40,109.40,109.30,109.30,1400
MU7.SI,20120415,109.20,109.50,109.20,109.50,2100
MU7.SI,20120412,109.30,109.30,109.20,109.20,2400
MU7.SI,20120411,109.20,109.20,109.10,109.10,900
MU7.SI,20120410,109.00,109.20,109.00,109.10,900
MU7.SI,20120409,108.90,109.10,108.90,109.10,1500
MU7.SI,20120408,108.98,109.00,108.82,108.82,500
MU7.SI,20120405,108.88,108.88,108.88,108.88,500
MU7.SI,20120404,109.00,109.00,108.90,108.90,1300
MU7.SI,20120403,108.65,108.90,108.65,108.90,200
MU7.SI,20120402,108.63,108.63,108.63,108.63,100
MU7.SI,20120401,108.31,109.78,108.31,109.58,1000
MU7.SI,20120328,108.00,108.00,108.00,108.00,200
MU7.SI,20120327,108.80,108.80,108.80,108.80,300
MU7.SI,20120325,108.60,109.00,108.60,108.80,1400
MU7.SI,20120322,108.50,108.50,108.50,108.50,2400
MU7.SI,20120321,108.50,108.50,108.50,108.50,300
MU7.SI,20120320,108.40,108.40,108.30,108.30,700
MU7.SI,20120319,108.80,108.80,108.50,108.50,1000
MU7.SI,20120318,108.35,108.80,108.35,108.80,1000
MU7.SI,20120314,108.20,108.30,108.20,108.30,1600
MU7.SI,20120313,108.42,108.42,108.02,108.10,10700
MU7.SI,20120312,108.46,108.46,108.43,108.43,1900
MU7.SI,20120311,108.42,108.50,108.42,108.50,2600
MU7.SI,20120308,108.45,108.45,108.40,108.45,1700
MU7.SI,20120307,108.40,108.42,108.40,108.42,1000
MU7.SI,20120306,108.31,108.40,108.31,108.40,1300
MU7.SI,20120305,108.31,108.31,108.31,108.31,200
MU7.SI,20120304,108.20,108.39,108.19,108.21,600
MU7.SI,20120301,108.40,108.40,108.40,108.40,300
MU7.SI,20120229,108.22,108.30,108.22,108.30,600
MU7.SI,20120228,108.20,108.26,108.20,108.26,300
MU7.SI,20120227,108.40,108.45,108.40,108.45,1600
MU7.SI,20120226,108.40,108.40,108.40,108.40,300
MU7.SI,20120223,108.40,108.40,108.40,108.40,1800
MU7.SI,20120222,108.55,108.55,108.43,108.43,800
MU7.SI,20120221,108.55,108.55,108.50,108.54,900
MU7.SI,20120220,108.48,108.50,108.45,108.45,1800
MU7.SI,20120219,108.36,108.48,108.36,108.48,700
MU7.SI,20120216,108.36,108.36,108.36,108.36,500
MU7.SI,20120215,108.40,108.50,108.40,108.50,3200
MU7.SI,20120214,108.28,108.40,108.28,108.40,600
MU7.SI,20120209,108.10,108.28,108.02,108.28,1500
MU7.SI,20120208,107.80,107.90,107.80,107.90,500
MU7.SI,20120207,108.20,108.25,107.30,107.30,3300
MU7.SI,20120206,108.10,108.20,108.10,108.20,1000
MU7.SI,20120205,108.20,108.50,108.15,108.40,2100
MU7.SI,20120202,108.25,108.25,108.14,108.14,600
MU7.SI,20120201,108.20,108.20,108.01,108.20,2400
MU7.SI,20120131,108.20,108.24,108.12,108.24,3100
MU7.SI,20120130,108.00,108.20,108.00,108.20,2900
MU7.SI,20120129,107.90,108.00,107.90,108.00,2900
MU7.SI,20120126,107.95,108.20,107.90,108.20,6400
MU7.SI,20120125,108.40,108.40,107.95,107.95,300
MU7.SI,20120124,107.90,107.91,107.90,107.91,600
MU7.SI,20120123,107.90,108.00,107.90,107.90,3800
MU7.SI,20120122,108.30,108.50,108.30,108.30,500
MU7.SI,20120119,107.90,108.10,107.90,108.10,1200
MU7.SI,20120118,108.00,108.10,107.90,108.00,2900
MU7.SI,20120117,107.90,107.90,107.90,107.90,900
MU7.SI,20120116,107.80,107.90,107.80,107.90,500
MU7.SI,20120115,107.70,107.80,107.60,107.80,1500
MU7.SI,20120112,108.00,108.00,107.70,107.70,2000
MU7.SI,20120111,107.75,107.95,107.70,107.80,2400
MU7.SI,20120110,107.98,107.98,107.75,107.75,1600
MU7.SI,20120109,107.90,107.95,107.72,107.95,1500
MU7.SI,20120108,108.00,108.00,107.90,107.90,1400
MU7.SI,20120105,107.57,108.00,107.57,107.80,2900
MU7.SI,20120104,108.03,108.05,107.77,107.77,1200
MU7.SI,20120103,107.99,108.04,107.99,108.03,4700
MU7.SI,20120101,107.08,108.04,107.08,108.03,600
MU7.SI,20111229,107.64,108.10,107.64,108.06,4700
MU7.SI,20111228,107.50,107.84,107.50,107.84,600
MU7.SI,20111227,107.60,107.60,107.46,107.50,900
MU7.SI,20111225,108.40,108.40,107.70,107.80,1200
MU7.SI,20111222,106.80,106.90,106.80,106.90,300
MU7.SI,20111221,106.90,106.98,106.90,106.98,2000
MU7.SI,20111220,106.90,107.00,106.90,107.00,4400
MU7.SI,20111219,106.90,106.90,106.90,106.90,600
MU7.SI,20111218,106.80,107.00,106.80,107.00,2100
MU7.SI,20111215,106.52,106.80,106.52,106.60,1100
MU7.SI,20111214,106.45,106.60,106.45,106.60,400
MU7.SI,20111213,106.30,106.40,106.30,106.40,900
MU7.SI,20111212,106.25,106.35,106.25,106.26,1200
MU7.SI,20111211,106.40,106.40,106.25,106.25,2000
MU7.SI,20111208,106.40,106.40,106.30,106.30,1200
MU7.SI,20111207,106.20,106.30,106.20,106.22,1000
MU7.SI,20111206,106.43,106.43,106.20,106.20,3100
MU7.SI,20111205,106.40,106.40,106.40,106.40,900
MU7.SI,20111204,106.00,106.40,105.91,106.40,800
MU7.SI,20111201,106.10,106.30,105.90,105.90,1500
MU7.SI,20111130,106.00,106.10,105.90,105.91,9100
MU7.SI,20111129,106.40,106.40,105.80,105.80,6400
MU7.SI,20111128,106.30,106.30,106.30,106.30,400
MU7.SI,20111127,106.30,106.50,106.30,106.50,800
MU7.SI,20111124,106.40,106.40,106.20,106.20,700
MU7.SI,20111123,106.30,106.40,106.18,106.40,700
MU7.SI,20111122,106.20,106.20,106.11,106.11,400
MU7.SI,20111121,106.10,106.20,106.00,106.20,1500
MU7.SI,20111120,106.00,106.00,106.00,106.00,400
MU7.SI,20111117,106.00,106.00,106.00,106.00,500
MU7.SI,20111116,106.05,106.05,105.80,105.80,4800
MU7.SI,20111115,106.20,106.20,106.00,106.00,3500
MU7.SI,20111113,106.15,106.20,106.10,106.20,700
MU7.SI,20111110,105.99,106.00,105.97,106.00,3100
MU7.SI,20111109,106.20,106.20,106.15,106.17,1100
MU7.SI,20111108,106.50,106.50,106.00,106.15,6200
MU7.SI,20111107,107.90,108.20,107.80,107.80,4400
MU7.SI,20111106,108.20,108.20,107.88,107.88,2700
MU7.SI,20111103,108.06,108.18,107.98,108.00,5700
MU7.SI,20111102,108.20,108.20,108.05,108.15,1800
MU7.SI,20111101,108.02,108.28,108.00,108.24,2400
MU7.SI,20111031,108.29,108.29,108.18,108.18,1900
MU7.SI,20111030,108.20,108.30,108.18,108.28,1500
MU7.SI,20111026,108.20,108.20,108.10,108.20,500
MU7.SI,20111025,108.02,108.15,108.00,108.15,1100
MU7.SI,20111024,108.00,108.03,107.95,107.95,4000
MU7.SI,20111023,107.81,108.01,107.81,108.01,1800
MU7.SI,20111020,108.00,108.00,107.91,108.00,900
MU7.SI,20111019,108.06,108.12,108.05,108.10,2000
MU7.SI,20111018,108.10,108.10,108.02,108.04,1400
MU7.SI,20111017,107.81,108.00,107.81,108.00,800
MU7.SI,20111016,107.60,108.08,107.60,108.08,600
MU7.SI,20111013,107.65,108.00,107.65,108.00,2000
MU7.SI,20111012,107.60,107.60,107.60,107.60,200
MU7.SI,20111011,107.60,107.60,107.60,107.60,1400
MU7.SI,20111010,107.55,107.60,107.55,107.60,1200
MU7.SI,20111009,107.70,107.70,107.56,107.60,5100
MU7.SI,20111006,107.75,107.75,107.75,107.75,300
MU7.SI,20111004,107.70,107.80,107.70,107.80,900
MU7.SI,20111003,107.70,107.70,107.70,107.70,200
MU7.SI,20111002,107.98,107.98,107.60,107.90,1500
MU7.SI,20110929,107.60,107.80,107.55,107.80,300
MU7.SI,20110928,107.60,107.80,107.60,107.70,1600
MU7.SI,20110927,107.65,107.65,107.60,107.60,2500
MU7.SI,20110926,107.65,107.65,107.60,107.65,1000
MU7.SI,20110925,107.62,107.62,107.55,107.55,400
MU7.SI,20110922,107.70,107.70,107.60,107.60,700
MU7.SI,20110921,107.80,107.80,107.70,107.70,200
MU7.SI,20110920,107.70,107.70,107.60,107.70,400
MU7.SI,20110919,107.41,107.50,107.40,107.50,1600
MU7.SI,20110918,107.60,107.60,107.50,107.60,3200
MU7.SI,20110915,107.48,107.80,107.20,107.80,4600
MU7.SI,20110914,107.20,107.28,107.15,107.28,1600
MU7.SI,20110913,107.20,107.20,107.15,107.20,3300
MU7.SI,20110912,107.21,107.30,107.21,107.30,4400
MU7.SI,20110911,107.05,107.30,107.05,107.21,800
MU7.SI,20110908,107.20,107.48,107.20,107.46,2800
MU7.SI,20110907,107.08,107.28,107.07,107.28,2000
MU7.SI,20110906,107.00,107.08,107.00,107.08,2200
MU7.SI,20110905,106.80,107.00,106.80,107.00,1800
MU7.SI,20110904,106.78,106.78,106.78,106.78,100
MU7.SI,20110901,106.80,106.80,106.67,106.78,2300
MU7.SI,20110830,106.80,106.80,106.60,106.80,600
MU7.SI,20110829,106.50,106.90,106.50,106.90,2300
MU7.SI,20110828,106.62,106.70,106.62,106.70,300
MU7.SI,20110825,106.68,106.80,106.60,106.80,900
MU7.SI,20110824,106.50,106.90,106.39,106.90,1700
MU7.SI,20110823,106.70,106.70,106.50,106.58,2200
MU7.SI,20110822,106.58,106.88,106.50,106.65,3400
MU7.SI,20110818,106.59,106.70,106.55,106.55,3500
MU7.SI,20110817,106.88,106.88,106.59,106.59,2000
MU7.SI,20110816,106.75,106.75,106.70,106.70,2200
MU7.SI,20110815,106.62,106.68,106.58,106.68,900
MU7.SI,20110814,106.69,106.70,106.58,106.58,5700
MU7.SI,20110811,106.70,106.80,106.66,106.80,3900
MU7.SI,20110809,106.70,106.80,106.70,106.80,1100
MU7.SI,20110808,106.70,106.80,106.70,106.80,1100
MU7.SI,20110807,106.70,106.80,106.70,106.70,1200
MU7.SI,20110804,106.83,107.00,106.80,106.80,800
MU7.SI,20110802,106.80,107.00,106.80,107.00,400
MU7.SI,20110801,107.00,107.00,106.82,106.82,300
MU7.SI,20110731,106.65,106.80,106.65,106.80,2100
MU7.SI,20110728,106.70,106.80,106.62,106.63,1500
MU7.SI,20110727,106.21,106.50,106.21,106.50,500
MU7.SI,20110726,106.50,106.50,106.20,106.20,500
MU7.SI,20110725,106.40,106.50,106.40,106.50,200
MU7.SI,20110721,106.40,106.60,106.40,106.60,300
MU7.SI,20110720,106.50,106.50,106.50,106.50,100
MU7.SI,20110719,106.45,106.45,106.30,106.30,1100
MU7.SI,20110718,106.36,106.45,106.36,106.45,700
MU7.SI,20110717,106.55,106.55,106.55,106.55,300
MU7.SI,20110714,106.30,106.50,106.30,106.50,1100
MU7.SI,20110713,106.10,106.30,106.10,106.30,800
MU7.SI,20110712,106.00,106.10,106.00,106.10,2900
MU7.SI,20110711,105.92,106.00,105.92,105.98,900
MU7.SI,20110710,105.90,106.00,105.82,105.82,2300
MU7.SI,20110707,105.80,105.80,105.80,105.80,300
MU7.SI,20110706,106.00,106.00,106.00,106.00,600
MU7.SI,20110705,105.78,106.20,105.70,106.20,2800
MU7.SI,20110704,105.60,105.70,105.55,105.70,2000
MU7.SI,20110703,105.60,105.60,105.50,105.60,600
MU7.SI,20110630,105.40,105.55,105.40,105.55,600
MU7.SI,20110629,105.45,105.60,105.45,105.50,800
MU7.SI,20110628,105.40,105.45,105.40,105.45,800
MU7.SI,20110627,105.45,105.45,105.30,105.30,400
MU7.SI,20110626,105.30,105.35,105.30,105.35,800
MU7.SI,20110623,105.25,105.25,105.20,105.20,1100
MU7.SI,20110622,105.00,105.38,105.00,105.38,2200
MU7.SI,20110621,105.30,105.30,105.00,105.30,1000
MU7.SI,20110620,105.10,105.20,105.10,105.20,2400
MU7.SI,20110619,104.82,105.15,104.82,105.15,3900
MU7.SI,20110616,104.73,104.90,104.72,104.80,700
MU7.SI,20110615,104.70,104.89,104.70,104.70,800
MU7.SI,20110614,104.78,104.78,104.78,104.78,200
MU7.SI,20110613,104.69,104.70,104.68,104.68,2400
MU7.SI,20110612,104.70,104.70,104.50,104.67,4300
MU7.SI,20110609,104.70,104.70,104.30,104.50,4000
MU7.SI,20110608,105.55,105.55,105.55,105.55,100
MU7.SI,20110607,104.70,107.00,104.50,107.00,7000
MU7.SI,20110606,104.82,105.00,104.70,104.70,5800
MU7.SI,20110605,105.00,105.00,104.80,105.00,1500
MU7.SI,20110602,105.00,105.10,105.00,105.05,2900
MU7.SI,20110601,105.49,105.49,105.00,105.45,1500
MU7.SI,20110531,105.20,105.40,105.20,105.20,2000
MU7.SI,20110530,105.98,105.98,105.00,105.76,6900
MU7.SI,20110529,105.40,105.78,104.90,105.78,7000
MU7.SI,20110526,105.90,106.00,105.80,105.80,6400
MU7.SI,20110525,106.00,106.00,105.83,106.00,1900
MU7.SI,20110523,106.00,106.60,105.84,106.60,6600
MU7.SI,20110522,105.14,106.00,105.08,106.00,4800
MU7.SI,20110519,106.10,106.10,105.30,105.33,2600
MU7.SI,20110518,106.30,106.50,106.25,106.50,1100
MU7.SI,20110517,106.10,106.59,106.10,106.35,6700
MU7.SI,20110516,106.30,106.30,106.30,106.30,1300
MU7.SI,20110515,106.25,106.25,106.25,106.25,600
MU7.SI,20110512,106.25,106.25,106.11,106.25,1400
MU7.SI,20110511,106.01,106.35,106.00,106.25,1400
MU7.SI,20110510,106.30,106.40,106.20,106.20,2500
MU7.SI,20110509,106.50,106.50,105.90,106.40,9100
MU7.SI,20110508,107.65,107.75,107.60,107.75,2100
MU7.SI,20110505,107.70,107.80,107.70,107.80,2600
MU7.SI,20110504,107.70,107.80,107.70,107.80,1600
MU7.SI,20110503,107.80,107.80,107.66,107.70,2600
MU7.SI,20110501,107.60,107.70,107.50,107.60,3900
MU7.SI,20110428,107.50,107.50,107.40,107.42,1100
MU7.SI,20110427,107.60,107.62,107.60,107.60,1300
MU7.SI,20110426,107.46,107.60,107.40,107.60,300
MU7.SI,20110425,107.66,107.80,107.65,107.65,1300
MU7.SI,20110424,107.60,107.85,107.60,107.80,1100
MU7.SI,20110421,107.65,107.90,107.60,107.65,1300
MU7.SI,20110420,107.60,107.65,107.60,107.65,900
MU7.SI,20110419,107.88,107.88,107.63,107.72,5200
MU7.SI,20110418,107.90,107.90,107.84,107.90,2300
MU7.SI,20110417,107.90,107.90,107.80,107.88,1800
MU7.SI,20110414,107.80,107.90,107.80,107.80,1900
MU7.SI,20110413,107.70,107.90,107.70,107.86,1800
MU7.SI,20110412,107.80,107.80,107.75,107.75,2000
MU7.SI,20110411,107.70,107.88,107.70,107.80,600
MU7.SI,20110410,107.80,107.90,107.70,107.90,2900
MU7.SI,20110406,107.80,107.80,107.78,107.80,1200
MU7.SI,20110405,107.60,107.75,107.60,107.75,800
MU7.SI,20110404,107.90,107.90,107.60,107.69,2900
MU7.SI,20110403,107.85,107.87,107.80,107.80,3800
MU7.SI,20110331,107.80,107.80,107.80,107.80,200
MU7.SI,20110330,107.85,107.95,107.80,107.95,500
MU7.SI,20110329,107.81,108.00,107.81,107.85,800
MU7.SI,20110328,107.80,107.82,107.80,107.80,600
MU7.SI,20110327,107.80,107.80,107.70,107.80,1900
MU7.SI,20110324,107.75,107.75,107.75,107.75,1200
MU7.SI,20110323,107.65,107.75,107.65,107.75,2200
MU7.SI,20110322,107.55,107.65,107.55,107.65,4600
MU7.SI,20110321,107.60,107.60,107.50,107.55,1000
MU7.SI,20110320,107.30,107.50,107.30,107.50,1300
MU7.SI,20110317,107.30,107.30,107.26,107.26,300
MU7.SI,20110316,107.20,107.40,107.20,107.40,2300
MU7.SI,20110315,107.30,107.40,107.30,107.34,5400
MU7.SI,20110314,107.30,107.30,107.00,107.20,900
MU7.SI,20110313,107.25,107.30,107.25,107.30,4000
MU7.SI,20110310,107.10,107.25,107.10,107.15,4200
MU7.SI,20110309,107.50,107.50,107.10,107.10,7600
MU7.SI,20110308,107.90,108.00,107.90,108.00,1000
MU7.SI,20110307,107.20,112.66,107.10,108.00,18800
MU7.SI,20110306,107.30,107.30,107.20,107.30,1600
MU7.SI,20110303,107.10,107.18,107.10,107.18,3200
MU7.SI,20110302,107.10,107.10,107.10,107.10,1400
MU7.SI,20110301,107.20,107.20,107.00,107.00,9800
MU7.SI,20110228,107.28,107.28,107.10,107.20,600
MU7.SI,20110224,107.00,107.48,107.00,107.48,2500
MU7.SI,20110223,107.10,107.24,107.10,107.24,2500
MU7.SI,20110222,107.15,107.30,107.10,107.10,400
MU7.SI,20110221,107.05,107.10,107.02,107.10,3600
MU7.SI,20110220,107.28,107.28,107.03,107.05,1500
MU7.SI,20110217,107.00,107.28,107.00,107.28,4300
MU7.SI,20110215,107.00,107.20,106.78,107.20,1400
MU7.SI,20110214,107.00,107.00,107.00,107.00,100
MU7.SI,20110213,106.70,106.70,106.56,106.62,3800
MU7.SI,20110210,106.66,106.70,106.60,106.70,2600
MU7.SI,20110209,106.70,106.70,106.68,106.68,1300
MU7.SI,20110208,106.76,106.76,106.50,106.60,10300
MU7.SI,20110207,107.00,107.00,106.60,106.70,5900
MU7.SI,20110206,106.70,106.80,106.70,106.80,2300
MU7.SI,20110203,107.00,107.00,106.60,106.60,5900
MU7.SI,20110202,107.00,107.00,106.70,106.70,3600
MU7.SI,20110201,106.80,107.00,106.50,107.00,14200
MU7.SI,20110131,107.00,107.40,106.70,107.35,6800
MU7.SI,20110130,106.70,107.00,106.70,107.00,1500
MU7.SI,20110127,107.00,107.00,106.60,106.60,6400
MU7.SI,20110126,106.92,107.20,106.70,107.20,3300
MU7.SI,20110125,106.80,106.90,106.70,106.90,3400
MU7.SI,20110120,106.95,106.95,106.95,106.95,300
MU7.SI,20110119,107.00,107.00,106.75,106.75,6100
MU7.SI,20110118,107.00,107.00,106.94,106.94,900
MU7.SI,20110117,107.00,107.00,107.00,107.00,1100
MU7.SI,20110116,107.00,107.00,106.90,106.90,1500
MU7.SI,20110113,107.00,107.20,106.94,106.94,2900
MU7.SI,20110112,106.90,106.92,106.86,106.92,1500
MU7.SI,20110111,107.02,107.02,107.00,107.00,2700
MU7.SI,20110110,106.80,107.00,106.80,107.00,1200
MU7.SI,20110109,107.00,107.10,107.00,107.00,1400
MU7.SI,20110106,107.00,107.00,106.90,106.90,2500
MU7.SI,20110105,106.95,107.00,106.90,107.00,900
MU7.SI,20110104,107.10,107.10,106.90,106.95,500
MU7.SI,20110103,107.10,107.20,107.10,107.20,600
MU7.SI,20110102,107.30,107.30,107.30,107.30,000
