D05.SI,20120606,16.29,16.30,16.21,16.30,1081000
D05.SI,20120604,16.59,16.62,16.35,16.62,7828000
D05.SI,20120603,16.99,16.99,16.82,16.85,4692000
D05.SI,20120531,17.17,17.30,17.07,17.16,26201000
D05.SI,20120530,17.03,17.10,16.77,16.97,8375000
D05.SI,20120529,17.28,17.30,17.09,17.12,4612000
D05.SI,20120528,17.31,17.36,17.18,17.27,4660000
D05.SI,20120527,17.28,17.42,17.22,17.36,6492000
D05.SI,20120524,17.15,17.15,17.15,17.15,000
D05.SI,20120523,17.24,17.42,17.01,17.15,8211000
D05.SI,20120522,17.35,17.47,17.25,17.28,4278000
D05.SI,20120521,17.55,17.55,17.31,17.35,3300000
D05.SI,20120520,17.52,17.53,17.28,17.51,2739000
D05.SI,20120517,17.27,17.46,17.24,17.46,2367000
D05.SI,20120516,17.34,17.42,17.15,17.28,6268000
D05.SI,20120515,17.55,17.62,17.36,17.38,3347000
D05.SI,20120514,17.50,17.58,17.46,17.48,3383000
D05.SI,20120513,17.70,17.75,17.41,17.49,2980000
D05.SI,20120510,17.69,17.90,17.65,17.90,3307000
D05.SI,20120509,17.77,17.89,17.65,17.70,3603000
D05.SI,20120508,17.48,17.77,17.40,17.70,7912000
D05.SI,20120507,17.38,17.46,17.35,17.41,5909000
D05.SI,20120506,17.45,17.48,17.33,17.45,4271000
D05.SI,20120503,17.50,17.51,17.31,17.40,4405000
D05.SI,20120502,16.85,17.59,16.85,16.76,10865000
D05.SI,20120501,16.76,16.76,16.76,16.76,000
D05.SI,20120430,16.54,16.84,16.46,16.76,9485000
D05.SI,20120429,16.32,16.38,16.28,16.36,2828000
D05.SI,20120426,16.22,16.32,16.15,16.22,3347000
D05.SI,20120425,15.95,16.18,15.92,16.18,4773000
D05.SI,20120424,15.73,15.98,15.61,15.98,5748000
D05.SI,20120423,15.70,15.70,15.51,15.51,2868000
D05.SI,20120422,15.79,15.79,15.55,15.65,2319000
D05.SI,20120419,15.59,15.90,15.59,15.69,11416000
D05.SI,20120418,15.62,15.72,15.55,15.65,2822000
D05.SI,20120417,15.50,15.60,15.45,15.50,6276000
D05.SI,20120416,15.50,15.53,15.47,15.52,4931000
D05.SI,20120415,15.58,15.65,15.49,15.54,3780000
D05.SI,20120412,15.70,15.72,15.60,15.67,2819000
D05.SI,20120411,15.70,15.70,15.60,15.65,3918000
D05.SI,20120410,15.66,15.68,15.60,15.60,2284000
D05.SI,20120409,15.66,15.78,15.62,15.66,2302000
D05.SI,20120408,15.80,15.82,15.61,15.65,3247000
D05.SI,20120405,15.95,15.99,15.80,15.85,3132000
D05.SI,20120404,15.98,16.00,15.90,15.97,3109000
D05.SI,20120403,15.95,16.00,15.81,16.00,4801000
D05.SI,20120402,15.85,16.00,15.76,16.00,3593000
D05.SI,20120401,16.08,16.08,15.76,15.88,2509000
D05.SI,20120329,16.00,16.00,16.00,16.00,000
D05.SI,20120328,16.00,16.03,15.91,16.00,4830000
D05.SI,20120327,15.78,15.95,15.76,15.95,4238000
D05.SI,20120326,15.68,15.80,15.65,15.72,2836000
D05.SI,20120325,15.50,15.75,15.50,15.67,4005000
D05.SI,20120322,15.55,15.65,15.47,15.54,2717000
D05.SI,20120321,15.46,15.60,15.46,15.59,3861000
D05.SI,20120320,15.38,15.57,15.35,15.46,4101000
D05.SI,20120319,15.45,15.64,15.40,15.50,2648000
D05.SI,20120318,15.50,15.52,15.35,15.43,3287000
D05.SI,20120315,15.73,15.75,15.60,15.75,5289000
D05.SI,20120314,15.62,15.66,15.50,15.58,2678000
D05.SI,20120313,15.67,15.71,15.48,15.54,2523000
D05.SI,20120312,15.54,15.72,15.51,15.68,5661000
D05.SI,20120311,15.55,15.55,15.46,15.47,1857000
D05.SI,20120308,15.50,15.52,15.46,15.49,3598000
D05.SI,20120307,15.40,15.49,15.39,15.49,5289000
D05.SI,20120306,15.30,15.38,15.26,15.38,4869000
D05.SI,20120305,15.18,15.25,15.16,15.17,5147000
D05.SI,20120304,15.04,15.13,14.96,14.98,6951000
D05.SI,20120301,15.22,15.25,15.15,15.15,3540000
D05.SI,20120229,15.25,15.25,15.11,15.11,4776000
D05.SI,20120228,15.14,15.16,15.04,15.10,2224000
D05.SI,20120227,15.18,15.24,15.08,15.17,3719000
D05.SI,20120226,15.25,15.27,15.21,15.24,2670000
D05.SI,20120223,15.20,15.24,15.18,15.19,3262000
D05.SI,20120222,15.17,15.21,15.15,15.15,4625000
D05.SI,20120221,15.20,15.22,15.15,15.21,6008000
D05.SI,20120220,15.10,15.17,15.06,15.12,2700000
D05.SI,20120219,15.00,15.08,14.91,15.07,2425000
D05.SI,20120216,15.05,15.07,14.96,15.00,2773000
D05.SI,20120215,15.12,15.15,15.00,15.01,3227000
D05.SI,20120214,15.00,15.18,15.00,15.10,4025000
D05.SI,20120213,14.98,14.98,14.98,14.98,000
D05.SI,20120212,14.98,14.98,14.98,14.98,000
D05.SI,20120209,14.98,15.09,14.94,14.98,2472000
D05.SI,20120208,14.95,14.97,14.88,14.95,7466000
D05.SI,20120207,15.00,15.01,14.86,14.96,6397000
D05.SI,20120206,15.24,15.25,15.02,15.20,3473000
D05.SI,20120205,15.24,15.35,15.19,15.29,5914000
D05.SI,20120202,15.00,15.18,14.96,15.15,6426000
D05.SI,20120201,14.88,14.96,14.83,14.96,5708000
D05.SI,20120131,14.76,14.90,14.70,14.83,3519000
D05.SI,20120130,14.77,14.87,14.75,14.77,3723000
D05.SI,20120129,14.67,14.79,14.67,14.77,2406000
D05.SI,20120126,14.78,14.78,14.63,14.72,3409000
D05.SI,20120125,14.53,14.69,14.50,14.64,6383000
D05.SI,20120124,14.46,14.49,14.42,14.46,5066000
D05.SI,20120123,14.40,14.48,14.40,14.42,4812000
D05.SI,20120122,14.34,14.45,14.32,14.40,3035000
D05.SI,20120119,14.37,14.44,14.35,14.38,3819000
D05.SI,20120118,14.36,14.46,14.35,14.35,4486000
D05.SI,20120117,14.35,14.40,14.31,14.36,5415000
D05.SI,20120116,14.30,14.39,14.30,14.38,6202000
D05.SI,20120115,14.56,14.58,14.35,14.41,8629000
D05.SI,20120112,14.79,14.79,14.67,14.70,4869000
D05.SI,20120111,14.80,14.88,14.76,14.83,8371000
D05.SI,20120110,14.60,14.84,14.58,14.70,5469000
D05.SI,20120109,14.84,14.86,14.65,14.65,3333000
D05.SI,20120108,14.97,14.98,14.80,14.80,2665000
D05.SI,20120105,14.89,14.92,14.86,14.92,3114000
D05.SI,20120104,14.92,14.95,14.80,14.84,2993000
D05.SI,20120103,14.96,14.99,14.78,14.78,3232000
D05.SI,20120102,14.84,14.84,14.84,14.84,000
D05.SI,20120101,14.84,14.88,14.82,14.84,3673000
D05.SI,20111229,14.88,14.98,14.79,14.98,2131000
D05.SI,20111228,14.93,14.97,14.83,14.86,1972000
D05.SI,20111227,14.95,14.97,14.89,14.91,1198000
D05.SI,20111226,14.93,14.93,14.93,14.93,000
D05.SI,20111225,14.80,14.93,14.79,14.93,751000
D05.SI,20111222,14.99,14.99,14.80,14.90,2688000
D05.SI,20111221,14.89,14.99,14.80,14.99,3282000
D05.SI,20111220,14.92,14.96,14.81,14.91,2517000
D05.SI,20111219,14.91,14.97,14.90,14.90,2539000
D05.SI,20111218,14.95,14.98,14.85,14.90,1888000
D05.SI,20111215,14.83,14.93,14.82,14.93,2241000
D05.SI,20111214,14.93,14.95,14.88,14.89,3083000
D05.SI,20111213,14.89,14.93,14.77,14.88,4358000
D05.SI,20111212,14.90,14.93,14.78,14.78,2725000
D05.SI,20111211,14.94,14.99,14.76,14.80,3511000
D05.SI,20111208,14.70,14.80,14.68,14.79,4870000
D05.SI,20111207,14.64,14.65,14.52,14.61,2809000
D05.SI,20111206,14.44,14.58,14.44,14.57,3501000
D05.SI,20111205,14.46,14.46,14.35,14.46,1988000
D05.SI,20111204,14.49,14.49,14.27,14.38,2756000
D05.SI,20111201,14.39,14.48,14.35,14.44,6879000
D05.SI,20111130,14.23,14.28,14.16,14.27,3244000
D05.SI,20111129,14.15,14.20,14.10,14.20,3319000
D05.SI,20111128,14.15,14.24,14.14,14.17,3590000
D05.SI,20111127,13.93,14.04,13.93,13.98,2228000
D05.SI,20111124,13.88,13.93,13.80,13.88,1424000
D05.SI,20111123,13.79,13.98,13.79,13.93,2437000
D05.SI,20111122,13.80,13.80,13.71,13.71,1544000
D05.SI,20111121,13.81,13.83,13.76,13.82,2195000
D05.SI,20111120,13.72,13.75,13.68,13.71,2166000
D05.SI,20111117,13.70,13.75,13.66,13.69,4717000
D05.SI,20111116,13.87,13.90,13.78,13.79,4381000
D05.SI,20111115,14.10,14.15,13.98,13.98,5246000
D05.SI,20111114,14.13,14.13,14.13,14.13,000
D05.SI,20111113,13.98,14.22,13.92,14.13,4963000
D05.SI,20111110,13.85,14.12,13.85,14.08,4964000
D05.SI,20111109,13.89,14.00,13.84,13.86,5112000
D05.SI,20111108,13.89,14.11,13.87,14.06,4729000
D05.SI,20111107,13.84,13.91,13.82,13.84,2622000
D05.SI,20111106,13.82,13.88,13.82,13.84,2742000
D05.SI,20111103,13.83,13.91,13.82,13.82,4463000
D05.SI,20111102,13.81,13.88,13.78,13.80,3993000
D05.SI,20111101,13.98,14.00,13.85,13.90,5017000
D05.SI,20111031,13.91,13.99,13.84,13.99,2219000
D05.SI,20111030,13.92,13.99,13.90,13.90,4760000
D05.SI,20111027,14.02,14.02,14.02,14.02,000
D05.SI,20111026,13.98,14.03,13.93,14.02,2310000
D05.SI,20111025,14.00,14.09,13.99,13.99,3046000
D05.SI,20111024,14.06,14.11,14.06,14.06,1426000
D05.SI,20111023,14.03,14.17,14.02,14.08,1238000
D05.SI,20111020,14.19,14.21,14.09,14.09,2391000
D05.SI,20111019,14.20,14.22,14.16,14.22,2461000
D05.SI,20111018,14.29,14.30,14.12,14.12,2185000
D05.SI,20111017,14.28,14.28,14.18,14.22,2396000
D05.SI,20111016,14.15,14.21,14.14,14.19,3187000
D05.SI,20111013,14.18,14.22,14.16,14.18,3533000
D05.SI,20111012,14.04,14.15,14.01,14.14,2870000
D05.SI,20111011,14.03,14.11,14.02,14.11,4717000
D05.SI,20111010,14.29,14.31,14.16,14.20,2662000
D05.SI,20111009,14.39,14.40,14.20,14.25,6964000
D05.SI,20111006,14.43,14.46,14.38,14.46,1802000
D05.SI,20111005,14.37,14.41,14.32,14.41,1846000
D05.SI,20111004,14.34,14.35,14.28,14.29,1918000
D05.SI,20111003,14.29,14.36,14.29,14.33,2102000
D05.SI,20111002,14.28,14.33,14.26,14.33,4386000
D05.SI,20110929,14.40,14.42,14.35,14.39,6816000
D05.SI,20110928,14.23,14.39,14.23,14.37,2672000
D05.SI,20110927,14.37,14.39,14.26,14.26,2662000
D05.SI,20110926,14.37,14.46,14.37,14.38,3287000
D05.SI,20110925,14.42,14.43,14.34,14.35,2858000
D05.SI,20110922,14.52,14.53,14.42,14.50,3836000
D05.SI,20110921,14.41,14.47,14.38,14.43,2503000
D05.SI,20110920,14.46,14.50,14.40,14.42,3377000
D05.SI,20110919,14.50,14.51,14.41,14.45,3250000
D05.SI,20110918,14.75,14.76,14.60,14.62,2656000
D05.SI,20110915,14.70,14.76,14.68,14.71,5062000
D05.SI,20110914,14.62,14.62,14.48,14.61,1974000
D05.SI,20110913,14.60,14.66,14.57,14.60,3016000
D05.SI,20110912,14.55,14.57,14.49,14.56,2306000
D05.SI,20110911,14.54,14.58,14.50,14.54,3007000
D05.SI,20110908,14.50,14.51,14.39,14.43,2380000
D05.SI,20110907,14.15,14.34,14.15,14.26,3808000
D05.SI,20110906,14.20,14.25,14.12,14.18,2351000
D05.SI,20110905,14.35,14.46,14.30,14.30,2755000
D05.SI,20110904,14.42,14.44,14.39,14.40,2066000
D05.SI,20110901,14.36,14.48,14.36,14.45,5901000
D05.SI,20110831,14.52,14.57,14.43,14.47,3976000
D05.SI,20110830,14.52,14.65,14.51,14.62,3194000
D05.SI,20110829,14.50,14.57,14.46,14.50,1552000
D05.SI,20110828,14.54,14.60,14.49,14.52,2294000
D05.SI,20110825,14.51,14.57,14.46,14.53,3429000
D05.SI,20110824,14.67,14.72,14.63,14.65,2157000
D05.SI,20110823,14.60,14.63,14.49,14.58,2803000
D05.SI,20110822,14.76,14.79,14.72,14.72,2288000
D05.SI,20110821,14.73,14.73,14.73,14.73,000
D05.SI,20110818,14.77,14.77,14.69,14.73,2539000
D05.SI,20110817,14.62,14.71,14.59,14.66,2258000
D05.SI,20110816,14.68,14.73,14.55,14.62,3677000
D05.SI,20110815,14.82,14.99,14.82,14.98,3669000
D05.SI,20110814,14.65,14.90,14.65,14.88,2157000
D05.SI,20110811,14.79,14.87,14.66,14.70,3489000
D05.SI,20110810,14.75,14.75,14.75,14.75,000
D05.SI,20110809,14.77,14.85,14.67,14.75,4042000
D05.SI,20110808,14.97,14.99,14.83,14.83,2094000
D05.SI,20110807,14.95,14.97,14.85,14.90,3684000
D05.SI,20110804,14.73,14.84,14.67,14.75,3683000
D05.SI,20110803,14.82,14.87,14.67,14.69,2608000
D05.SI,20110802,14.62,14.81,14.61,14.81,2731000
D05.SI,20110801,14.44,14.80,14.44,14.74,6430000
D05.SI,20110731,14.80,14.80,14.66,14.74,3072000
D05.SI,20110728,14.72,14.74,14.62,14.65,2796000
D05.SI,20110727,14.67,14.70,14.61,14.66,4876000
D05.SI,20110726,14.40,14.55,14.33,14.51,4081000
D05.SI,20110725,14.50,14.60,14.41,14.58,3816000
D05.SI,20110724,14.60,14.60,14.30,14.44,3808000
D05.SI,20110721,14.65,14.70,14.60,14.68,5605000
D05.SI,20110720,14.49,14.55,14.47,14.55,8183000
D05.SI,20110719,14.32,14.35,14.23,14.34,5673000
D05.SI,20110718,14.27,14.34,14.21,14.22,4237000
D05.SI,20110717,14.21,14.29,14.21,14.28,2446000
D05.SI,20110714,14.19,14.27,14.16,14.18,3630000
D05.SI,20110713,14.12,14.18,14.06,14.12,1334000
D05.SI,20110712,14.10,14.20,14.07,14.20,3451000
D05.SI,20110711,14.02,14.10,13.96,14.10,1913000
D05.SI,20110710,14.03,14.09,13.90,13.95,2578000
D05.SI,20110707,13.95,14.10,13.91,14.09,2334000
D05.SI,20110706,14.12,14.12,13.91,14.01,4355000
D05.SI,20110705,14.20,14.21,14.05,14.10,3588000
D05.SI,20110704,14.00,14.15,13.99,14.15,3999000
D05.SI,20110703,14.00,14.00,13.88,13.99,4082000
D05.SI,20110630,13.83,14.01,13.82,13.87,8233000
D05.SI,20110629,13.90,13.94,13.72,13.84,5488000
D05.SI,20110628,13.50,13.82,13.50,13.80,4507000
D05.SI,20110627,13.60,13.64,13.53,13.53,2212000
D05.SI,20110626,13.63,13.72,13.55,13.65,1820000
D05.SI,20110623,13.44,13.66,13.44,13.66,1859000
D05.SI,20110622,13.76,13.78,13.65,13.75,2665000
D05.SI,20110621,13.72,13.77,13.67,13.77,3518000
D05.SI,20110620,13.58,13.62,13.48,13.62,2376000
D05.SI,20110619,13.72,13.72,13.45,13.51,2530000
D05.SI,20110616,13.21,13.52,13.21,13.52,3205000
D05.SI,20110615,13.27,13.28,13.13,13.28,1933000
D05.SI,20110614,13.30,13.36,13.21,13.30,2781000
D05.SI,20110613,13.18,13.36,13.12,13.36,2686000
D05.SI,20110612,13.23,13.28,13.20,13.24,2318000
D05.SI,20110609,13.23,13.25,13.02,13.05,3115000
D05.SI,20110608,13.19,13.22,13.14,13.22,5021000
D05.SI,20110607,13.18,13.20,13.08,13.18,3582000
D05.SI,20110606,13.02,13.12,13.01,13.08,2936000
D05.SI,20110605,12.98,12.98,12.91,12.95,4268000
D05.SI,20110602,13.11,13.19,13.06,13.13,2485000
D05.SI,20110601,13.10,13.32,13.10,13.22,8418000
D05.SI,20110531,13.30,13.37,13.21,13.26,4070000
D05.SI,20110530,13.30,13.49,13.22,13.34,2789000
D05.SI,20110529,13.20,13.38,13.13,13.29,3481000
D05.SI,20110526,13.20,13.24,13.14,13.17,4404000
D05.SI,20110525,13.13,13.26,13.13,13.22,3499000
D05.SI,20110524,13.20,13.22,13.12,13.13,4287000
D05.SI,20110523,13.36,13.38,13.25,13.25,3726000
D05.SI,20110522,13.20,13.28,13.11,13.19,6212000
D05.SI,20110519,13.34,13.39,13.21,13.27,5807000
D05.SI,20110518,13.60,13.65,13.52,13.54,3598000
D05.SI,20110517,13.79,13.83,13.58,13.58,6630000
D05.SI,20110516,13.68,13.85,13.61,13.77,5086000
D05.SI,20110515,14.00,14.00,13.65,13.68,6112000
D05.SI,20110512,13.95,13.97,13.83,13.87,5549000
D05.SI,20110511,13.80,13.99,13.75,13.90,6835000
D05.SI,20110510,13.85,13.97,13.74,13.74,6063000
D05.SI,20110509,14.13,14.16,14.02,14.15,6273000
D05.SI,20110508,14.03,14.06,13.94,13.97,5686000
D05.SI,20110505,14.08,14.25,14.08,14.19,2893000
D05.SI,20110504,14.18,14.24,14.13,14.22,4004000
D05.SI,20110503,14.07,14.17,14.00,14.15,4800000
D05.SI,20110502,13.97,13.97,13.97,13.97,000
D05.SI,20110501,13.85,14.04,13.85,13.96,8858000
D05.SI,20110428,13.88,14.01,13.88,14.00,10359000
D05.SI,20110427,13.77,13.80,13.63,13.72,3549000
D05.SI,20110426,13.64,13.72,13.63,13.70,1854000
D05.SI,20110425,13.68,13.69,13.62,13.63,3312000
D05.SI,20110424,13.72,13.78,13.57,13.63,4184000
D05.SI,20110421,13.70,13.74,13.62,13.71,3325000
D05.SI,20110420,13.60,13.65,13.51,13.65,4117000
D05.SI,20110419,13.65,13.65,13.50,13.51,2948000
D05.SI,20110418,13.55,13.57,13.38,13.53,2375000
D05.SI,20110417,13.40,13.49,13.38,13.49,2094000
D05.SI,20110414,13.55,13.55,13.47,13.48,4302000
D05.SI,20110413,13.26,13.43,13.22,13.42,5442000
D05.SI,20110412,13.20,13.26,13.15,13.19,7143000
D05.SI,20110411,13.25,13.32,13.24,13.26,6898000
D05.SI,20110410,13.24,13.32,13.23,13.27,3702000
D05.SI,20110407,13.34,13.34,13.34,13.34,000
D05.SI,20110406,13.48,13.48,13.26,13.34,12255000
D05.SI,20110405,13.69,13.73,13.48,13.48,16907000
D05.SI,20110404,13.70,13.85,13.58,13.79,25932000
D05.SI,20110403,14.18,14.18,14.18,14.18,000
D05.SI,20110331,14.20,14.20,14.16,14.18,7424000
D05.SI,20110330,14.19,14.36,14.18,14.21,3467000
D05.SI,20110329,14.35,14.38,14.27,14.37,1822000
D05.SI,20110328,14.24,14.40,14.20,14.40,4571000
D05.SI,20110327,14.20,14.22,14.06,14.06,3091000
D05.SI,20110324,14.18,14.27,14.18,14.18,3869000
D05.SI,20110323,14.38,14.45,14.25,14.25,4287000
D05.SI,20110322,14.50,14.53,14.37,14.50,3686000
D05.SI,20110321,14.50,14.60,14.44,14.47,4174000
D05.SI,20110320,14.40,14.52,14.35,14.44,4851000
D05.SI,20110317,14.30,14.43,14.26,14.31,4632000
D05.SI,20110316,14.50,14.50,14.33,14.37,3546000
D05.SI,20110315,14.47,14.53,14.43,14.46,6185000
D05.SI,20110314,14.36,14.38,14.25,14.33,1907000
D05.SI,20110313,14.27,14.35,14.18,14.25,2077000
D05.SI,20110310,14.35,14.46,14.25,14.25,4563000
D05.SI,20110309,13.98,14.30,13.98,14.30,4180000
D05.SI,20110308,13.88,14.01,13.84,13.88,4380000
D05.SI,20110307,14.19,14.21,13.89,14.00,3423000
D05.SI,20110306,14.26,14.32,14.16,14.19,1611000
D05.SI,20110303,14.34,14.34,14.21,14.23,3544000
D05.SI,20110302,14.19,14.35,14.13,14.18,2553000
D05.SI,20110301,14.36,14.36,14.04,14.20,6562000
D05.SI,20110228,13.99,14.20,13.99,14.17,2399000
D05.SI,20110227,14.13,14.14,14.02,14.02,2776000
D05.SI,20110224,14.17,14.18,14.06,14.16,3638000
D05.SI,20110223,13.97,14.14,13.97,14.10,4284000
D05.SI,20110222,14.19,14.22,14.04,14.15,3759000
D05.SI,20110221,14.12,14.17,13.89,14.15,4639000
D05.SI,20110220,14.00,14.18,13.99,14.10,5303000
D05.SI,20110217,13.88,13.96,13.85,13.94,4477000
D05.SI,20110216,13.80,13.82,13.69,13.70,3787000
D05.SI,20110215,13.77,13.85,13.66,13.83,4266000
D05.SI,20110214,13.59,13.68,13.57,13.68,4028000
D05.SI,20110213,13.58,13.64,13.55,13.60,4136000
D05.SI,20110210,13.61,13.72,13.55,13.55,4280000
D05.SI,20110209,13.52,13.57,13.45,13.55,5885000
D05.SI,20110208,13.51,13.60,13.51,13.57,3710000
D05.SI,20110207,13.43,13.57,13.38,13.51,2638000
D05.SI,20110206,13.58,13.58,13.36,13.43,2965000
D05.SI,20110203,13.50,13.53,13.38,13.40,3864000
D05.SI,20110202,13.70,13.70,13.35,13.36,5481000
D05.SI,20110201,13.45,13.55,13.42,13.53,2765000
D05.SI,20110131,13.50,13.55,13.43,13.55,8887000
D05.SI,20110130,13.40,13.42,13.29,13.42,2972000
D05.SI,20110127,13.34,13.47,13.27,13.46,4508000
D05.SI,20110126,13.40,13.49,13.17,13.34,4839000
D05.SI,20110125,13.10,13.25,13.05,13.24,5371000
D05.SI,20110124,12.99,12.99,12.99,12.99,000
D05.SI,20110123,12.99,12.99,12.99,12.99,000
D05.SI,20110120,13.05,13.09,12.90,12.99,4841000
D05.SI,20110119,12.90,12.94,12.82,12.89,3961000
D05.SI,20110118,12.89,13.03,12.76,12.78,6977000
D05.SI,20110117,12.64,12.95,12.64,12.89,4919000
D05.SI,20110116,12.72,12.72,12.50,12.55,5620000
D05.SI,20110113,12.60,12.97,12.53,12.92,9148000
D05.SI,20110112,12.11,12.50,12.10,12.40,7271000
D05.SI,20110111,11.98,12.15,11.82,12.14,9115000
D05.SI,20110110,11.90,12.00,11.85,11.88,4300000
D05.SI,20110109,11.79,11.87,11.67,11.76,2180000
D05.SI,20110106,11.70,11.91,11.67,11.86,2583000
D05.SI,20110105,11.87,11.89,11.79,11.80,1963000
D05.SI,20110104,11.86,11.89,11.75,11.86,3115000
D05.SI,20110103,11.60,11.82,11.59,11.70,2117000
D05.SI,20110102,11.57,11.57,11.57,11.57,000
D05.SI,20101230,11.62,11.68,11.52,11.52,2088000
D05.SI,20101229,11.60,11.65,11.56,11.65,1416000
D05.SI,20101228,11.68,11.72,11.58,11.62,2216000
D05.SI,20101227,11.65,11.71,11.57,11.70,1162000
D05.SI,20101226,11.64,11.64,11.64,11.64,000
D05.SI,20101223,11.64,11.69,11.56,11.64,2314000
D05.SI,20101222,11.64,11.66,11.51,11.51,3242000
D05.SI,20101221,11.51,11.75,11.42,11.70,5679000
D05.SI,20101220,11.42,11.44,11.26,11.26,5337000
D05.SI,20101219,11.49,11.50,11.35,11.36,4854000
D05.SI,20101216,11.59,11.68,11.58,11.64,3557000
D05.SI,20101215,11.78,11.78,11.54,11.62,7587000
D05.SI,20101214,11.91,11.95,11.81,11.81,5993000
D05.SI,20101213,11.86,11.98,11.86,11.92,7766000
D05.SI,20101212,12.14,12.19,12.00,12.01,4102000
D05.SI,20101209,12.10,12.19,12.00,12.08,6440000
D05.SI,20101208,12.59,12.59,12.30,12.30,5719000
D05.SI,20101207,12.60,12.80,12.56,12.77,3403000
D05.SI,20101206,12.64,12.67,12.42,12.45,2838000
D05.SI,20101205,12.85,12.85,12.64,12.76,2588000
D05.SI,20101202,12.85,12.89,12.57,12.80,3180000
D05.SI,20101201,12.75,12.85,12.70,12.81,6122000
D05.SI,20101130,12.28,12.40,12.19,12.40,8868000
D05.SI,20101129,12.25,12.37,12.14,12.25,3951000
D05.SI,20101128,12.09,12.21,12.05,12.14,3086000
D05.SI,20101125,11.95,12.05,11.90,11.93,3111000
D05.SI,20101124,11.90,12.08,11.89,12.06,3851000
D05.SI,20101123,12.13,12.13,11.99,12.09,5406000
D05.SI,20101122,12.18,12.35,12.16,12.30,4097000
D05.SI,20101121,12.36,12.40,12.22,12.22,4532000
D05.SI,20101118,12.69,12.74,12.36,12.43,8175000
D05.SI,20101117,12.64,12.95,12.64,12.81,3986000
D05.SI,20101116,13.06,13.06,12.63,12.87,5439000
D05.SI,20101115,12.90,12.96,12.85,12.87,3597000
D05.SI,20101114,12.84,12.96,12.84,12.95,3496000
D05.SI,20101111,12.60,12.70,12.56,12.64,2645000
D05.SI,20101110,12.45,12.70,12.45,12.59,5180000
D05.SI,20101109,12.90,12.93,12.83,12.90,4935000
D05.SI,20101108,12.68,12.81,12.67,12.76,5494000
D05.SI,20101104,12.64,12.83,12.61,12.66,6885000
D05.SI,20101103,12.34,12.54,12.29,12.49,9023000
D05.SI,20101102,11.86,12.43,11.81,12.43,8725000
D05.SI,20101101,12.32,12.34,11.97,11.98,4979000
D05.SI,20101031,12.89,12.89,12.36,12.36,6245000
D05.SI,20101028,12.70,12.84,12.70,12.80,5629000
D05.SI,20101027,12.21,12.66,12.12,12.59,7685000
D05.SI,20101025,12.18,12.25,12.13,12.25,2800000
D05.SI,20101024,11.90,12.18,11.90,12.12,3974000
D05.SI,20101021,11.76,11.92,11.76,11.82,1948000
D05.SI,20101020,11.99,12.00,11.74,11.76,4252000
D05.SI,20101019,12.03,12.13,12.00,12.09,3118000
D05.SI,20101018,12.15,12.19,11.92,12.00,4513000
D05.SI,20101017,12.27,12.37,12.05,12.31,3925000
D05.SI,20101014,12.02,12.22,11.92,12.22,8073000
D05.SI,20101013,12.20,12.33,12.06,12.06,6201000
D05.SI,20101012,12.04,12.33,11.80,12.33,5182000
D05.SI,20101011,12.18,12.33,12.03,12.04,6278000
D05.SI,20101010,11.74,11.80,11.69,11.75,3373000
D05.SI,20101007,11.35,11.61,11.30,11.54,7937000
D05.SI,20101006,11.20,11.35,11.19,11.27,7264000
D05.SI,20101005,11.02,11.17,10.92,10.93,6520000
D05.SI,20101004,11.22,11.27,10.81,10.87,11616000
D05.SI,20101003,11.59,11.64,11.50,11.56,6096000
D05.SI,20100930,12.10,12.10,11.73,11.84,8049000
D05.SI,20100929,11.95,12.07,11.90,12.00,3245000
D05.SI,20100928,12.20,12.25,11.95,12.03,7256000
D05.SI,20100927,11.98,12.27,11.98,12.20,5569000
D05.SI,20100926,12.06,12.16,11.73,11.79,6212000
D05.SI,20100923,12.00,12.10,11.87,12.07,4729000
D05.SI,20100922,12.12,12.20,12.09,12.10,4404000
D05.SI,20100921,12.34,12.38,12.15,12.36,4586000
D05.SI,20100920,12.33,12.40,12.19,12.33,3932000
D05.SI,20100919,12.58,12.58,12.28,12.28,3180000
D05.SI,20100916,12.47,12.63,12.46,12.63,5245000
D05.SI,20100915,12.32,12.44,12.19,12.37,7456000
D05.SI,20100914,12.38,12.40,12.01,12.16,8378000
D05.SI,20100913,12.41,12.48,12.20,12.20,5812000
D05.SI,20100912,12.56,12.57,12.34,12.35,6940000
D05.SI,20100909,13.00,13.00,12.78,12.78,2553000
D05.SI,20100908,13.05,13.10,12.80,13.03,2476000
D05.SI,20100907,12.74,13.05,12.74,13.05,5380000
D05.SI,20100906,12.54,12.75,12.54,12.70,4388000
D05.SI,20100905,12.84,12.90,12.63,12.74,5854000
D05.SI,20100902,13.15,13.34,13.08,13.10,3810000
D05.SI,20100901,13.25,13.44,13.08,13.15,7628000
D05.SI,20100831,12.90,13.30,12.89,13.25,10302000
D05.SI,20100829,12.91,13.01,12.91,12.96,3511000
D05.SI,20100826,12.80,12.89,12.76,12.81,5291000
D05.SI,20100825,13.10,13.18,12.74,12.98,7319000
D05.SI,20100824,13.43,13.43,12.91,12.91,11145000
D05.SI,20100823,13.36,13.55,13.14,13.46,5662000
D05.SI,20100822,13.41,13.62,13.20,13.36,8564000
D05.SI,20100819,13.70,13.73,13.50,13.51,6947000
D05.SI,20100818,13.94,14.05,13.80,13.83,5043000
D05.SI,20100817,13.90,14.00,13.80,13.89,2884000
D05.SI,20100816,14.06,14.12,13.85,13.90,6089000
D05.SI,20100815,13.98,14.30,13.91,14.04,6899000
D05.SI,20100812,14.00,14.01,13.66,13.75,7032000
D05.SI,20100811,13.65,14.02,13.35,13.82,9919000
D05.SI,20100810,14.00,14.08,13.78,13.80,17257000
D05.SI,20100808,14.20,14.20,13.82,13.98,10337000
D05.SI,20100805,14.60,14.76,14.48,14.58,11670000
D05.SI,20100804,15.17,15.20,15.02,15.12,4470000
D05.SI,20100803,15.10,15.10,14.95,15.06,6865000
D05.SI,20100802,15.52,15.53,15.30,15.32,4936000
D05.SI,20100801,15.60,15.73,15.55,15.61,5870000
D05.SI,20100729,15.33,15.55,15.31,15.50,8925000
D05.SI,20100728,15.15,15.40,15.12,15.39,5565000
D05.SI,20100727,15.00,15.30,15.00,15.28,5514000
D05.SI,20100726,15.05,15.10,14.99,15.09,2906000
D05.SI,20100725,15.05,15.05,14.95,15.03,3130000
D05.SI,20100722,15.10,15.12,15.04,15.09,6158000
D05.SI,20100721,14.96,15.03,14.88,15.00,3769000
D05.SI,20100720,14.88,15.00,14.84,14.96,6649000
D05.SI,20100719,14.77,14.79,14.61,14.79,2563000
D05.SI,20100718,14.69,14.79,14.64,14.72,1851000
D05.SI,20100715,14.79,14.83,14.75,14.78,2213000
D05.SI,20100714,14.77,14.85,14.59,14.69,1845000
D05.SI,20100713,14.71,14.83,14.65,14.74,2792000
D05.SI,20100712,14.80,14.80,14.55,14.65,5374000
D05.SI,20100711,14.81,14.98,14.77,14.90,4131000
D05.SI,20100708,14.95,14.96,14.90,14.95,3631000
D05.SI,20100707,14.69,14.92,14.69,14.88,6359000
D05.SI,20100706,14.80,14.88,14.61,14.69,3654000
D05.SI,20100705,14.90,14.90,14.72,14.82,1871000
D05.SI,20100704,14.82,14.91,14.82,14.88,3631000
D05.SI,20100701,14.76,14.80,14.68,14.76,2916000
D05.SI,20100630,14.48,14.72,14.44,14.66,10197000
D05.SI,20100629,14.44,14.50,14.34,14.48,3700000
D05.SI,20100628,14.28,14.36,14.24,14.24,2680000
D05.SI,20100627,14.20,14.38,14.16,14.30,3059000
D05.SI,20100624,14.34,14.52,14.32,14.48,2475000
D05.SI,20100623,14.20,14.44,14.16,14.36,3291000
D05.SI,20100622,14.50,14.50,14.24,14.26,3277000
D05.SI,20100621,14.20,14.44,14.20,14.42,3307000
D05.SI,20100620,14.08,14.18,14.06,14.14,2815000
D05.SI,20100617,14.22,14.26,14.02,14.04,4137000
D05.SI,20100616,14.20,14.26,14.06,14.10,4751000
D05.SI,20100615,14.52,14.54,14.26,14.30,3761000
D05.SI,20100614,14.36,14.48,14.26,14.44,2510000
D05.SI,20100613,14.48,14.48,14.36,14.36,5310000
D05.SI,20100610,14.66,14.68,14.50,14.54,6931000
D05.SI,20100609,14.68,14.78,14.66,14.70,3116000
D05.SI,20100608,14.70,14.74,14.66,14.74,3481000
D05.SI,20100607,14.66,14.78,14.58,14.76,4813000
D05.SI,20100606,14.88,14.90,14.66,14.74,4753000
D05.SI,20100603,14.90,14.98,14.80,14.88,6188000
D05.SI,20100602,14.74,14.90,14.72,14.88,2000000
D05.SI,20100601,14.82,14.94,14.76,14.90,3891000
D05.SI,20100531,14.86,14.92,14.80,14.84,5157000
D05.SI,20100530,14.76,14.84,14.72,14.80,1666000
D05.SI,20100527,14.72,14.84,14.70,14.78,3237000
D05.SI,20100526,14.64,14.72,14.62,14.66,1426000
D05.SI,20100525,14.52,14.68,14.50,14.68,2579000
D05.SI,20100524,14.50,14.66,14.50,14.66,1757000
D05.SI,20100523,14.56,14.62,14.50,14.50,3490000
D05.SI,20100520,14.92,14.96,14.80,14.80,3952000
D05.SI,20100519,14.90,14.94,14.82,14.88,4697000
D05.SI,20100518,14.54,14.80,14.54,14.76,4404000
D05.SI,20100516,14.56,14.62,14.50,14.50,2683000
D05.SI,20100513,14.64,14.86,14.60,14.84,5840000
D05.SI,20100512,14.92,14.92,14.52,14.56,6327000
D05.SI,20100511,14.94,15.10,14.92,15.06,8560000
D05.SI,20100510,14.72,14.88,14.68,14.86,2573000
D05.SI,20100509,14.64,14.88,14.64,14.80,3936000
D05.SI,20100506,14.58,14.68,14.50,14.56,6049000
D05.SI,20100505,14.76,14.76,14.62,14.64,5198000
D05.SI,20100504,14.86,14.98,14.64,14.76,7760000
D05.SI,20100503,14.98,15.04,14.76,14.82,5644000
D05.SI,20100429,15.04,15.08,14.84,14.90,7003000
D05.SI,20100428,15.00,15.00,14.84,14.88,5332000
D05.SI,20100427,15.00,15.04,14.70,14.88,5241000
D05.SI,20100426,14.94,14.94,14.78,14.92,2929000
D05.SI,20100425,14.98,14.98,14.88,14.94,2666000
D05.SI,20100421,14.76,14.94,14.76,14.94,8515000
D05.SI,20100420,14.56,14.72,14.48,14.70,4856000
D05.SI,20100419,14.50,14.58,14.46,14.52,2754000
D05.SI,20100418,14.72,14.76,14.48,14.54,3299000
D05.SI,20100415,14.80,14.82,14.64,14.72,3567000
D05.SI,20100414,14.78,14.80,14.70,14.78,2748000
D05.SI,20100413,14.64,14.80,14.58,14.78,3697000
D05.SI,20100412,14.54,14.64,14.48,14.58,4690000
D05.SI,20100411,14.74,14.74,14.62,14.62,3636000
D05.SI,20100408,14.66,14.82,14.66,14.70,6547000
D05.SI,20100407,14.66,14.74,14.64,14.68,3586000
D05.SI,20100406,14.64,14.72,14.60,14.70,3765000
D05.SI,20100405,14.74,14.74,14.66,14.72,2568000
D05.SI,20100404,14.74,14.86,14.64,14.68,5848000
D05.SI,20100401,14.68,14.78,14.64,14.74,3621000
D05.SI,20100331,14.48,14.62,14.46,14.58,7717000
D05.SI,20100330,14.46,14.60,14.38,14.54,5455000
D05.SI,20100329,14.42,14.50,14.36,14.50,3240000
D05.SI,20100328,14.26,14.42,14.26,14.36,2486000
D05.SI,20100325,14.22,14.48,14.22,14.32,3818000
D05.SI,20100324,14.20,14.36,14.18,14.24,3622000
D05.SI,20100323,14.20,14.34,14.20,14.24,2728000
D05.SI,20100322,14.20,14.34,14.18,14.28,3230000
D05.SI,20100321,14.12,14.34,14.08,14.28,3494000
D05.SI,20100318,14.16,14.22,14.00,14.00,5682000
D05.SI,20100317,14.00,14.16,13.98,14.04,4686000
D05.SI,20100316,14.16,14.22,13.98,14.08,7865000
D05.SI,20100315,14.28,14.32,14.06,14.08,7011000
D05.SI,20100314,14.30,14.48,14.26,14.46,2493000
D05.SI,20100311,14.30,14.40,14.24,14.36,4776000
D05.SI,20100310,14.48,14.48,14.36,14.42,2390000
D05.SI,20100309,14.60,14.60,14.42,14.46,5271000
D05.SI,20100308,14.28,14.56,14.28,14.54,5738000
D05.SI,20100307,14.20,14.34,14.18,14.34,2796000
D05.SI,20100304,14.36,14.36,14.20,14.20,3823000
D05.SI,20100303,14.18,14.34,14.16,14.18,4816000
D05.SI,20100302,14.20,14.30,14.16,14.16,5877000
D05.SI,20100301,14.34,14.48,14.28,14.42,4087000
D05.SI,20100228,14.16,14.34,14.10,14.18,7838000
D05.SI,20100225,14.12,14.32,14.12,14.32,3622000
D05.SI,20100224,14.32,14.36,14.12,14.20,3756000
D05.SI,20100223,14.26,14.36,14.12,14.26,6797000
D05.SI,20100222,14.28,14.38,14.24,14.26,4677000
D05.SI,20100221,14.50,14.54,14.38,14.48,4954000
D05.SI,20100218,14.64,14.76,14.58,14.60,3833000
D05.SI,20100217,14.62,14.66,14.54,14.58,5801000
D05.SI,20100216,14.80,14.86,14.60,14.70,6658000
D05.SI,20100215,14.96,14.96,14.78,14.94,4077000
D05.SI,20100214,14.82,14.98,14.80,14.98,5964000
D05.SI,20100211,14.72,14.82,14.50,14.80,9872000
D05.SI,20100210,14.84,14.90,14.76,14.82,6088000
D05.SI,20100209,15.04,15.16,14.80,14.98,7606000
D05.SI,20100208,15.14,15.18,15.02,15.12,5724000
D05.SI,20100207,15.16,15.24,15.10,15.18,4535000
D05.SI,20100202,15.04,15.18,15.02,15.14,3573000
D05.SI,20100201,14.94,15.10,14.92,15.00,6101000
D05.SI,20100131,14.82,15.10,14.82,15.02,8185000
D05.SI,20100128,15.00,15.16,14.96,15.14,3869000
D05.SI,20100127,15.02,15.16,14.94,15.10,7388000
D05.SI,20100126,14.82,15.12,14.82,15.06,9436000
D05.SI,20100125,14.92,14.98,14.76,14.88,3854000
D05.SI,20100124,14.86,14.92,14.84,14.86,4057000
D05.SI,20100121,14.70,14.82,14.66,14.82,4575000
D05.SI,20100120,14.86,14.90,14.60,14.76,4417000
D05.SI,20100119,14.80,14.92,14.76,14.90,8190000
D05.SI,20100118,14.50,14.76,14.50,14.76,3235000
D05.SI,20100117,14.70,14.76,14.56,14.62,2288000
D05.SI,20100114,14.70,14.72,14.42,14.70,5352000
D05.SI,20100113,14.80,14.86,14.76,14.82,2928000
D05.SI,20100112,14.84,14.84,14.66,14.82,2405000
D05.SI,20100111,14.72,14.86,14.70,14.74,4001000
D05.SI,20100110,14.90,14.96,14.66,14.72,6048000
D05.SI,20100107,14.84,14.96,14.80,14.90,6917000
D05.SI,20100106,14.74,14.86,14.70,14.86,8083000
D05.SI,20100105,14.60,14.84,14.52,14.70,9130000
D05.SI,20100104,14.56,14.66,14.54,14.60,5707000
D05.SI,20100103,14.42,14.54,14.42,14.50,3599000
