IH3.SI,20120528,51.85,51.85,51.85,51.85,000
IH3.SI,20120426,50.34,50.34,50.34,50.34,000
IH3.SI,20120425,50.11,50.34,50.11,50.34,800
IH3.SI,20120411,50.37,50.37,50.37,50.37,100
IH3.SI,20120304,48.60,48.60,48.60,48.60,1000
IH3.SI,20120221,50.36,50.36,50.36,50.36,000
IH3.SI,20120219,49.86,49.86,49.86,49.86,500
IH3.SI,20120216,49.97,49.97,49.97,49.97,000
IH3.SI,20120207,50.36,50.36,50.36,50.36,100
IH3.SI,20120123,49.90,49.92,49.90,49.92,1500
IH3.SI,20120116,49.91,49.91,49.91,49.91,100
IH3.SI,20120115,49.91,49.91,49.91,49.91,000
IH3.SI,20120109,48.91,48.91,48.91,48.91,100
IH3.SI,20120108,48.91,48.91,48.91,48.91,600
IH3.SI,20120103,49.10,49.10,49.10,49.10,500
IH3.SI,20111229,48.34,48.34,48.34,48.34,100
IH3.SI,20111221,48.08,48.08,48.08,48.08,000
IH3.SI,20111130,46.14,46.14,46.08,46.08,4200
IH3.SI,20111120,43.67,43.70,43.67,43.70,2800
IH3.SI,20111116,43.85,43.87,43.85,43.87,2800
IH3.SI,20111110,44.42,44.44,44.42,44.44,2800
IH3.SI,20111106,45.40,45.40,45.40,45.40,000
IH3.SI,20111030,45.33,45.33,45.33,45.33,000
IH3.SI,20111026,45.52,45.52,45.52,45.52,200
IH3.SI,20111023,45.82,45.82,45.82,45.82,000
IH3.SI,20111017,45.82,45.82,45.82,45.82,100
IH3.SI,20111010,45.47,45.47,45.47,45.47,100
IH3.SI,20111005,45.49,45.49,45.47,45.47,1600
IH3.SI,20111004,45.22,45.22,45.22,45.22,1400
IH3.SI,20111002,44.58,44.58,44.58,44.58,700
IH3.SI,20110928,45.41,45.42,45.41,45.42,2800
IH3.SI,20110927,45.68,45.70,45.51,45.62,5800
IH3.SI,20110926,46.10,46.10,46.10,46.10,000
IH3.SI,20110925,45.92,45.92,45.92,45.92,1400
IH3.SI,20110921,46.05,46.05,45.81,45.81,2800
IH3.SI,20110919,46.50,46.50,46.45,46.45,2800
IH3.SI,20110918,46.71,46.71,46.71,46.71,300
IH3.SI,20110915,46.65,46.75,46.38,46.38,5900
IH3.SI,20110914,45.55,45.55,45.55,45.55,100
IH3.SI,20110829,43.41,43.41,43.38,43.38,2800
IH3.SI,20110822,43.70,43.70,43.70,43.70,100
IH3.SI,20110815,43.13,43.13,43.13,43.13,100
IH3.SI,20110808,42.93,43.13,42.93,43.13,4200
IH3.SI,20110804,40.97,40.97,40.97,40.97,200
IH3.SI,20110803,41.48,41.62,41.48,41.62,4300
IH3.SI,20110728,40.98,40.98,40.90,40.98,1700
IH3.SI,20110727,39.43,39.43,39.43,39.43,1400
IH3.SI,20110726,38.83,38.85,38.83,38.85,2900
IH3.SI,20110725,39.52,39.58,39.51,39.58,4200
IH3.SI,20110724,40.01,40.01,39.96,40.01,8400
IH3.SI,20110714,40.12,40.12,40.12,40.12,1400
IH3.SI,20110712,40.28,40.70,40.28,40.70,4200
IH3.SI,20110704,41.68,41.68,41.68,41.68,000
IH3.SI,20110630,40.67,40.82,40.60,40.76,7000
IH3.SI,20110627,39.12,39.12,39.12,39.12,000
IH3.SI,20110619,40.47,40.57,40.20,40.20,5700
IH3.SI,20110615,39.30,39.30,39.30,39.30,000
IH3.SI,20110609,38.38,38.38,38.38,38.38,2000
IH3.SI,20110607,37.97,37.97,37.97,37.97,200
IH3.SI,20110606,37.93,37.93,37.93,37.93,1400
IH3.SI,20110605,37.30,37.30,37.15,37.15,200
IH3.SI,20110602,38.17,38.17,37.80,37.80,2000
IH3.SI,20110601,38.17,38.17,38.17,38.17,000
IH3.SI,20110526,39.25,39.26,39.25,39.26,2000
IH3.SI,20110525,38.86,38.86,38.86,38.86,000
IH3.SI,20110519,38.87,38.87,38.56,38.56,2300
IH3.SI,20110517,40.80,40.80,39.55,39.55,200
IH3.SI,20110516,40.71,40.71,40.70,40.70,100
IH3.SI,20110515,41.13,41.13,41.13,41.13,000
IH3.SI,20110509,42.71,42.71,42.53,42.53,2800
IH3.SI,20110508,41.61,41.61,41.55,41.55,000
IH3.SI,20110504,43.32,43.32,43.31,43.31,2800
IH3.SI,20110503,43.70,43.86,43.70,43.86,1800
IH3.SI,20110501,44.01,44.01,44.01,44.01,1400
IH3.SI,20110428,43.11,43.11,42.63,42.63,1800
IH3.SI,20110427,44.00,44.00,43.40,43.49,400
IH3.SI,20110424,42.61,42.61,42.41,42.41,3200
IH3.SI,20110419,42.66,43.20,42.66,43.20,200
IH3.SI,20110418,42.62,42.62,42.62,42.62,1400
IH3.SI,20110412,41.82,41.82,41.82,41.82,000
IH3.SI,20110411,42.62,42.75,42.55,42.55,11200
IH3.SI,20110410,42.39,42.39,42.39,42.39,000
IH3.SI,20110405,44.18,44.36,44.18,44.36,8400
IH3.SI,20110331,44.60,44.60,44.60,44.60,162400
IH3.SI,20110330,44.52,44.60,44.52,44.60,2800
IH3.SI,20110327,44.69,44.69,44.69,44.69,1400
IH3.SI,20110324,44.60,44.60,44.60,44.60,000
IH3.SI,20110323,44.93,44.94,44.81,44.85,5600
IH3.SI,20110309,43.26,43.26,43.26,43.26,000
IH3.SI,20110307,44.08,44.08,44.08,44.08,1400
IH3.SI,20110306,44.42,44.42,44.27,44.34,1500
IH3.SI,20110227,44.82,44.82,44.82,44.82,1400
IH3.SI,20110216,43.09,43.09,42.95,42.95,2800
IH3.SI,20110214,43.53,43.53,43.53,43.53,000
IH3.SI,20110202,43.30,43.30,43.30,43.30,200
IH3.SI,20110201,42.00,42.00,42.00,42.00,100
IH3.SI,20110130,42.22,42.22,42.16,42.16,4200
IH3.SI,20110126,42.49,42.49,42.49,42.49,1400
IH3.SI,20110118,40.77,40.97,40.72,40.97,2300
IH3.SI,20110113,40.72,40.72,40.64,40.64,4200
IH3.SI,20110112,40.28,40.28,40.28,40.28,1400
IH3.SI,20110111,40.21,40.21,40.21,40.21,1400
IH3.SI,20110103,40.88,40.88,40.77,40.81,4200
IH3.SI,20110102,39.86,39.86,39.86,39.86,000
