HE0.SI,20120603,107.25,107.25,107.25,107.25,100
HE0.SI,20120530,109.83,109.99,109.83,109.99,1000
HE0.SI,20120528,110.84,111.32,110.84,111.29,700
HE0.SI,20120523,110.60,110.60,108.92,108.92,1200
HE0.SI,20120517,114.31,114.31,114.31,114.31,500
HE0.SI,20120516,114.05,114.05,114.05,114.05,500
HE0.SI,20120514,111.36,111.36,111.36,111.36,500
HE0.SI,20120513,113.73,113.73,113.73,113.73,500
HE0.SI,20120510,113.59,113.59,113.27,113.27,1500
HE0.SI,20120507,112.69,112.69,112.69,112.69,500
HE0.SI,20120503,112.40,112.40,111.85,112.24,1900
HE0.SI,20120502,113.74,113.74,113.74,111.69,500
HE0.SI,20120430,111.69,111.69,111.69,111.69,500
HE0.SI,20120429,109.70,109.70,109.70,109.70,500
HE0.SI,20120425,110.70,110.70,110.60,110.60,1000
HE0.SI,20120424,110.74,110.74,110.74,110.74,500
HE0.SI,20120419,107.78,109.16,107.78,109.16,1500
HE0.SI,20120418,106.93,106.93,106.93,106.93,500
HE0.SI,20120417,106.34,107.54,106.34,107.54,2500
HE0.SI,20120416,102.99,102.99,102.99,102.99,500
HE0.SI,20120404,103.96,104.40,103.96,104.40,900
HE0.SI,20120402,106.10,106.10,106.10,106.10,400
HE0.SI,20120304,105.19,105.19,104.60,104.60,1800
HE0.SI,20120301,106.47,106.47,105.77,106.34,2800
HE0.SI,20120229,109.56,110.01,108.00,108.00,1400
HE0.SI,20120228,108.77,109.10,108.77,109.07,1400
HE0.SI,20120227,108.60,109.62,108.60,109.62,900
HE0.SI,20120226,109.50,110.34,108.90,109.61,10700
HE0.SI,20120222,110.96,110.96,108.08,109.44,4200
HE0.SI,20120220,110.51,110.51,110.51,110.51,400
HE0.SI,20120219,109.91,109.96,109.42,109.86,1800
HE0.SI,20120216,110.98,110.98,110.98,110.98,400
HE0.SI,20120214,112.35,112.35,112.35,112.35,400
HE0.SI,20120209,113.14,113.14,112.61,112.61,500
HE0.SI,20120208,113.74,113.74,113.74,113.74,400
HE0.SI,20120207,114.66,114.77,114.66,114.77,900
HE0.SI,20120206,113.65,113.65,113.46,113.53,1400
HE0.SI,20120205,116.01,116.01,115.20,115.20,1400
HE0.SI,20120202,115.48,115.48,113.92,114.36,9500
HE0.SI,20120131,114.45,115.01,114.44,114.93,9500
HE0.SI,20120126,114.39,114.39,114.39,114.39,000
HE0.SI,20120123,115.36,115.36,115.36,115.36,000
HE0.SI,20120122,114.73,114.92,114.73,114.92,200
HE0.SI,20120109,110.20,110.20,110.20,110.20,000
HE0.SI,20111227,108.68,108.68,108.68,108.68,100
HE0.SI,20111225,108.76,108.78,108.41,108.41,1800
HE0.SI,20111222,110.21,110.21,109.75,109.75,1400
HE0.SI,20111220,110.64,110.64,110.64,110.64,400
HE0.SI,20111219,110.06,110.06,109.17,109.17,900
HE0.SI,20111215,109.69,109.69,109.69,109.69,400
HE0.SI,20111213,111.40,111.40,111.40,111.40,400
HE0.SI,20111212,111.41,111.71,111.41,111.71,900
HE0.SI,20111211,111.42,111.47,111.42,111.47,900
HE0.SI,20111208,111.99,111.99,111.99,111.99,400
HE0.SI,20111205,109.71,109.71,109.71,109.71,400
HE0.SI,20111204,110.33,110.41,110.33,110.41,900
HE0.SI,20111201,108.81,109.92,108.81,109.92,900
HE0.SI,20111130,107.18,107.18,107.18,107.18,400
HE0.SI,20111129,104.83,104.83,104.83,104.83,400
HE0.SI,20111128,104.19,104.19,103.82,103.82,1800
HE0.SI,20111127,104.35,104.35,103.86,103.86,1400
HE0.SI,20111123,103.99,104.11,103.99,104.11,1400
HE0.SI,20111122,103.58,103.58,103.06,103.06,1800
HE0.SI,20111121,104.15,104.15,104.15,104.15,400
HE0.SI,20111120,103.30,103.30,103.10,103.10,900
HE0.SI,20111117,104.48,104.48,104.48,104.48,000
HE0.SI,20111116,104.51,104.51,104.51,104.51,400
HE0.SI,20111115,105.32,105.32,105.32,105.32,600
HE0.SI,20111109,107.34,107.34,106.77,106.77,2700
HE0.SI,20111108,107.96,107.96,107.46,107.46,1400
HE0.SI,20111107,106.92,107.12,106.83,106.83,4300
HE0.SI,20111106,108.33,108.33,108.33,108.33,400
HE0.SI,20111103,108.19,108.40,108.19,108.40,900
HE0.SI,20111102,106.02,106.02,106.02,106.02,400
HE0.SI,20111101,105.55,105.55,105.55,105.55,000
HE0.SI,20111031,106.88,106.88,105.35,105.35,2700
HE0.SI,20111030,107.77,107.77,107.55,107.76,2200
HE0.SI,20111025,107.55,107.65,107.55,107.65,4300
HE0.SI,20111024,109.02,109.02,108.19,108.19,900
HE0.SI,20111023,106.96,107.04,106.96,107.04,900
HE0.SI,20111020,108.77,108.77,107.23,107.23,1400
HE0.SI,20111019,109.64,109.64,109.63,109.63,900
HE0.SI,20111018,109.99,109.99,109.99,109.99,400
HE0.SI,20111016,109.19,109.19,109.19,109.19,400
HE0.SI,20111013,110.74,110.86,109.98,109.98,2700
HE0.SI,20111012,108.18,109.68,108.18,109.68,4300
HE0.SI,20111011,109.92,109.92,108.74,108.74,2300
HE0.SI,20111010,111.38,111.49,111.38,111.49,900
HE0.SI,20111009,113.24,113.24,112.00,112.00,1800
HE0.SI,20111006,114.90,115.38,113.26,113.78,6000
HE0.SI,20111005,112.38,113.79,112.38,113.79,3100
HE0.SI,20111004,111.64,111.96,111.49,111.70,2300
HE0.SI,20111003,111.54,112.02,111.54,112.02,2300
HE0.SI,20111002,109.91,110.26,109.91,110.26,900
HE0.SI,20110929,109.18,110.32,109.18,110.32,6600
HE0.SI,20110928,107.87,108.82,107.87,108.82,500
HE0.SI,20110927,108.07,108.07,107.88,107.88,1700
HE0.SI,20110925,108.54,108.54,108.13,108.54,2400
HE0.SI,20110922,105.20,108.25,105.20,108.25,2300
HE0.SI,20110921,104.00,104.59,104.00,104.59,3500
HE0.SI,20110920,104.54,104.62,104.14,104.23,12500
HE0.SI,20110919,105.93,105.93,105.93,105.93,400
HE0.SI,20110918,106.10,107.58,106.10,107.58,5800
HE0.SI,20110915,102.18,103.07,102.18,103.07,3700
HE0.SI,20110914,99.94,99.94,99.94,99.94,400
HE0.SI,20110913,99.94,99.94,99.62,99.62,1600
HE0.SI,20110912,98.15,98.51,98.15,98.51,1700
HE0.SI,20110911,98.87,99.01,98.87,99.01,1400
HE0.SI,20110908,97.28,97.65,97.28,97.65,1400
HE0.SI,20110907,95.40,95.40,95.07,95.07,900
HE0.SI,20110906,96.20,96.20,95.62,95.62,1400
HE0.SI,20110905,96.20,96.20,96.20,96.20,400
HE0.SI,20110901,96.03,97.16,96.03,96.89,9000
HE0.SI,20110831,96.68,96.68,96.68,96.68,400
HE0.SI,20110830,97.62,97.62,97.19,97.19,900
HE0.SI,20110829,98.18,98.18,97.53,97.53,4400
HE0.SI,20110828,98.63,98.63,98.63,98.63,400
HE0.SI,20110825,99.52,99.52,99.52,99.52,400
HE0.SI,20110824,100.08,100.57,100.08,100.55,6300
HE0.SI,20110823,99.71,99.75,99.38,99.75,6400
HE0.SI,20110822,98.54,98.54,98.54,98.54,400
HE0.SI,20110818,98.69,98.69,98.69,98.69,1400
HE0.SI,20110817,98.45,98.45,98.33,98.41,1400
HE0.SI,20110816,98.11,98.16,97.80,98.04,6600
HE0.SI,20110815,98.21,98.59,98.21,98.36,6300
HE0.SI,20110814,98.35,98.44,98.21,98.44,2900
HE0.SI,20110811,98.42,98.42,98.26,98.26,900
HE0.SI,20110809,99.40,99.40,99.32,99.38,2900
HE0.SI,20110808,97.29,98.44,97.29,98.44,2100
HE0.SI,20110807,96.85,96.85,96.85,96.85,400
HE0.SI,20110804,94.48,94.56,94.43,94.43,2800
HE0.SI,20110803,96.32,96.40,96.32,96.40,900
HE0.SI,20110802,95.49,95.64,95.49,95.64,900
HE0.SI,20110801,95.33,95.33,94.87,94.87,500
HE0.SI,20110731,95.18,95.18,94.58,94.99,1400
HE0.SI,20110728,93.50,93.99,93.50,93.94,1400
HE0.SI,20110727,93.12,93.12,92.87,92.87,1400
HE0.SI,20110726,92.58,92.58,92.38,92.38,1600
HE0.SI,20110725,93.09,93.18,93.08,93.18,1800
HE0.SI,20110724,94.94,94.94,92.94,92.94,2100
HE0.SI,20110721,96.80,96.99,96.71,96.71,3400
HE0.SI,20110720,97.05,97.05,97.05,97.05,400
HE0.SI,20110719,96.55,96.55,96.28,96.39,1400
HE0.SI,20110718,96.61,96.61,96.61,96.61,400
HE0.SI,20110717,98.40,98.40,97.09,97.09,5700
HE0.SI,20110714,95.80,96.45,95.80,96.30,900
HE0.SI,20110713,97.51,97.60,96.43,96.43,1200
HE0.SI,20110712,98.35,98.35,98.35,98.35,400
HE0.SI,20110710,97.04,97.04,95.83,95.83,2300
HE0.SI,20110707,98.37,98.37,97.21,97.21,500
HE0.SI,20110705,99.33,100.06,99.33,100.06,900
HE0.SI,20110703,97.22,97.42,97.22,97.42,900
HE0.SI,20110630,92.40,94.34,92.40,94.34,400
HE0.SI,20110629,92.33,92.33,91.65,91.65,1400
HE0.SI,20110628,91.65,91.65,91.65,91.65,400
HE0.SI,20110627,91.09,91.17,91.09,91.17,1400
HE0.SI,20110626,91.39,93.31,91.39,92.90,1000
HE0.SI,20110622,92.38,92.38,91.94,91.94,000
HE0.SI,20110612,94.96,94.96,94.96,94.96,400
HE0.SI,20110608,92.46,92.46,92.46,92.46,400
HE0.SI,20110607,89.71,89.71,89.71,89.71,400
HE0.SI,20110606,88.92,89.32,88.92,89.32,900
HE0.SI,20110602,87.94,87.94,87.94,87.94,000
HE0.SI,20110601,88.23,88.23,88.23,88.23,000
HE0.SI,20110530,91.54,91.85,91.49,91.85,2800
HE0.SI,20110525,87.54,88.82,87.54,87.59,2800
HE0.SI,20110524,88.74,88.98,88.12,88.12,4700
HE0.SI,20110523,91.57,91.57,90.53,90.53,900
HE0.SI,20110522,90.26,90.70,90.26,90.70,500
HE0.SI,20110517,90.43,90.43,90.43,90.43,000
HE0.SI,20110516,91.38,91.38,91.38,91.38,100
HE0.SI,20110515,93.45,93.45,93.39,93.39,200
HE0.SI,20110511,93.93,94.83,93.93,94.09,500
HE0.SI,20110504,99.39,99.39,99.39,99.39,400
HE0.SI,20110428,100.68,100.68,100.66,100.66,900
HE0.SI,20110427,100.84,100.84,100.78,100.78,900
HE0.SI,20110426,100.57,100.63,100.00,100.00,7100
HE0.SI,20110424,100.73,100.73,100.73,100.73,300
HE0.SI,20110421,102.82,102.82,102.68,102.68,900
HE0.SI,20110419,104.89,105.10,104.89,105.10,600
HE0.SI,20110414,105.51,105.52,103.42,103.42,1600
HE0.SI,20110412,103.96,103.96,103.96,103.96,400
HE0.SI,20110411,104.03,104.03,104.01,104.01,900
HE0.SI,20110329,105.33,105.33,104.73,104.73,500
HE0.SI,20110327,103.04,103.04,102.33,102.33,1900
HE0.SI,20110324,104.57,104.57,104.57,104.57,400
HE0.SI,20110320,108.38,108.38,108.38,108.38,000
HE0.SI,20110316,108.22,108.22,108.22,108.22,100
HE0.SI,20110315,111.22,111.22,111.22,111.22,400
HE0.SI,20110314,110.22,110.22,110.18,110.18,200
HE0.SI,20110310,106.70,106.70,106.70,106.70,400
HE0.SI,20110309,105.89,106.50,105.89,106.49,1800
HE0.SI,20110308,104.24,104.24,103.71,103.86,3000
HE0.SI,20110307,107.40,108.32,106.22,106.38,22400
HE0.SI,20110306,108.07,108.07,107.68,107.68,2000
HE0.SI,20110302,111.19,111.19,110.79,110.81,500
HE0.SI,20110301,113.06,113.21,108.50,108.50,1800
HE0.SI,20110228,109.51,110.78,109.51,110.78,4700
HE0.SI,20110227,112.06,112.35,111.17,111.17,1700
HE0.SI,20110224,113.75,113.78,112.93,112.93,1600
HE0.SI,20110223,114.17,114.22,114.17,114.22,900
HE0.SI,20110222,115.62,115.62,115.62,115.62,400
HE0.SI,20110221,115.75,115.75,115.74,115.74,200
HE0.SI,20110220,115.44,115.69,115.40,115.40,1400
HE0.SI,20110215,112.28,113.15,112.28,113.15,1800
HE0.SI,20110214,110.88,110.88,110.88,110.88,400
HE0.SI,20110213,110.71,111.16,110.71,111.04,1800
HE0.SI,20110210,110.53,110.53,110.53,110.53,4700
HE0.SI,20110209,110.64,110.81,110.10,110.33,11000
HE0.SI,20110208,110.87,111.73,110.87,111.70,2800
HE0.SI,20110207,111.97,112.33,111.31,112.09,2400
HE0.SI,20110203,109.63,110.75,109.55,110.75,1800
HE0.SI,20110202,109.22,109.67,108.77,108.77,10600
HE0.SI,20110201,107.31,107.31,107.31,107.31,400
HE0.SI,20110131,104.62,105.77,104.62,105.77,1000
HE0.SI,20110130,106.23,106.23,106.23,106.23,500
HE0.SI,20110127,105.37,106.52,105.37,105.84,3700
HE0.SI,20110126,105.89,105.89,105.67,105.70,1500
HE0.SI,20110125,104.79,104.85,104.64,104.64,2600
HE0.SI,20110120,101.77,101.95,101.77,101.95,1500
HE0.SI,20110119,101.26,101.26,101.26,101.26,000
HE0.SI,20110118,99.14,99.71,98.09,98.70,8900
HE0.SI,20110117,96.36,96.92,96.36,96.92,1500
HE0.SI,20110113,95.27,95.30,95.27,95.30,1000
HE0.SI,20110112,96.06,96.06,94.90,94.94,3500
HE0.SI,20110111,95.20,95.32,94.89,95.30,5000
HE0.SI,20110110,93.76,93.79,93.76,93.79,1500
HE0.SI,20110105,91.18,91.18,91.18,91.18,500
HE0.SI,20110104,91.47,91.50,91.18,91.20,2000
HE0.SI,20110103,88.85,88.85,88.85,88.85,500
HE0.SI,20110102,88.75,88.75,88.75,88.75,000
