HD7.SI,20120523,19.28,19.28,19.28,19.28,1000
HD7.SI,20120517,19.32,19.32,19.32,19.32,2900
HD7.SI,20120516,19.42,19.42,18.55,19.31,9700
HD7.SI,20120419,18.55,18.55,18.55,18.55,100
HD7.SI,20120402,18.37,18.37,18.37,18.37,300
HD7.SI,20120222,18.37,18.86,18.37,18.58,17000
HD7.SI,20120209,18.50,18.50,18.50,18.50,200
HD7.SI,20120205,18.55,18.55,18.55,18.55,400
HD7.SI,20120201,18.29,18.31,18.29,18.31,5800
HD7.SI,20120119,18.44,18.44,18.44,18.44,1300
HD7.SI,20120117,18.44,18.44,18.44,18.44,400
HD7.SI,20120110,18.50,18.50,18.50,18.50,1500
HD7.SI,20120101,18.20,18.20,18.16,18.16,2300
HD7.SI,20111211,18.31,18.31,18.31,18.31,2900
HD7.SI,20111208,18.40,18.40,18.40,18.40,2900
HD7.SI,20111206,18.18,18.22,18.18,18.22,5600
HD7.SI,20111204,18.26,18.26,18.26,18.26,2800
HD7.SI,20111123,17.04,17.04,17.04,17.04,2900
HD7.SI,20111121,17.10,17.10,17.10,17.10,2800
HD7.SI,20111120,16.96,17.04,16.96,17.04,5800
HD7.SI,20111117,16.90,16.90,16.90,16.90,2900
HD7.SI,20111116,16.91,17.06,16.91,17.06,9700
HD7.SI,20111115,17.01,17.10,17.01,17.10,5800
HD7.SI,20111113,17.37,17.39,17.37,17.39,3400
HD7.SI,20111110,17.05,17.29,17.05,17.29,15500
HD7.SI,20111109,17.22,17.22,17.21,17.21,5800
HD7.SI,20111108,17.27,17.27,17.19,17.23,8700
HD7.SI,20111107,17.05,17.20,17.02,17.20,10700
HD7.SI,20111106,17.05,17.05,17.05,17.05,2900
HD7.SI,20111103,17.10,17.10,17.10,17.10,7900
HD7.SI,20111102,16.82,17.03,16.82,17.03,18700
HD7.SI,20111101,17.07,17.08,16.97,16.97,17400
HD7.SI,20111031,17.05,17.05,17.05,17.05,2900
HD7.SI,20111026,17.12,17.12,17.12,17.12,2900
HD7.SI,20111024,17.23,17.23,17.18,17.18,11600
HD7.SI,20111020,17.44,17.44,17.44,17.44,2900
HD7.SI,20111019,17.67,17.67,17.66,17.66,2600
HD7.SI,20111018,17.72,17.72,17.64,17.64,8700
HD7.SI,20111017,17.59,17.60,17.59,17.60,11200
HD7.SI,20111016,17.44,17.49,17.44,17.49,5800
HD7.SI,20111013,17.43,17.49,17.43,17.49,5100
HD7.SI,20111012,17.59,17.59,17.50,17.53,12100
HD7.SI,20111011,17.67,17.74,17.67,17.73,17400
HD7.SI,20111010,17.99,18.03,17.77,17.77,23200
HD7.SI,20111009,18.16,18.16,17.98,17.98,12200
HD7.SI,20111006,18.14,18.14,18.10,18.13,41600
HD7.SI,20111005,18.05,18.11,17.97,18.09,9700
HD7.SI,20111003,18.22,18.22,18.19,18.21,6000
HD7.SI,20111002,18.09,18.09,18.00,18.00,9500
HD7.SI,20110929,18.12,18.15,18.03,18.15,17400
HD7.SI,20110928,17.96,18.06,17.96,18.06,3200
HD7.SI,20110927,18.05,18.05,17.95,17.97,27800
HD7.SI,20110926,18.26,18.26,18.14,18.14,7300
HD7.SI,20110925,18.13,18.20,18.07,18.20,30200
HD7.SI,20110922,18.21,18.23,18.17,18.21,21900
HD7.SI,20110921,18.24,18.24,18.08,18.08,12900
HD7.SI,20110920,18.24,18.30,18.24,18.26,7100
HD7.SI,20110919,18.16,18.21,18.13,18.16,27500
HD7.SI,20110918,18.21,18.28,18.21,18.24,17400
HD7.SI,20110915,17.93,18.14,17.91,18.12,55300
HD7.SI,20110914,17.60,17.60,17.60,17.60,1300
HD7.SI,20110913,17.49,17.58,17.49,17.58,5800
HD7.SI,20110912,17.26,17.38,17.26,17.36,7600
HD7.SI,20110911,17.30,17.30,17.27,17.27,4400
HD7.SI,20110908,17.15,17.15,17.04,17.13,12600
HD7.SI,20110907,16.87,16.87,16.81,16.81,5800
HD7.SI,20110906,17.02,17.02,16.90,16.90,5800
HD7.SI,20110905,17.13,17.13,17.12,17.12,5800
HD7.SI,20110904,16.92,17.10,16.92,17.07,17400
HD7.SI,20110901,16.90,16.91,16.88,16.91,8700
HD7.SI,20110831,16.84,16.87,16.81,16.87,17400
HD7.SI,20110830,16.91,16.92,16.91,16.92,4300
HD7.SI,20110829,16.93,16.94,16.86,16.86,8700
HD7.SI,20110828,17.12,17.12,17.02,17.02,14800
HD7.SI,20110825,17.06,17.06,17.06,17.06,2900
HD7.SI,20110824,17.16,17.19,17.16,17.19,7000
HD7.SI,20110823,17.13,17.13,17.09,17.09,8300
HD7.SI,20110822,17.18,17.24,17.18,17.24,5800
HD7.SI,20110818,17.12,17.12,17.06,17.09,15500
HD7.SI,20110815,17.17,17.17,17.05,17.08,11600
HD7.SI,20110814,17.11,17.11,17.05,17.09,9200
HD7.SI,20110811,17.05,17.07,17.03,17.07,16400
HD7.SI,20110809,16.77,16.82,16.74,16.74,20100
HD7.SI,20110808,16.61,16.66,16.61,16.63,11600
HD7.SI,20110807,16.78,16.78,16.63,16.63,25500
HD7.SI,20110804,16.40,16.40,16.34,16.38,20300
HD7.SI,20110803,16.47,16.47,16.47,16.47,5800
HD7.SI,20110802,16.46,16.53,16.40,16.52,56400
HD7.SI,20110801,16.36,16.36,16.35,16.35,4200
HD7.SI,20110731,16.20,16.21,16.18,16.18,23200
HD7.SI,20110728,15.97,16.17,15.97,16.09,75300
HD7.SI,20110727,15.75,15.75,15.71,15.72,11600
HD7.SI,20110726,15.54,15.76,15.54,15.76,14800
HD7.SI,20110725,15.78,15.79,15.71,15.75,38700
HD7.SI,20110724,15.93,15.93,15.73,15.73,22000
HD7.SI,20110721,16.13,16.14,16.12,16.14,12800
HD7.SI,20110720,16.07,16.19,16.07,16.19,20300
HD7.SI,20110719,16.07,16.09,15.86,15.86,20300
HD7.SI,20110718,16.00,16.10,15.96,16.07,32400
HD7.SI,20110717,16.12,16.12,15.94,15.94,46000
HD7.SI,20110714,15.99,16.12,15.99,16.01,38600
HD7.SI,20110713,16.31,16.36,16.03,16.03,59800
HD7.SI,20110712,16.34,16.41,16.33,16.39,9200
HD7.SI,20110711,16.54,16.54,16.31,16.36,15000
HD7.SI,20110707,16.68,16.71,16.65,16.65,5600
HD7.SI,20110706,16.74,16.74,16.74,16.74,1600
HD7.SI,20110705,16.79,16.88,16.79,16.86,11500
HD7.SI,20110704,16.58,16.72,16.58,16.72,6400
HD7.SI,20110703,16.54,16.54,16.47,16.48,14500
HD7.SI,20110630,16.15,16.44,16.14,16.43,17800
HD7.SI,20110629,16.19,16.19,16.09,16.09,11200
HD7.SI,20110628,15.93,16.13,15.93,16.13,8700
HD7.SI,20110627,15.96,15.96,15.92,15.92,5800
HD7.SI,20110623,16.10,16.10,16.02,16.07,14500
HD7.SI,20110622,16.43,16.43,16.29,16.29,9300
HD7.SI,20110621,16.50,16.52,16.40,16.42,25300
HD7.SI,20110620,16.35,16.36,16.35,16.36,3000
HD7.SI,20110619,16.43,16.43,16.28,16.28,5900
HD7.SI,20110615,15.88,15.93,15.78,15.78,8000
HD7.SI,20110614,15.94,15.94,15.93,15.93,3000
HD7.SI,20110613,15.81,15.87,15.81,15.86,3000
HD7.SI,20110612,16.00,16.04,15.96,16.04,7000
HD7.SI,20110608,15.89,15.89,15.89,15.89,2000
HD7.SI,20110607,15.85,15.85,15.85,15.85,1000
HD7.SI,20110606,15.63,15.63,15.63,15.63,1000
HD7.SI,20110602,16.21,16.21,16.21,16.21,2800
HD7.SI,20110601,16.39,16.39,16.33,16.33,2900
HD7.SI,20110531,16.53,16.53,16.39,16.39,12700
HD7.SI,20110530,16.71,16.71,16.70,16.70,3400
HD7.SI,20110529,16.29,16.29,16.29,16.29,2900
HD7.SI,20110525,16.24,16.26,16.07,16.20,14600
HD7.SI,20110524,16.36,16.41,16.31,16.35,28700
HD7.SI,20110523,16.62,16.62,16.62,16.62,2900
HD7.SI,20110522,16.41,16.52,16.41,16.52,4000
HD7.SI,20110519,16.43,16.43,16.31,16.31,14500
HD7.SI,20110517,16.82,16.82,16.46,16.46,10800
HD7.SI,20110516,16.74,16.74,16.68,16.68,8000
HD7.SI,20110515,16.86,16.86,16.84,16.84,3200
HD7.SI,20110512,17.01,17.01,16.93,16.93,5800
HD7.SI,20110510,17.17,17.17,17.16,17.16,3000
HD7.SI,20110508,17.42,17.42,17.28,17.28,3100
HD7.SI,20110505,17.76,17.76,17.76,17.76,2900
HD7.SI,20110504,17.75,17.75,17.75,17.75,200
HD7.SI,20110503,17.47,17.66,17.47,17.66,3900
HD7.SI,20110428,17.43,17.43,17.43,17.43,1000
HD7.SI,20110427,17.47,17.47,17.31,17.33,5900
HD7.SI,20110426,17.35,17.35,17.35,17.35,2000
HD7.SI,20110424,17.17,17.25,17.17,17.19,7800
HD7.SI,20110421,17.37,17.37,17.37,17.37,1000
HD7.SI,20110420,17.37,17.55,17.37,17.55,8800
HD7.SI,20110418,17.40,17.40,17.39,17.39,2000
HD7.SI,20110414,17.97,17.97,17.91,17.91,11200
HD7.SI,20110413,17.52,17.55,17.45,17.54,13800
HD7.SI,20110411,17.63,17.63,17.49,17.52,6200
HD7.SI,20110410,17.47,17.47,17.45,17.45,2000
HD7.SI,20110406,17.43,17.43,17.38,17.38,2000
HD7.SI,20110405,17.66,17.66,17.60,17.64,16300
HD7.SI,20110403,18.15,18.16,18.15,18.16,2000
HD7.SI,20110331,17.95,18.06,17.79,18.06,13600
HD7.SI,20110330,18.18,18.18,17.96,17.99,17800
HD7.SI,20110329,18.33,18.34,18.26,18.34,9800
HD7.SI,20110328,18.20,18.20,18.17,18.17,4900
HD7.SI,20110327,18.21,18.21,18.00,18.03,12800
HD7.SI,20110323,18.35,18.36,18.35,18.35,4900
HD7.SI,20110322,18.26,18.36,18.24,18.36,4900
HD7.SI,20110321,18.24,18.25,18.10,18.10,7800
HD7.SI,20110320,18.49,18.49,18.27,18.27,12700
HD7.SI,20110317,18.45,18.45,18.34,18.34,3100
HD7.SI,20110315,18.52,18.60,18.52,18.60,2000
HD7.SI,20110313,18.23,18.23,18.22,18.23,4500
HD7.SI,20110310,18.16,18.18,18.13,18.15,15000
HD7.SI,20110309,17.98,18.15,17.98,18.15,7800
HD7.SI,20110308,17.98,17.98,17.92,17.92,2000
HD7.SI,20110307,18.04,18.04,17.99,17.99,7800
HD7.SI,20110301,18.44,18.56,18.44,18.54,12600
HD7.SI,20110228,18.07,18.07,18.03,18.03,5800
HD7.SI,20110227,18.00,18.00,17.92,17.92,12200
HD7.SI,20110224,18.03,18.03,18.03,18.03,1000
HD7.SI,20110223,18.09,18.09,18.01,18.01,1200
HD7.SI,20110222,18.03,18.20,18.03,18.20,8800
HD7.SI,20110221,18.06,18.08,18.06,18.08,5800
HD7.SI,20110220,18.06,18.08,18.06,18.08,6000
HD7.SI,20110217,18.21,18.26,18.03,18.03,7800
HD7.SI,20110216,17.95,17.95,17.95,17.95,2900
HD7.SI,20110215,18.21,18.31,18.21,18.30,14500
HD7.SI,20110214,17.80,17.80,17.80,17.80,1000
HD7.SI,20110210,17.96,17.96,17.87,17.88,26100
HD7.SI,20110209,18.01,18.20,17.94,18.20,11600
HD7.SI,20110208,18.08,18.11,18.03,18.06,21600
HD7.SI,20110207,17.60,17.73,17.60,17.73,12500
HD7.SI,20110206,17.68,17.68,17.62,17.62,3500
HD7.SI,20110203,17.62,17.63,17.51,17.63,9800
HD7.SI,20110202,17.50,17.66,17.47,17.61,33000
HD7.SI,20110201,17.34,17.34,17.21,17.22,11000
HD7.SI,20110131,17.23,17.23,17.09,17.09,11500
HD7.SI,20110130,17.10,17.10,16.97,17.02,13500
HD7.SI,20110127,17.10,17.22,17.06,17.22,27500
HD7.SI,20110126,17.12,17.12,17.12,17.12,2500
HD7.SI,20110125,16.98,17.11,16.98,17.03,20900
HD7.SI,20110120,16.84,16.91,16.75,16.81,32400
HD7.SI,20110118,16.43,16.49,16.40,16.40,9600
HD7.SI,20110117,16.28,16.51,16.28,16.50,12900
HD7.SI,20110116,16.44,16.44,16.11,16.19,44100
HD7.SI,20110113,16.60,16.61,16.39,16.44,60000
HD7.SI,20110112,16.43,16.46,16.41,16.45,16700
HD7.SI,20110111,16.43,16.45,16.37,16.45,19800
HD7.SI,20110110,16.28,16.34,16.28,16.30,9900
HD7.SI,20110109,15.98,15.98,15.91,15.93,17600
HD7.SI,20110106,16.06,16.09,16.03,16.06,17200
HD7.SI,20110105,15.99,16.10,15.96,16.08,24900
HD7.SI,20110104,15.96,16.02,15.96,15.97,8600
HD7.SI,20110103,15.89,15.89,15.89,15.89,2000
HD7.SI,20110102,15.79,15.79,15.79,15.79,000
