J0S.SI,20120606,35.43,35.43,35.43,35.43,250
J0S.SI,20120527,35.43,35.43,35.43,35.43,200
J0S.SI,20120416,35.03,35.03,35.03,35.03,000
J0S.SI,20120227,37.75,37.75,37.50,37.50,6400
J0S.SI,20120122,39.01,39.01,39.01,39.01,200
J0S.SI,20111109,38.83,38.83,38.83,38.83,100
J0S.SI,20111023,39.40,39.40,39.40,39.40,000
J0S.SI,20111004,40.21,40.21,40.21,40.21,000
J0S.SI,20111002,40.42,40.47,40.42,40.47,1100
J0S.SI,20110927,40.28,40.28,40.28,40.28,000
J0S.SI,20110925,40.30,40.30,40.30,40.30,000
J0S.SI,20110911,41.20,41.20,41.20,41.20,1000
J0S.SI,20110906,40.28,40.28,40.28,40.28,000
J0S.SI,20110609,35.06,35.06,35.04,35.04,1400
J0S.SI,20110309,40.27,40.31,40.27,40.31,3200
J0S.SI,20110227,41.09,41.09,41.09,41.09,3300
J0S.SI,20110223,40.48,40.52,40.48,40.52,100
J0S.SI,20110119,38.57,38.57,38.57,38.57,3700
J0S.SI,20101209,37.98,37.98,37.91,37.91,1400
J0S.SI,20101208,38.42,38.42,38.33,38.33,5700
J0S.SI,20101207,38.74,38.74,38.74,38.74,1500
J0S.SI,20101206,38.47,38.47,38.47,38.47,1500
J0S.SI,20101108,39.98,39.98,39.98,39.98,300
J0S.SI,20100929,37.63,37.87,37.63,37.87,200
J0S.SI,20100909,42.84,42.84,42.84,42.84,200
J0S.SI,20100906,43.26,43.26,43.26,43.26,000
J0S.SI,20100831,43.26,43.26,43.26,43.26,500
J0S.SI,20100822,42.15,42.15,42.15,42.15,800
J0S.SI,20100817,41.86,41.86,41.86,41.86,000
J0S.SI,20100816,41.55,41.55,41.55,41.55,200
J0S.SI,20100810,40.92,40.92,40.92,40.92,000
J0S.SI,20100808,40.92,40.92,40.92,40.92,100
J0S.SI,20100805,41.04,41.04,41.04,41.04,100
J0S.SI,20100725,43.22,43.24,43.22,43.24,900
J0S.SI,20100718,42.92,42.92,42.92,42.92,900
J0S.SI,20100714,42.80,42.80,42.80,42.80,000
J0S.SI,20100629,40.76,40.76,40.76,40.76,300
J0S.SI,20100617,41.01,41.22,41.01,41.22,700
J0S.SI,20100512,40.18,40.18,40.18,40.18,200
J0S.SI,20100506,40.66,40.66,40.66,40.66,200
J0S.SI,20100414,43.26,43.26,43.26,43.26,500
J0S.SI,20100412,43.94,43.94,43.94,43.94,100
J0S.SI,20100406,43.36,43.36,43.36,43.36,3000
J0S.SI,20100331,41.94,41.94,41.94,41.94,1500
J0S.SI,20100322,41.70,41.70,41.68,41.68,3000
J0S.SI,20100321,41.76,41.80,41.76,41.80,3100
J0S.SI,20100316,39.94,39.94,39.94,39.94,1500
J0S.SI,20100314,41.28,41.28,41.28,41.28,100
J0S.SI,20100311,42.10,42.10,41.56,41.56,1500
J0S.SI,20100310,42.30,42.30,42.10,42.10,7500
J0S.SI,20100217,41.00,41.00,40.98,40.98,3000
J0S.SI,20100214,41.08,41.08,41.04,41.04,3000
J0S.SI,20100210,41.38,41.38,41.38,41.38,1500
J0S.SI,20100208,41.22,41.22,41.22,41.22,1000
J0S.SI,20100127,40.00,40.00,40.00,40.00,400
J0S.SI,20100125,39.82,39.82,39.82,39.82,100
J0S.SI,20100124,40.20,40.20,40.20,40.20,100
J0S.SI,20100119,40.22,40.22,40.22,40.22,500
J0S.SI,20100117,40.00,40.00,40.00,40.00,200
J0S.SI,20100114,40.22,40.22,40.06,40.06,4500
J0S.SI,20100105,39.20,39.20,39.20,39.20,200
