IH0.SI,20120516,43.12,43.12,43.12,43.12,1000
IH0.SI,20120509,43.93,43.99,43.93,43.99,400
IH0.SI,20120429,41.82,41.82,41.82,41.82,000
IH0.SI,20120426,41.70,41.70,41.70,41.70,000
IH0.SI,20120424,41.20,41.20,41.20,41.20,1000
IH0.SI,20120416,41.30,41.30,41.30,41.30,000
IH0.SI,20120412,41.30,41.30,41.30,41.30,200
IH0.SI,20120411,41.23,41.23,41.23,41.23,200
IH0.SI,20120409,40.17,40.17,40.17,40.17,1200
IH0.SI,20120227,39.93,39.93,39.63,39.63,100
IH0.SI,20120220,41.14,41.14,41.14,41.14,500
IH0.SI,20120219,41.45,41.45,41.17,41.17,000
IH0.SI,20120209,41.70,41.70,41.37,41.37,300
IH0.SI,20120208,41.90,41.90,41.90,41.90,300
IH0.SI,20120206,41.85,41.85,41.85,41.85,000
IH0.SI,20120126,42.79,42.90,42.79,42.90,100
IH0.SI,20120118,42.34,42.34,42.32,42.32,400
IH0.SI,20120115,43.36,43.36,43.29,43.29,200
IH0.SI,20120111,41.89,41.89,41.77,41.77,1300
IH0.SI,20120110,41.69,41.69,41.69,41.69,000
IH0.SI,20120108,41.80,41.80,41.74,41.74,400
IH0.SI,20111211,39.38,39.38,39.30,39.37,4500
IH0.SI,20111130,39.10,39.10,39.10,39.10,200
IH0.SI,20111128,39.11,39.11,39.11,39.11,000
IH0.SI,20111120,36.67,36.67,36.67,36.67,1500
IH0.SI,20111116,36.77,36.77,36.66,36.66,1500
IH0.SI,20111113,36.96,36.97,36.96,36.97,100
IH0.SI,20111110,37.24,37.25,37.04,37.04,1600
IH0.SI,20111109,37.44,37.44,37.44,37.44,000
IH0.SI,20111108,37.98,38.65,37.98,38.65,6000
IH0.SI,20111107,37.22,37.22,37.22,37.22,1500
IH0.SI,20111102,37.98,37.98,37.98,37.98,1500
IH0.SI,20111101,38.36,38.36,38.36,38.36,1500
IH0.SI,20111031,37.62,37.62,37.62,37.62,000
IH0.SI,20111030,37.83,37.83,37.82,37.82,400
IH0.SI,20111026,38.02,38.02,38.02,38.02,1500
IH0.SI,20111025,38.08,38.08,37.96,37.96,600
IH0.SI,20111017,38.28,38.28,38.28,38.28,1500
IH0.SI,20111012,36.81,36.81,36.81,36.81,1500
IH0.SI,20111010,38.20,38.20,38.20,38.20,100
IH0.SI,20111009,38.01,38.24,37.65,38.24,3100
IH0.SI,20111005,38.16,38.16,38.04,38.04,800
IH0.SI,20111002,37.00,37.02,36.99,36.99,8600
IH0.SI,20110929,38.34,38.34,38.34,38.34,500
IH0.SI,20110927,38.36,38.36,38.36,38.36,1400
IH0.SI,20110920,38.96,39.25,38.96,39.25,4300
IH0.SI,20110919,39.31,39.31,39.31,39.31,1400
IH0.SI,20110918,39.71,39.71,39.57,39.57,2900
IH0.SI,20110908,37.56,37.56,37.56,37.56,1400
IH0.SI,20110829,35.73,35.73,35.69,35.69,2900
IH0.SI,20110824,36.22,36.48,36.22,36.48,2900
IH0.SI,20110823,35.94,36.08,35.90,35.97,19100
IH0.SI,20110818,35.56,35.56,35.56,35.56,200
IH0.SI,20110814,34.84,34.84,34.84,34.84,100
IH0.SI,20110809,35.17,35.17,35.17,35.17,1400
IH0.SI,20110803,33.54,33.54,33.46,33.46,000
IH0.SI,20110802,33.24,33.24,33.24,33.24,100
IH0.SI,20110727,30.64,30.64,30.64,30.64,000
IH0.SI,20110726,30.24,30.24,30.24,30.24,1400
IH0.SI,20110725,30.99,30.99,30.85,30.85,200
IH0.SI,20110714,32.09,32.09,32.09,32.09,100
IH0.SI,20110630,31.97,32.55,31.97,32.55,6400
IH0.SI,20110628,31.34,31.34,31.34,31.34,100
IH0.SI,20110623,31.87,31.87,31.87,31.87,1400
IH0.SI,20110621,32.59,32.59,32.59,32.59,1400
IH0.SI,20110619,32.73,32.73,32.70,32.70,7900
IH0.SI,20110615,31.49,31.49,31.49,31.49,000
IH0.SI,20110612,32.26,32.26,32.26,32.26,1400
IH0.SI,20110605,29.55,29.60,29.48,29.60,600
IH0.SI,20110602,30.40,30.40,30.16,30.16,4300
IH0.SI,20110601,30.63,30.63,30.63,30.63,1400
IH0.SI,20110531,31.29,31.29,31.16,31.16,4400
IH0.SI,20110529,31.80,31.98,31.80,31.98,2900
IH0.SI,20110526,31.58,31.58,31.58,31.58,1400
IH0.SI,20110524,31.81,31.81,31.64,31.64,1600
IH0.SI,20110522,31.64,31.64,31.64,31.64,000
IH0.SI,20110519,31.33,31.33,31.33,31.33,000
IH0.SI,20110508,33.06,33.06,32.97,32.97,1500
IH0.SI,20110428,34.88,34.88,34.60,34.60,13700
IH0.SI,20110426,34.88,34.88,34.88,34.88,000
IH0.SI,20110424,34.34,34.34,34.00,34.00,1400
IH0.SI,20110419,35.13,35.13,35.13,35.13,300
IH0.SI,20110411,35.01,35.01,35.01,35.01,1400
IH0.SI,20110410,34.87,34.87,34.87,34.87,000
IH0.SI,20110330,37.69,37.80,37.69,37.80,2900
IH0.SI,20110329,38.21,38.33,38.21,38.31,11800
IH0.SI,20110327,38.33,38.33,37.69,37.69,7200
IH0.SI,20110324,37.81,37.81,37.81,37.81,400
IH0.SI,20110316,38.01,38.01,38.01,38.01,1400
IH0.SI,20110308,36.18,36.28,36.18,36.28,1600
IH0.SI,20110228,38.32,38.32,38.32,38.32,1400
IH0.SI,20110222,38.15,38.15,38.15,38.15,100
IH0.SI,20110221,38.15,38.15,38.15,38.15,1400
IH0.SI,20110217,37.32,37.32,37.29,37.29,600
IH0.SI,20110215,37.23,37.29,37.23,37.29,2900
IH0.SI,20110213,37.29,37.29,37.29,37.29,1400
IH0.SI,20110209,38.05,38.05,38.05,38.05,1400
IH0.SI,20110207,37.38,37.38,37.38,37.38,100
IH0.SI,20110201,35.88,35.92,35.88,35.92,10800
IH0.SI,20110127,36.35,36.35,36.35,36.35,300
IH0.SI,20110126,36.10,36.10,36.10,36.10,200
IH0.SI,20110118,34.41,34.41,34.41,34.41,1400
IH0.SI,20110113,34.29,34.29,34.29,34.29,1400
IH0.SI,20110110,33.30,33.38,33.20,33.37,7200
IH0.SI,20110106,33.43,33.43,33.43,33.43,1400
IH0.SI,20110105,34.30,34.30,34.30,34.30,1400
IH0.SI,20110104,35.07,35.07,35.07,35.07,1400
IH0.SI,20110102,33.73,33.73,33.73,33.73,000
