KF6.SI,20120606,249.91,249.91,249.91,249.91,5
KF6.SI,20120523,249.91,249.91,249.91,249.91,000
KF6.SI,20111115,238.69,238.69,234.20,237.39,500
KF6.SI,20111113,238.89,238.89,238.89,238.89,000
KF6.SI,20111109,240.50,240.50,240.50,240.50,000
KF6.SI,20111025,240.70,240.70,240.70,240.70,300
KF6.SI,20110913,236.93,236.93,236.93,236.93,300
KF6.SI,20110825,229.06,229.06,229.06,229.06,300
KF6.SI,20110824,228.45,228.45,228.45,228.45,300
KF6.SI,20110724,218.18,218.20,218.18,218.20,500
KF6.SI,20110721,223.12,223.12,223.12,223.12,000
KF6.SI,20110630,223.36,223.36,223.36,223.36,300
KF6.SI,20110524,225.62,225.62,225.62,225.62,200
KF6.SI,20101125,216.38,216.38,216.38,216.38,000
KF6.SI,20100810,242.00,244.73,242.00,244.73,1500
KF6.SI,20100727,239.53,239.53,239.53,239.53,000
KF6.SI,20100714,234.80,234.80,234.51,234.51,000
KF6.SI,20100711,236.45,236.45,235.48,235.49,2500
KF6.SI,20100519,236.76,236.76,236.76,236.76,500
KF6.SI,20100509,239.11,239.11,239.11,239.11,000
KF6.SI,20100503,243.94,243.94,243.77,243.77,2500
