LF2.SI,20120603,41.48,41.48,41.00,41.10,1800
LF2.SI,20120531,43.08,43.08,42.49,42.49,1600
LF2.SI,20120528,43.24,43.95,43.24,43.91,1000
LF2.SI,20120523,45.78,45.78,45.78,45.78,100
LF2.SI,20120522,47.59,47.59,47.59,47.59,300
LF2.SI,20120520,47.02,47.02,47.02,47.02,100
LF2.SI,20120517,46.62,46.62,46.62,46.62,1500
LF2.SI,20120515,46.57,46.57,46.57,46.57,200
LF2.SI,20120514,46.20,46.20,46.20,46.20,200
LF2.SI,20120513,45.65,45.92,45.53,45.92,3200
LF2.SI,20120510,45.68,45.72,45.49,45.49,2100
LF2.SI,20120507,45.20,45.35,45.20,45.35,000
LF2.SI,20120506,45.30,45.42,45.30,45.34,6000
LF2.SI,20120503,45.41,45.41,45.41,45.41,000
LF2.SI,20120502,45.00,45.00,45.00,44.64,100
LF2.SI,20120426,44.82,44.82,44.64,44.64,1500
LF2.SI,20120425,44.68,44.68,44.68,44.68,1500
LF2.SI,20120424,43.96,43.96,43.96,43.96,100
LF2.SI,20120423,43.78,43.78,43.76,43.76,100
LF2.SI,20120422,43.86,43.86,43.69,43.69,200
LF2.SI,20120417,43.87,43.87,43.86,43.86,6000
LF2.SI,20120415,44.13,44.24,44.13,44.24,9000
LF2.SI,20120412,43.99,43.99,43.99,43.99,1800
LF2.SI,20120411,43.65,43.69,43.65,43.69,3000
LF2.SI,20120410,43.00,47.56,42.99,47.56,6000
LF2.SI,20120408,42.19,42.41,42.19,42.41,700
LF2.SI,20120405,42.24,42.24,42.24,42.24,3000
LF2.SI,20120404,41.25,42.27,41.25,42.03,24000
LF2.SI,20120403,41.08,41.08,41.05,41.05,3000
LF2.SI,20120304,39.95,39.95,39.95,39.95,000
LF2.SI,20120229,39.66,39.66,39.66,39.66,200
LF2.SI,20120222,38.75,38.75,38.75,38.75,000
LF2.SI,20120219,38.82,38.82,38.82,38.82,100
LF2.SI,20120208,39.16,39.16,39.16,39.16,200
LF2.SI,20120205,38.76,38.76,38.76,38.76,100
LF2.SI,20120125,37.98,37.98,37.98,37.98,200
LF2.SI,20120118,37.73,37.73,37.73,37.73,000
LF2.SI,20120116,38.15,38.25,38.15,38.25,6000
LF2.SI,20111221,37.24,37.28,37.24,37.28,3000
LF2.SI,20111205,35.58,35.58,35.58,35.58,1500
LF2.SI,20111204,35.72,35.72,35.60,35.60,3000
LF2.SI,20111201,35.60,35.60,35.60,35.60,1500
LF2.SI,20111128,35.59,35.59,35.59,35.59,1500
LF2.SI,20111117,34.55,34.56,34.55,34.55,4500
LF2.SI,20111113,34.14,34.14,34.14,34.14,200
LF2.SI,20111110,34.23,34.44,34.23,34.44,3700
LF2.SI,20111109,34.37,34.37,34.36,34.36,3000
LF2.SI,20111108,34.76,34.86,34.61,34.86,9000
LF2.SI,20111107,34.67,34.89,34.66,34.83,9000
LF2.SI,20111103,35.04,35.07,35.04,35.07,3000
LF2.SI,20111102,34.87,34.87,34.70,34.76,6000
LF2.SI,20111101,34.82,34.82,34.82,34.82,1500
LF2.SI,20111031,34.60,34.82,34.53,34.53,19500
LF2.SI,20111030,34.85,34.85,34.54,34.54,15000
LF2.SI,20111026,34.89,35.11,34.89,35.11,3000
LF2.SI,20111025,34.93,34.93,34.93,34.93,1500
LF2.SI,20111024,35.20,35.20,35.08,35.08,7500
LF2.SI,20111023,35.50,35.50,35.47,35.47,3000
LF2.SI,20111020,35.53,35.53,35.48,35.48,3000
LF2.SI,20111019,35.41,35.41,35.41,35.41,1500
LF2.SI,20111018,35.21,35.40,35.15,35.15,10500
LF2.SI,20111017,34.59,34.76,34.59,34.74,4700
LF2.SI,20111016,34.52,34.52,34.52,34.52,1500
LF2.SI,20111013,34.26,34.26,34.25,34.25,6000
LF2.SI,20111012,34.28,34.28,34.28,34.28,1500
LF2.SI,20111011,34.20,34.24,34.20,34.24,3000
LF2.SI,20111010,35.02,35.02,34.65,34.65,4700
LF2.SI,20111009,35.03,35.08,35.02,35.08,6000
LF2.SI,20111006,35.04,35.11,35.04,35.09,6000
LF2.SI,20111005,34.81,35.14,34.78,35.14,21400
LF2.SI,20111002,34.99,35.06,34.99,35.06,20800
LF2.SI,20110929,35.68,35.68,35.42,35.44,6200
LF2.SI,20110928,35.59,35.77,35.59,35.77,29400
LF2.SI,20110927,35.59,35.82,35.59,35.75,31100
LF2.SI,20110926,35.94,36.03,35.94,36.03,4400
LF2.SI,20110925,35.78,35.78,35.71,35.72,4500
LF2.SI,20110921,35.93,35.93,35.93,35.93,1500
LF2.SI,20110920,35.88,35.98,35.82,35.89,25800
LF2.SI,20110918,36.27,36.27,36.17,36.20,16000
LF2.SI,20110915,36.29,36.30,36.18,36.25,9000
LF2.SI,20110914,35.46,35.46,35.46,35.46,1500
LF2.SI,20110913,35.33,35.38,35.31,35.36,12000
LF2.SI,20110912,34.55,34.55,34.55,34.55,1500
LF2.SI,20110911,34.93,35.00,34.93,35.00,3000
LF2.SI,20110908,34.44,34.68,34.39,34.68,16500
LF2.SI,20110907,33.91,33.91,33.91,33.91,1500
LF2.SI,20110906,33.87,33.87,33.87,33.87,1500
LF2.SI,20110901,34.78,34.78,34.54,34.54,4100
LF2.SI,20110831,35.02,35.02,35.02,35.02,1500
LF2.SI,20110830,35.44,35.46,35.44,35.46,1600
LF2.SI,20110829,35.31,35.31,35.31,35.31,1500
LF2.SI,20110828,35.55,35.55,35.55,35.55,1500
LF2.SI,20110825,35.72,35.73,35.70,35.70,6000
LF2.SI,20110824,35.93,36.14,35.91,36.14,4500
LF2.SI,20110822,35.77,35.88,35.77,35.81,10500
LF2.SI,20110818,35.71,35.82,35.71,35.82,1900
LF2.SI,20110817,35.33,35.33,35.33,35.33,9000
LF2.SI,20110816,35.07,35.09,35.07,35.09,3000
LF2.SI,20110815,35.38,35.39,35.31,35.39,4500
LF2.SI,20110814,35.32,35.45,35.29,35.45,14500
LF2.SI,20110811,35.43,35.43,35.17,35.17,13500
LF2.SI,20110809,35.47,35.51,35.31,35.31,16500
LF2.SI,20110808,35.01,35.40,34.99,35.40,9000
LF2.SI,20110807,34.74,34.84,34.70,34.84,4500
LF2.SI,20110804,34.46,34.46,34.46,34.46,1500
LF2.SI,20110803,34.61,34.63,34.59,34.59,12000
LF2.SI,20110802,34.53,34.67,34.48,34.56,7500
LF2.SI,20110801,34.83,34.83,34.69,34.69,17100
LF2.SI,20110731,34.45,34.54,34.45,34.54,3000
LF2.SI,20110728,34.16,34.29,34.16,34.28,10500
LF2.SI,20110727,33.47,33.84,33.47,33.74,12000
LF2.SI,20110726,33.53,33.70,33.40,33.63,6000
LF2.SI,20110725,33.89,33.95,33.89,33.95,6000
LF2.SI,20110724,34.48,34.53,34.21,34.21,7500
LF2.SI,20110721,34.88,34.88,34.58,34.65,22000
LF2.SI,20110720,35.28,35.28,35.28,35.28,1500
LF2.SI,20110719,34.78,34.85,34.73,34.73,4500
LF2.SI,20110718,34.89,34.99,34.73,34.73,17500
LF2.SI,20110717,35.19,35.19,35.09,35.09,25300
LF2.SI,20110714,34.83,34.83,34.83,34.83,1500
LF2.SI,20110713,34.93,35.08,34.93,35.08,3400
LF2.SI,20110712,35.38,35.38,35.38,35.38,400
LF2.SI,20110710,35.83,35.83,35.83,35.83,200
LF2.SI,20110706,36.13,36.13,36.13,36.13,200
LF2.SI,20110629,35.16,35.16,35.16,35.16,300
LF2.SI,20110626,34.34,34.34,34.34,34.34,100
LF2.SI,20110616,34.00,34.17,34.00,34.17,3000
LF2.SI,20110615,33.99,33.99,33.99,33.99,000
LF2.SI,20110609,33.55,33.55,33.55,33.55,1500
LF2.SI,20110605,32.90,32.90,32.90,32.90,000
LF2.SI,20110602,33.50,33.50,33.50,33.50,000
LF2.SI,20110522,34.01,34.01,34.01,34.01,000
LF2.SI,20110519,33.91,34.07,33.91,34.07,100
LF2.SI,20110516,34.61,34.76,34.61,34.76,100
LF2.SI,20110515,34.96,34.96,34.96,34.96,000
LF2.SI,20110510,35.50,35.50,35.50,35.50,000
LF2.SI,20110505,35.95,35.95,35.90,35.90,3000
LF2.SI,20110428,36.77,36.77,36.77,36.77,200
LF2.SI,20110426,37.07,37.07,37.07,37.07,000
LF2.SI,20110424,36.94,36.94,36.88,36.88,1500
LF2.SI,20110420,37.15,37.15,37.15,37.15,1500
LF2.SI,20110417,36.97,36.97,36.97,36.97,1500
LF2.SI,20110414,37.37,37.37,37.37,37.37,1500
LF2.SI,20110412,37.00,37.00,36.97,36.97,1500
LF2.SI,20110411,37.35,37.35,37.03,37.03,3200
LF2.SI,20110410,37.33,37.33,37.33,37.33,300
LF2.SI,20110331,38.69,38.69,38.69,38.69,181200
LF2.SI,20110330,38.69,38.69,38.69,38.69,1500
LF2.SI,20110323,38.18,38.18,38.18,38.18,1500
LF2.SI,20110321,38.37,38.44,38.37,38.44,3000
LF2.SI,20110320,38.42,38.42,38.42,38.42,1000
LF2.SI,20110317,38.15,38.15,38.15,38.15,300
LF2.SI,20110315,38.14,38.15,38.14,38.15,2200
LF2.SI,20110314,38.09,38.09,38.09,38.09,1000
LF2.SI,20110313,37.82,37.82,37.82,37.82,1500
LF2.SI,20110302,37.76,37.76,37.76,37.76,1500
LF2.SI,20110301,38.36,38.36,38.36,38.36,1500
LF2.SI,20110228,38.04,38.04,38.04,38.04,1500
LF2.SI,20110227,37.67,37.69,37.67,37.69,3000
LF2.SI,20110224,38.32,38.32,38.32,38.32,1500
LF2.SI,20110215,37.62,37.62,37.62,37.62,1500
LF2.SI,20110207,37.03,37.03,37.03,37.03,800
LF2.SI,20110202,36.64,36.64,36.64,36.64,1500
LF2.SI,20110127,36.25,36.26,36.25,36.26,2200
LF2.SI,20110125,36.10,36.10,36.10,36.10,200
LF2.SI,20110120,35.86,35.86,35.86,35.86,1500
LF2.SI,20110118,35.14,35.14,35.14,35.14,100
LF2.SI,20110117,34.95,34.95,34.95,34.95,1500
LF2.SI,20110113,35.05,35.05,35.05,35.05,1500
