5CH.SI,20120604,0.24,0.25,0.24,0.25,469000
5CH.SI,20120603,0.23,0.25,0.23,0.23,802000
5CH.SI,20120531,0.24,0.24,0.23,0.23,1280000
5CH.SI,20120530,0.25,0.25,0.24,0.25,829000
5CH.SI,20120529,0.25,0.25,0.25,0.25,2321000
5CH.SI,20120528,0.25,0.25,0.25,0.25,261000
5CH.SI,20120527,0.24,0.25,0.24,0.25,895000
5CH.SI,20120524,0.24,0.24,0.24,0.24,000
5CH.SI,20120523,0.25,0.25,0.24,0.24,2625000
5CH.SI,20120522,0.25,0.26,0.25,0.25,11332000
5CH.SI,20120521,0.25,0.25,0.25,0.25,2779000
5CH.SI,20120520,0.24,0.24,0.24,0.24,520000
5CH.SI,20120517,0.24,0.25,0.23,0.23,1133000
5CH.SI,20120516,0.23,0.24,0.23,0.24,1369000
5CH.SI,20120515,0.23,0.23,0.23,0.23,453000
5CH.SI,20120514,0.23,0.23,0.23,0.23,1083000
5CH.SI,20120513,0.23,0.24,0.23,0.23,1361000
5CH.SI,20120510,0.24,0.24,0.23,0.23,602000
5CH.SI,20120509,0.25,0.25,0.24,0.24,1048000
5CH.SI,20120508,0.25,0.25,0.24,0.24,1046000
5CH.SI,20120507,0.24,0.25,0.24,0.25,14293000
5CH.SI,20120506,0.23,0.24,0.23,0.24,112000
5CH.SI,20120503,0.25,0.25,0.23,0.23,2186000
5CH.SI,20120502,0.24,0.25,0.24,0.24,409000
5CH.SI,20120501,0.24,0.24,0.24,0.24,000
5CH.SI,20120430,0.24,0.24,0.24,0.24,253000
5CH.SI,20120429,0.25,0.25,0.24,0.24,116000
5CH.SI,20120426,0.25,0.25,0.24,0.25,419000
5CH.SI,20120425,0.24,0.25,0.24,0.25,100000
5CH.SI,20120424,0.25,0.25,0.23,0.25,614000
5CH.SI,20120423,0.25,0.25,0.24,0.25,951000
5CH.SI,20120422,0.25,0.25,0.24,0.25,1262000
5CH.SI,20120419,0.24,0.25,0.24,0.25,862000
5CH.SI,20120418,0.25,0.25,0.23,0.24,1093000
5CH.SI,20120417,0.25,0.25,0.25,0.25,1259000
5CH.SI,20120416,0.25,0.25,0.25,0.25,2382000
5CH.SI,20120415,0.25,0.27,0.25,0.25,10286000
5CH.SI,20120412,0.24,0.25,0.24,0.25,4390000
5CH.SI,20120411,0.23,0.24,0.23,0.23,943000
5CH.SI,20120410,0.23,0.23,0.23,0.23,77000
5CH.SI,20120409,0.23,0.23,0.23,0.23,40000
5CH.SI,20120408,0.23,0.23,0.23,0.23,888000
5CH.SI,20120405,0.23,0.23,0.23,0.23,257000
5CH.SI,20120404,0.23,0.24,0.23,0.23,602000
5CH.SI,20120403,0.25,0.25,0.23,0.24,168000
5CH.SI,20120402,0.24,0.25,0.24,0.25,502000
5CH.SI,20120401,0.24,0.24,0.23,0.24,351000
5CH.SI,20120329,0.24,0.24,0.24,0.24,000
5CH.SI,20120328,0.24,0.24,0.23,0.24,96000
5CH.SI,20120327,0.24,0.25,0.24,0.25,677000
5CH.SI,20120326,0.23,0.24,0.23,0.24,965000
5CH.SI,20120325,0.23,0.24,0.23,0.24,377000
5CH.SI,20120322,0.23,0.24,0.23,0.24,396000
5CH.SI,20120321,0.23,0.23,0.23,0.23,470000
5CH.SI,20120320,0.23,0.23,0.23,0.23,358000
5CH.SI,20120319,0.23,0.24,0.23,0.23,373000
5CH.SI,20120318,0.23,0.23,0.23,0.23,470000
5CH.SI,20120315,0.23,0.23,0.23,0.23,2247000
5CH.SI,20120314,0.23,0.23,0.22,0.23,1193000
5CH.SI,20120313,0.23,0.23,0.23,0.23,846000
5CH.SI,20120312,0.23,0.23,0.23,0.23,1611000
5CH.SI,20120311,0.23,0.23,0.23,0.23,788000
5CH.SI,20120308,0.23,0.23,0.23,0.23,703000
5CH.SI,20120307,0.24,0.24,0.23,0.23,1089000
5CH.SI,20120306,0.25,0.25,0.24,0.24,533000
5CH.SI,20120305,0.24,0.24,0.23,0.24,543000
5CH.SI,20120304,0.25,0.25,0.23,0.23,1410000
5CH.SI,20120301,0.25,0.25,0.25,0.25,1986000
5CH.SI,20120229,0.26,0.26,0.25,0.25,1012000
5CH.SI,20120228,0.26,0.26,0.26,0.26,1953000
5CH.SI,20120227,0.26,0.26,0.25,0.25,1827000
5CH.SI,20120226,0.26,0.26,0.26,0.26,935000
5CH.SI,20120223,0.26,0.26,0.26,0.26,1512000
5CH.SI,20120222,0.28,0.28,0.26,0.26,1249000
5CH.SI,20120221,0.26,0.27,0.26,0.27,2297000
5CH.SI,20120220,0.26,0.26,0.26,0.26,1021000
5CH.SI,20120219,0.26,0.26,0.26,0.26,661000
5CH.SI,20120216,0.26,0.26,0.26,0.26,878000
5CH.SI,20120215,0.26,0.26,0.26,0.26,339000
5CH.SI,20120214,0.26,0.26,0.26,0.26,611000
5CH.SI,20120213,0.25,0.25,0.25,0.25,000
5CH.SI,20120212,0.25,0.25,0.25,0.25,000
5CH.SI,20120209,0.25,0.25,0.25,0.25,526000
5CH.SI,20120208,0.26,0.26,0.25,0.25,520000
5CH.SI,20120207,0.26,0.26,0.25,0.25,1592000
5CH.SI,20120206,0.26,0.26,0.25,0.25,772000
5CH.SI,20120205,0.27,0.28,0.26,0.26,1399000
5CH.SI,20120202,0.26,0.27,0.26,0.26,1196000
5CH.SI,20120201,0.26,0.26,0.26,0.26,2166000
5CH.SI,20120131,0.27,0.28,0.26,0.26,5196000
5CH.SI,20120130,0.27,0.27,0.27,0.27,1537000
5CH.SI,20120129,0.27,0.28,0.27,0.28,1939000
5CH.SI,20120126,0.27,0.28,0.26,0.27,1574000
5CH.SI,20120125,0.26,0.27,0.26,0.27,1406000
5CH.SI,20120124,0.26,0.26,0.25,0.26,1215000
5CH.SI,20120123,0.25,0.26,0.25,0.26,3113000
5CH.SI,20120122,0.26,0.26,0.25,0.25,1672000
5CH.SI,20120119,0.26,0.26,0.26,0.26,1266000
5CH.SI,20120118,0.26,0.26,0.26,0.26,1807000
5CH.SI,20120117,0.26,0.26,0.26,0.26,1481000
5CH.SI,20120116,0.28,0.28,0.26,0.26,6384000
5CH.SI,20120115,0.26,0.28,0.25,0.27,27460000
5CH.SI,20120112,0.25,0.25,0.24,0.24,5070000
5CH.SI,20120111,0.25,0.25,0.24,0.24,1209000
5CH.SI,20120110,0.23,0.25,0.23,0.25,4006000
5CH.SI,20120109,0.23,0.23,0.23,0.23,326000
5CH.SI,20120108,0.24,0.24,0.23,0.23,2995000
5CH.SI,20120105,0.23,0.23,0.23,0.23,1986000
5CH.SI,20120104,0.23,0.23,0.23,0.23,2463000
5CH.SI,20120103,0.22,0.24,0.22,0.23,8538000
5CH.SI,20120102,0.22,0.22,0.22,0.22,000
5CH.SI,20120101,0.22,0.22,0.22,0.22,175000
5CH.SI,20111229,0.22,0.22,0.22,0.22,873000
5CH.SI,20111228,0.22,0.22,0.22,0.22,394000
5CH.SI,20111227,0.22,0.22,0.22,0.22,1401000
5CH.SI,20111226,0.22,0.22,0.22,0.22,000
5CH.SI,20111225,0.22,0.22,0.22,0.22,100000
5CH.SI,20111222,0.22,0.22,0.22,0.22,319000
5CH.SI,20111221,0.22,0.22,0.22,0.22,234000
5CH.SI,20111220,0.22,0.22,0.22,0.22,293000
5CH.SI,20111219,0.22,0.22,0.22,0.22,578000
5CH.SI,20111218,0.22,0.22,0.22,0.22,354000
5CH.SI,20111215,0.22,0.22,0.22,0.22,90000
5CH.SI,20111214,0.22,0.22,0.21,0.22,928000
5CH.SI,20111213,0.22,0.22,0.21,0.21,771000
5CH.SI,20111212,0.22,0.22,0.22,0.22,1036000
5CH.SI,20111211,0.22,0.22,0.22,0.22,421000
5CH.SI,20111208,0.22,0.22,0.22,0.22,131000
5CH.SI,20111207,0.22,0.22,0.22,0.22,484000
5CH.SI,20111206,0.22,0.22,0.22,0.22,9485000
5CH.SI,20111205,0.21,0.21,0.21,0.21,283000
5CH.SI,20111204,0.21,0.22,0.21,0.22,140000
5CH.SI,20111201,0.21,0.21,0.20,0.20,1000000
5CH.SI,20111130,0.21,0.21,0.21,0.21,554000
5CH.SI,20111129,0.21,0.21,0.21,0.21,500000
5CH.SI,20111128,0.21,0.21,0.21,0.21,300000
5CH.SI,20111127,0.21,0.22,0.21,0.21,44000
5CH.SI,20111124,0.21,0.21,0.21,0.21,914000
5CH.SI,20111123,0.20,0.21,0.20,0.20,61000
5CH.SI,20111122,0.20,0.20,0.20,0.20,745000
5CH.SI,20111121,0.21,0.21,0.20,0.21,372000
5CH.SI,20111120,0.21,0.21,0.20,0.21,435000
5CH.SI,20111117,0.20,0.21,0.20,0.21,250000
5CH.SI,20111116,0.21,0.21,0.20,0.20,3076000
5CH.SI,20111115,0.21,0.21,0.20,0.21,612000
5CH.SI,20111114,0.22,0.22,0.22,0.22,000
5CH.SI,20111113,0.21,0.22,0.20,0.22,1082000
5CH.SI,20111110,0.22,0.22,0.21,0.21,559000
5CH.SI,20111109,0.21,0.22,0.21,0.22,171000
5CH.SI,20111108,0.22,0.22,0.21,0.22,535000
5CH.SI,20111107,0.22,0.22,0.22,0.22,444000
5CH.SI,20111106,0.22,0.22,0.21,0.22,458000
5CH.SI,20111103,0.22,0.22,0.22,0.22,426000
5CH.SI,20111102,0.22,0.22,0.22,0.22,531000
5CH.SI,20111101,0.22,0.22,0.22,0.22,939000
5CH.SI,20111031,0.22,0.22,0.21,0.22,342000
5CH.SI,20111030,0.22,0.22,0.21,0.22,3615000
5CH.SI,20111027,0.22,0.22,0.22,0.22,000
5CH.SI,20111026,0.22,0.22,0.22,0.22,291000
5CH.SI,20111025,0.22,0.22,0.22,0.22,1567000
5CH.SI,20111024,0.22,0.22,0.22,0.22,576000
5CH.SI,20111023,0.22,0.22,0.22,0.22,1050000
5CH.SI,20111020,0.23,0.23,0.22,0.22,503000
5CH.SI,20111019,0.22,0.23,0.22,0.23,750000
5CH.SI,20111018,0.22,0.22,0.22,0.22,640000
5CH.SI,20111017,0.22,0.23,0.22,0.22,2086000
5CH.SI,20111016,0.22,0.22,0.22,0.22,2267000
5CH.SI,20111013,0.22,0.23,0.22,0.22,7337000
5CH.SI,20111012,0.22,0.22,0.22,0.22,1207000
5CH.SI,20111011,0.22,0.22,0.22,0.22,775000
5CH.SI,20111010,0.23,0.23,0.22,0.22,1714000
5CH.SI,20111009,0.24,0.24,0.22,0.23,2127000
5CH.SI,20111006,0.23,0.24,0.23,0.23,20287000
5CH.SI,20111005,0.22,0.23,0.22,0.23,2033000
5CH.SI,20111004,0.22,0.22,0.22,0.22,107000
5CH.SI,20111003,0.22,0.23,0.22,0.22,2219000
5CH.SI,20111002,0.22,0.23,0.22,0.22,3286000
5CH.SI,20110929,0.22,0.22,0.22,0.22,332000
5CH.SI,20110928,0.22,0.22,0.22,0.22,1102000
5CH.SI,20110927,0.22,0.22,0.22,0.22,2035000
5CH.SI,20110926,0.22,0.22,0.22,0.22,323000
5CH.SI,20110925,0.23,0.23,0.22,0.22,925000
5CH.SI,20110922,0.22,0.23,0.22,0.23,640000
5CH.SI,20110921,0.23,0.23,0.22,0.22,3249000
5CH.SI,20110920,0.22,0.23,0.22,0.23,5236000
5CH.SI,20110919,0.22,0.23,0.22,0.22,900000
5CH.SI,20110918,0.22,0.23,0.22,0.22,3687000
5CH.SI,20110915,0.22,0.22,0.22,0.22,1833000
5CH.SI,20110914,0.22,0.22,0.22,0.22,4040000
5CH.SI,20110913,0.21,0.22,0.21,0.22,3187000
5CH.SI,20110912,0.22,0.22,0.20,0.21,7913000
5CH.SI,20110911,0.22,0.22,0.21,0.22,2457000
5CH.SI,20110908,0.22,0.22,0.22,0.22,986000
5CH.SI,20110907,0.22,0.22,0.22,0.22,166000
5CH.SI,20110906,0.22,0.22,0.22,0.22,000
5CH.SI,20110905,0.22,0.22,0.22,0.22,561000
5CH.SI,20110904,0.22,0.22,0.22,0.22,209000
5CH.SI,20110901,0.22,0.22,0.22,0.22,202000
5CH.SI,20110831,0.22,0.22,0.22,0.22,1820000
5CH.SI,20110830,0.22,0.22,0.22,0.22,391000
5CH.SI,20110829,0.22,0.22,0.22,0.22,1662000
5CH.SI,20110828,0.22,0.22,0.22,0.22,431000
5CH.SI,20110825,0.22,0.22,0.22,0.22,173000
5CH.SI,20110824,0.22,0.22,0.22,0.22,795000
5CH.SI,20110823,0.22,0.22,0.22,0.22,494000
5CH.SI,20110822,0.22,0.23,0.22,0.23,113000
5CH.SI,20110821,0.22,0.22,0.22,0.22,000
5CH.SI,20110818,0.23,0.23,0.22,0.22,70000
5CH.SI,20110817,0.22,0.23,0.22,0.23,1048000
5CH.SI,20110816,0.22,0.23,0.22,0.22,891000
5CH.SI,20110815,0.22,0.23,0.22,0.22,3435000
5CH.SI,20110814,0.22,0.22,0.22,0.22,543000
5CH.SI,20110811,0.22,0.22,0.22,0.22,369000
5CH.SI,20110810,0.22,0.22,0.22,0.22,000
5CH.SI,20110809,0.22,0.22,0.22,0.22,2419000
5CH.SI,20110808,0.22,0.22,0.22,0.22,1373000
5CH.SI,20110807,0.22,0.23,0.22,0.22,2108000
5CH.SI,20110804,0.22,0.22,0.22,0.22,713000
5CH.SI,20110803,0.22,0.22,0.22,0.22,200000
5CH.SI,20110802,0.22,0.22,0.22,0.22,733000
5CH.SI,20110801,0.22,0.22,0.22,0.22,1141000
5CH.SI,20110731,0.22,0.22,0.22,0.22,978000
5CH.SI,20110728,0.22,0.23,0.22,0.22,630000
5CH.SI,20110727,0.23,0.23,0.22,0.22,539000
5CH.SI,20110726,0.23,0.23,0.22,0.23,473000
5CH.SI,20110725,0.23,0.23,0.23,0.23,14383000
5CH.SI,20110724,0.22,0.23,0.22,0.23,7570000
5CH.SI,20110721,0.22,0.22,0.22,0.22,1028000
5CH.SI,20110720,0.23,0.23,0.22,0.22,1928000
5CH.SI,20110719,0.23,0.23,0.22,0.22,640000
5CH.SI,20110718,0.23,0.23,0.23,0.23,1606000
5CH.SI,20110717,0.23,0.23,0.23,0.23,1108000
5CH.SI,20110714,0.23,0.23,0.23,0.23,383000
5CH.SI,20110713,0.23,0.23,0.22,0.23,211000
5CH.SI,20110712,0.23,0.23,0.23,0.23,1275000
5CH.SI,20110711,0.23,0.23,0.23,0.23,2236000
5CH.SI,20110710,0.22,0.23,0.22,0.23,1014000
5CH.SI,20110707,0.22,0.23,0.22,0.22,545000
5CH.SI,20110706,0.22,0.23,0.22,0.22,112000
5CH.SI,20110705,0.23,0.23,0.22,0.22,1260000
5CH.SI,20110704,0.23,0.23,0.22,0.23,2160000
5CH.SI,20110703,0.22,0.23,0.22,0.23,18781000
5CH.SI,20110630,0.22,0.22,0.22,0.22,313000
5CH.SI,20110629,0.22,0.22,0.22,0.22,2196000
5CH.SI,20110628,0.22,0.22,0.22,0.22,228000
5CH.SI,20110627,0.22,0.22,0.22,0.22,441000
5CH.SI,20110626,0.22,0.22,0.22,0.22,432000
5CH.SI,20110623,0.22,0.22,0.22,0.22,801000
5CH.SI,20110622,0.22,0.22,0.22,0.22,54000
5CH.SI,20110621,0.22,0.23,0.22,0.23,1385000
5CH.SI,20110620,0.22,0.22,0.22,0.22,184000
5CH.SI,20110619,0.22,0.22,0.22,0.22,1417000
5CH.SI,20110616,0.22,0.22,0.22,0.22,1051000
5CH.SI,20110615,0.22,0.22,0.22,0.22,1111000
5CH.SI,20110614,0.22,0.22,0.22,0.22,267000
5CH.SI,20110613,0.22,0.22,0.22,0.22,569000
5CH.SI,20110612,0.22,0.22,0.22,0.22,507000
5CH.SI,20110609,0.22,0.22,0.22,0.22,522000
5CH.SI,20110608,0.22,0.24,0.22,0.22,9764000
5CH.SI,20110607,0.22,0.22,0.22,0.22,750000
5CH.SI,20110606,0.22,0.22,0.22,0.22,121000
5CH.SI,20110605,0.22,0.22,0.21,0.22,336000
5CH.SI,20110602,0.22,0.22,0.22,0.22,602000
5CH.SI,20110601,0.22,0.22,0.22,0.22,262000
5CH.SI,20110531,0.22,0.22,0.22,0.22,389000
5CH.SI,20110530,0.22,0.22,0.22,0.22,251000
5CH.SI,20110529,0.22,0.22,0.22,0.22,759000
5CH.SI,20110526,0.22,0.22,0.22,0.22,211000
5CH.SI,20110525,0.22,0.22,0.22,0.22,213000
5CH.SI,20110524,0.22,0.22,0.22,0.22,297000
5CH.SI,20110523,0.22,0.22,0.22,0.22,960000
5CH.SI,20110522,0.22,0.22,0.21,0.22,547000
5CH.SI,20110519,0.22,0.22,0.21,0.21,1422000
5CH.SI,20110518,0.22,0.22,0.22,0.22,875000
5CH.SI,20110517,0.22,0.22,0.22,0.22,1198000
5CH.SI,20110516,0.23,0.23,0.23,0.23,319000
5CH.SI,20110515,0.23,0.23,0.22,0.23,423000
5CH.SI,20110512,0.23,0.23,0.23,0.23,1699000
5CH.SI,20110511,0.24,0.24,0.23,0.24,849000
5CH.SI,20110510,0.25,0.25,0.24,0.24,727000
5CH.SI,20110509,0.25,0.25,0.24,0.25,488000
5CH.SI,20110508,0.25,0.25,0.25,0.25,284000
5CH.SI,20110505,0.25,0.25,0.25,0.25,455000
5CH.SI,20110504,0.25,0.25,0.25,0.25,1490000
5CH.SI,20110503,0.25,0.25,0.25,0.25,650000
5CH.SI,20110502,0.25,0.25,0.25,0.25,000
5CH.SI,20110501,0.25,0.25,0.25,0.25,1042000
5CH.SI,20110428,0.26,0.26,0.25,0.25,3189000
5CH.SI,20110427,0.26,0.26,0.26,0.26,909000
5CH.SI,20110426,0.26,0.26,0.26,0.26,551000
5CH.SI,20110425,0.26,0.26,0.26,0.26,483000
5CH.SI,20110424,0.26,0.27,0.26,0.26,2185000
5CH.SI,20110421,0.26,0.28,0.26,0.27,13775000
5CH.SI,20110420,0.25,0.26,0.25,0.26,1683000
5CH.SI,20110419,0.26,0.26,0.25,0.25,844000
5CH.SI,20110418,0.26,0.26,0.25,0.25,951000
5CH.SI,20110417,0.26,0.26,0.26,0.26,296000
5CH.SI,20110414,0.27,0.27,0.26,0.26,523000
5CH.SI,20110413,0.26,0.27,0.26,0.26,1500000
5CH.SI,20110412,0.26,0.26,0.26,0.26,697000
5CH.SI,20110411,0.26,0.27,0.26,0.26,884000
5CH.SI,20110410,0.27,0.27,0.26,0.26,2179000
5CH.SI,20110407,0.27,0.27,0.27,0.27,000
5CH.SI,20110406,0.27,0.28,0.26,0.27,1235000
5CH.SI,20110405,0.27,0.27,0.26,0.27,1563000
5CH.SI,20110404,0.27,0.28,0.27,0.27,2456000
5CH.SI,20110403,0.28,0.28,0.27,0.27,2897000
5CH.SI,20110331,0.27,0.28,0.27,0.28,877000
5CH.SI,20110330,0.27,0.28,0.27,0.27,5446000
5CH.SI,20110329,0.28,0.28,0.27,0.27,700000
5CH.SI,20110328,0.28,0.28,0.28,0.28,1849000
5CH.SI,20110327,0.28,0.28,0.27,0.28,3158000
5CH.SI,20110324,0.28,0.28,0.28,0.28,1218000
5CH.SI,20110323,0.28,0.28,0.28,0.28,2531000
5CH.SI,20110322,0.28,0.29,0.28,0.28,9511000
5CH.SI,20110321,0.28,0.28,0.28,0.28,1329000
5CH.SI,20110320,0.28,0.28,0.27,0.27,3361000
5CH.SI,20110317,0.27,0.28,0.26,0.28,6961000
5CH.SI,20110316,0.28,0.28,0.26,0.26,2349000
5CH.SI,20110315,0.28,0.28,0.27,0.28,3426000
5CH.SI,20110314,0.27,0.28,0.27,0.27,972000
5CH.SI,20110313,0.26,0.27,0.26,0.26,516000
5CH.SI,20110310,0.27,0.28,0.26,0.26,1081000
5CH.SI,20110309,0.27,0.28,0.27,0.28,3545000
5CH.SI,20110308,0.26,0.27,0.25,0.27,2557000
5CH.SI,20110307,0.27,0.27,0.26,0.26,3449000
5CH.SI,20110306,0.28,0.28,0.27,0.27,3168000
5CH.SI,20110303,0.28,0.29,0.28,0.28,1544000
5CH.SI,20110302,0.29,0.29,0.28,0.28,3673000
5CH.SI,20110301,0.30,0.31,0.29,0.29,4333000
5CH.SI,20110228,0.30,0.31,0.30,0.31,2114000
5CH.SI,20110227,0.30,0.30,0.29,0.30,3787000
5CH.SI,20110224,0.30,0.30,0.30,0.30,1854000
5CH.SI,20110223,0.31,0.31,0.29,0.31,4233000
5CH.SI,20110222,0.31,0.31,0.31,0.31,7386000
5CH.SI,20110221,0.31,0.31,0.30,0.31,1521000
5CH.SI,20110220,0.31,0.31,0.30,0.31,2972000
5CH.SI,20110217,0.31,0.31,0.31,0.31,3517000
5CH.SI,20110216,0.31,0.31,0.30,0.30,5171000
5CH.SI,20110215,0.31,0.32,0.31,0.31,6984000
5CH.SI,20110214,0.31,0.31,0.31,0.31,3686000
5CH.SI,20110213,0.31,0.31,0.31,0.31,2031000
5CH.SI,20110210,0.31,0.32,0.30,0.31,5669000
5CH.SI,20110209,0.32,0.32,0.31,0.31,14209000
5CH.SI,20110208,0.29,0.32,0.29,0.32,31947000
5CH.SI,20110207,0.29,0.29,0.29,0.29,6040000
5CH.SI,20110206,0.29,0.29,0.28,0.28,9274000
5CH.SI,20110203,0.28,0.29,0.28,0.28,5145000
5CH.SI,20110202,0.28,0.29,0.28,0.28,11676000
5CH.SI,20110201,0.28,0.28,0.28,0.28,6199000
5CH.SI,20110131,0.28,0.28,0.28,0.28,3317000
5CH.SI,20110130,0.28,0.28,0.27,0.28,4647000
5CH.SI,20110127,0.28,0.28,0.27,0.28,8588000
5CH.SI,20110126,0.28,0.28,0.27,0.28,16731000
5CH.SI,20110125,0.26,0.28,0.26,0.28,4497000
5CH.SI,20110124,0.26,0.26,0.26,0.26,000
5CH.SI,20110123,0.26,0.26,0.26,0.26,000
5CH.SI,20110120,0.26,0.26,0.26,0.26,1268000
5CH.SI,20110119,0.25,0.26,0.25,0.26,10588000
5CH.SI,20110118,0.25,0.25,0.25,0.25,2334000
5CH.SI,20110117,0.25,0.25,0.25,0.25,3048000
5CH.SI,20110116,0.24,0.25,0.24,0.25,151000
5CH.SI,20110113,0.25,0.25,0.24,0.25,1598000
5CH.SI,20110112,0.25,0.25,0.25,0.25,2735000
5CH.SI,20110111,0.24,0.25,0.24,0.25,2562000
5CH.SI,20110110,0.23,0.25,0.23,0.24,1719000
5CH.SI,20110109,0.24,0.24,0.23,0.23,209000
5CH.SI,20110106,0.23,0.24,0.23,0.24,929000
5CH.SI,20110105,0.24,0.25,0.24,0.24,1283000
5CH.SI,20110104,0.25,0.25,0.24,0.25,1263000
5CH.SI,20110103,0.24,0.25,0.23,0.24,2834000
5CH.SI,20110102,0.23,0.23,0.23,0.23,000
