E16.SI,20120604,2.21,2.21,2.21,2.21,3000
E16.SI,20120603,2.19,2.20,2.18,2.20,13000
E16.SI,20120531,2.18,2.18,2.17,2.17,6000
E16.SI,20120530,2.15,2.17,2.15,2.17,32000
E16.SI,20120529,2.20,2.21,2.20,2.21,11000
E16.SI,20120528,2.19,2.20,2.19,2.20,6000
E16.SI,20120527,2.20,2.21,2.20,2.21,16000
E16.SI,20120524,2.19,2.19,2.19,2.19,000
E16.SI,20120523,2.21,2.21,2.18,2.19,76000
E16.SI,20120522,2.22,2.24,2.18,2.24,52000
E16.SI,20120521,2.21,2.22,2.21,2.22,31000
E16.SI,20120520,2.23,2.23,2.22,2.22,8000
E16.SI,20120517,2.23,2.23,2.23,2.23,15000
E16.SI,20120516,2.20,2.25,2.20,2.25,29000
E16.SI,20120515,2.22,2.22,2.20,2.20,10000
E16.SI,20120514,2.23,2.23,2.22,2.22,26000
E16.SI,20120513,2.24,2.25,2.24,2.24,14000
E16.SI,20120510,2.24,2.25,2.24,2.24,25000
E16.SI,20120509,2.24,2.25,2.24,2.24,52000
E16.SI,20120508,2.22,2.26,2.22,2.23,63000
E16.SI,20120507,2.23,2.25,2.22,2.22,12000
E16.SI,20120506,2.20,2.25,2.20,2.25,18000
E16.SI,20120503,2.24,2.24,2.15,2.20,145000
E16.SI,20120502,2.22,2.26,2.22,2.34,70000
E16.SI,20120501,2.34,2.34,2.34,2.34,000
E16.SI,20120430,2.34,2.34,2.33,2.34,35000
E16.SI,20120429,2.31,2.34,2.31,2.32,86000
E16.SI,20120426,2.31,2.33,2.31,2.31,33000
E16.SI,20120425,2.31,2.32,2.31,2.31,120000
E16.SI,20120424,2.32,2.32,2.31,2.31,44000
E16.SI,20120423,2.29,2.31,2.29,2.31,134000
E16.SI,20120422,2.29,2.30,2.29,2.29,25000
E16.SI,20120419,2.29,2.29,2.28,2.28,111000
E16.SI,20120418,2.31,2.31,2.23,2.28,115000
E16.SI,20120417,2.32,2.32,2.32,2.32,2000
E16.SI,20120416,2.33,2.33,2.30,2.33,57000
E16.SI,20120415,2.34,2.34,2.34,2.34,10000
E16.SI,20120412,2.34,2.35,2.34,2.35,4000
E16.SI,20120411,2.35,2.36,2.35,2.35,11000
E16.SI,20120410,2.32,2.36,2.32,2.32,23000
E16.SI,20120409,2.31,2.33,2.31,2.33,8000
E16.SI,20120408,2.33,2.34,2.32,2.32,70000
E16.SI,20120405,2.38,2.38,2.34,2.34,42000
E16.SI,20120404,2.39,2.39,2.37,2.37,29000
E16.SI,20120403,2.37,2.40,2.37,2.38,28000
E16.SI,20120402,2.38,2.38,2.37,2.38,128000
E16.SI,20120401,2.39,2.39,2.39,2.39,41000
E16.SI,20120329,2.38,2.38,2.38,2.38,000
E16.SI,20120328,2.40,2.40,2.37,2.38,47000
E16.SI,20120327,2.39,2.40,2.39,2.40,101000
E16.SI,20120326,2.38,2.39,2.38,2.39,31000
E16.SI,20120325,2.40,2.40,2.36,2.38,22000
E16.SI,20120322,2.38,2.38,2.37,2.37,5000
E16.SI,20120321,2.40,2.40,2.40,2.40,33000
E16.SI,20120320,2.35,2.40,2.35,2.38,42000
E16.SI,20120319,2.36,2.39,2.35,2.39,61000
E16.SI,20120318,2.38,2.43,2.34,2.43,383000
E16.SI,20120315,2.29,2.35,2.28,2.35,145000
E16.SI,20120314,2.28,2.29,2.28,2.28,30000
E16.SI,20120313,2.28,2.29,2.27,2.27,102000
E16.SI,20120312,2.28,2.28,2.27,2.27,51000
E16.SI,20120311,2.24,2.28,2.24,2.28,115000
E16.SI,20120308,2.24,2.24,2.23,2.23,71000
E16.SI,20120307,2.22,2.22,2.21,2.22,31000
E16.SI,20120306,2.25,2.25,2.21,2.21,71000
E16.SI,20120305,2.18,2.22,2.18,2.22,108000
E16.SI,20120304,2.20,2.20,2.17,2.17,62000
E16.SI,20120301,2.25,2.25,2.18,2.20,170000
E16.SI,20120229,2.21,2.25,2.21,2.24,227000
E16.SI,20120228,2.20,2.22,2.16,2.22,343000
E16.SI,20120227,2.15,2.15,2.11,2.13,80000
E16.SI,20120226,2.14,2.15,2.12,2.13,123000
E16.SI,20120223,2.16,2.16,2.12,2.13,98000
E16.SI,20120222,2.19,2.19,2.14,2.16,90000
E16.SI,20120221,2.20,2.20,2.18,2.19,33000
E16.SI,20120220,2.22,2.22,2.22,2.22,7000
E16.SI,20120219,2.14,2.20,2.14,2.17,28000
E16.SI,20120216,2.15,2.15,2.14,2.14,52000
E16.SI,20120215,2.17,2.17,2.15,2.15,55000
E16.SI,20120214,2.17,2.19,2.14,2.17,39000
E16.SI,20120213,2.15,2.15,2.15,2.15,000
E16.SI,20120212,2.15,2.15,2.15,2.15,000
E16.SI,20120209,2.16,2.17,2.14,2.15,94000
E16.SI,20120208,2.20,2.20,2.12,2.12,156000
E16.SI,20120207,2.22,2.22,2.20,2.20,101000
E16.SI,20120206,2.22,2.26,2.21,2.22,156000
E16.SI,20120205,2.23,2.27,2.21,2.22,67000
E16.SI,20120202,2.23,2.23,2.20,2.21,172000
E16.SI,20120201,2.30,2.30,2.23,2.25,98000
E16.SI,20120131,2.28,2.32,2.20,2.25,262000
E16.SI,20120130,2.12,2.28,2.12,2.24,164000
E16.SI,20120129,2.09,2.11,2.09,2.11,34000
E16.SI,20120126,2.08,2.10,2.08,2.10,8000
E16.SI,20120125,2.10,2.11,2.05,2.05,155000
E16.SI,20120124,2.08,2.08,2.07,2.07,41000
E16.SI,20120123,2.09,2.09,2.08,2.08,31000
E16.SI,20120122,2.09,2.10,2.09,2.09,83000
E16.SI,20120119,2.09,2.10,2.08,2.09,149000
E16.SI,20120118,2.10,2.10,2.10,2.10,62000
E16.SI,20120117,2.09,2.10,2.08,2.10,33000
E16.SI,20120116,2.11,2.11,2.07,2.10,129000
E16.SI,20120115,2.08,2.10,2.07,2.09,104000
E16.SI,20120112,2.11,2.12,2.09,2.10,78000
E16.SI,20120111,2.10,2.13,2.08,2.10,256000
E16.SI,20120110,2.13,2.13,2.07,2.10,160000
E16.SI,20120109,2.13,2.13,2.09,2.10,169000
E16.SI,20120108,2.11,2.14,2.11,2.13,309000
E16.SI,20120105,2.10,2.12,2.10,2.10,88000
E16.SI,20120104,2.12,2.14,2.12,2.14,84000
E16.SI,20120103,2.08,2.10,2.08,2.10,83000
E16.SI,20120102,2.06,2.06,2.06,2.06,000
E16.SI,20120101,2.07,2.10,2.05,2.06,34000
E16.SI,20111229,2.10,2.10,2.09,2.09,85000
E16.SI,20111228,2.08,2.12,2.08,2.10,75000
E16.SI,20111227,2.09,2.09,2.09,2.09,8000
E16.SI,20111226,2.07,2.07,2.07,2.07,000
E16.SI,20111225,2.07,2.07,2.07,2.07,11000
E16.SI,20111222,2.04,2.07,2.04,2.07,42000
E16.SI,20111221,2.04,2.04,2.04,2.04,4000
E16.SI,20111220,2.05,2.05,2.04,2.04,105000
E16.SI,20111219,2.05,2.05,2.04,2.05,7000
E16.SI,20111218,2.05,2.05,2.03,2.04,60000
E16.SI,20111215,2.05,2.05,2.04,2.04,84000
E16.SI,20111214,2.05,2.06,2.03,2.05,98000
E16.SI,20111213,2.04,2.04,2.04,2.04,18000
E16.SI,20111212,2.04,2.05,2.04,2.04,31000
E16.SI,20111211,2.04,2.06,2.03,2.03,79000
E16.SI,20111208,2.04,2.05,2.04,2.04,129000
E16.SI,20111207,2.04,2.05,2.04,2.04,34000
E16.SI,20111206,2.04,2.05,2.04,2.04,34000
E16.SI,20111205,2.04,2.04,2.04,2.04,16000
E16.SI,20111204,2.05,2.05,2.04,2.04,41000
E16.SI,20111201,2.05,2.05,2.04,2.05,44000
E16.SI,20111130,2.04,2.05,2.04,2.04,73000
E16.SI,20111129,2.03,2.04,2.03,2.03,9000
E16.SI,20111128,2.04,2.04,2.03,2.04,8000
E16.SI,20111127,2.05,2.05,2.04,2.04,53000
E16.SI,20111124,2.05,2.05,2.04,2.04,22000
E16.SI,20111123,2.06,2.06,2.04,2.04,24000
E16.SI,20111122,2.05,2.05,2.05,2.05,20000
E16.SI,20111121,2.04,2.09,2.04,2.04,43000
E16.SI,20111120,1.99,2.04,1.99,2.04,5000
E16.SI,20111117,2.05,2.06,2.04,2.04,76000
E16.SI,20111116,2.01,2.06,2.01,2.05,39000
E16.SI,20111115,2.08,2.09,2.08,2.09,28000
E16.SI,20111114,2.09,2.09,2.09,2.09,000
E16.SI,20111113,2.16,2.16,2.08,2.09,148000
E16.SI,20111110,2.19,2.19,2.18,2.18,16000
E16.SI,20111109,2.19,2.19,2.18,2.19,52000
E16.SI,20111108,2.18,2.18,2.18,2.18,000
E16.SI,20111107,2.20,2.20,2.17,2.18,10000
E16.SI,20111106,2.20,2.20,2.20,2.20,28000
E16.SI,20111103,2.24,2.24,2.21,2.21,35000
E16.SI,20111102,2.24,2.24,2.19,2.20,89000
E16.SI,20111101,2.22,2.22,2.21,2.21,4000
E16.SI,20111031,2.24,2.24,2.22,2.22,21000
E16.SI,20111030,2.22,2.23,2.22,2.23,13000
E16.SI,20111027,2.25,2.25,2.25,2.25,000
E16.SI,20111026,2.25,2.25,2.23,2.25,82000
E16.SI,20111025,2.25,2.25,2.25,2.25,31000
E16.SI,20111024,2.26,2.26,2.25,2.25,33000
E16.SI,20111023,2.28,2.28,2.27,2.27,16000
E16.SI,20111020,2.26,2.28,2.26,2.28,41000
E16.SI,20111019,2.25,2.29,2.25,2.28,27000
E16.SI,20111018,2.29,2.29,2.27,2.27,116000
E16.SI,20111017,2.29,2.30,2.29,2.30,32000
E16.SI,20111016,2.33,2.33,2.29,2.29,6000
E16.SI,20111013,2.29,2.30,2.29,2.29,49000
E16.SI,20111012,2.30,2.30,2.27,2.29,27000
E16.SI,20111011,2.30,2.30,2.30,2.30,11000
E16.SI,20111010,2.32,2.32,2.30,2.30,36000
E16.SI,20111009,2.32,2.32,2.32,2.32,46000
E16.SI,20111006,2.32,2.33,2.32,2.32,132000
E16.SI,20111005,2.32,2.34,2.32,2.33,91000
E16.SI,20111004,2.32,2.33,2.31,2.32,38000
E16.SI,20111003,2.32,2.32,2.32,2.32,11000
E16.SI,20111002,2.32,2.33,2.32,2.32,16000
E16.SI,20110929,2.32,2.32,2.32,2.32,17000
E16.SI,20110928,2.32,2.33,2.31,2.31,23000
E16.SI,20110927,2.32,2.32,2.32,2.32,31000
E16.SI,20110926,2.33,2.33,2.32,2.32,25000
E16.SI,20110925,2.33,2.33,2.32,2.32,36000
E16.SI,20110922,2.35,2.35,2.32,2.32,48000
E16.SI,20110921,2.33,2.33,2.32,2.32,4000
E16.SI,20110920,2.34,2.35,2.33,2.33,19000
E16.SI,20110919,2.33,2.33,2.32,2.32,13000
E16.SI,20110918,2.35,2.35,2.31,2.32,61000
E16.SI,20110915,2.35,2.35,2.33,2.33,34000
E16.SI,20110914,2.34,2.34,2.31,2.32,51000
E16.SI,20110913,2.34,2.34,2.33,2.33,24000
E16.SI,20110912,2.33,2.33,2.30,2.32,28000
E16.SI,20110911,2.31,2.34,2.31,2.31,32000
E16.SI,20110908,2.32,2.34,2.30,2.30,66000
E16.SI,20110907,2.31,2.31,2.31,2.31,000
E16.SI,20110906,2.31,2.32,2.31,2.31,11000
E16.SI,20110905,2.31,2.33,2.31,2.31,43000
E16.SI,20110904,2.35,2.35,2.31,2.31,8000
E16.SI,20110901,2.30,2.35,2.30,2.31,31000
E16.SI,20110831,2.31,2.31,2.31,2.31,1000
E16.SI,20110830,2.34,2.37,2.34,2.35,21000
E16.SI,20110829,2.42,2.42,2.37,2.37,82000
E16.SI,20110828,2.48,2.48,2.43,2.43,26000
E16.SI,20110825,2.48,2.48,2.48,2.48,9000
E16.SI,20110824,2.48,2.48,2.47,2.48,38000
E16.SI,20110823,2.50,2.50,2.48,2.48,19000
E16.SI,20110822,2.53,2.53,2.51,2.51,28000
E16.SI,20110821,2.51,2.51,2.51,2.51,000
E16.SI,20110818,2.52,2.52,2.51,2.51,68000
E16.SI,20110817,2.60,2.61,2.59,2.61,80000
E16.SI,20110816,2.60,2.61,2.59,2.60,54000
E16.SI,20110815,2.61,2.62,2.59,2.62,37000
E16.SI,20110814,2.60,2.62,2.59,2.59,81000
E16.SI,20110811,2.60,2.60,2.60,2.60,62000
E16.SI,20110810,2.62,2.62,2.62,2.62,000
E16.SI,20110809,2.60,2.63,2.60,2.62,26000
E16.SI,20110808,2.62,2.63,2.59,2.59,75000
E16.SI,20110807,2.63,2.63,2.60,2.60,73000
E16.SI,20110804,2.62,2.62,2.60,2.62,107000
E16.SI,20110803,2.60,2.64,2.60,2.60,124000
E16.SI,20110802,2.60,2.60,2.59,2.59,5000
E16.SI,20110801,2.59,2.60,2.59,2.60,20000
E16.SI,20110731,2.68,2.68,2.60,2.62,27000
E16.SI,20110728,2.59,2.59,2.59,2.59,8000
E16.SI,20110727,2.60,2.60,2.59,2.60,22000
E16.SI,20110726,2.61,2.61,2.60,2.60,18000
E16.SI,20110725,2.64,2.65,2.60,2.60,44000
E16.SI,20110724,2.63,2.63,2.61,2.61,42000
E16.SI,20110721,2.67,2.68,2.62,2.63,39000
E16.SI,20110720,2.65,2.67,2.65,2.67,6000
E16.SI,20110719,2.65,2.65,2.64,2.64,10000
E16.SI,20110718,2.63,2.63,2.63,2.63,22000
E16.SI,20110717,2.63,2.64,2.63,2.64,6000
E16.SI,20110714,2.62,2.62,2.62,2.62,000
E16.SI,20110713,2.67,2.67,2.62,2.62,51000
E16.SI,20110712,2.63,2.65,2.62,2.62,15000
E16.SI,20110711,2.67,2.67,2.67,2.67,000
E16.SI,20110710,2.65,2.67,2.64,2.67,11000
E16.SI,20110707,2.63,2.63,2.63,2.63,000
E16.SI,20110706,2.64,2.64,2.62,2.63,23000
E16.SI,20110705,2.65,2.67,2.64,2.64,15000
E16.SI,20110704,2.68,2.68,2.64,2.65,66000
E16.SI,20110703,2.69,2.70,2.69,2.70,27000
E16.SI,20110630,2.68,2.68,2.65,2.65,11000
E16.SI,20110629,2.65,2.65,2.65,2.65,000
E16.SI,20110628,2.65,2.65,2.65,2.65,2000
E16.SI,20110627,2.68,2.68,2.68,2.68,000
E16.SI,20110626,2.68,2.68,2.68,2.68,000
E16.SI,20110623,2.69,2.69,2.68,2.68,41000
E16.SI,20110622,2.68,2.69,2.68,2.69,3000
E16.SI,20110621,2.68,2.68,2.68,2.68,10000
E16.SI,20110620,2.71,2.71,2.71,2.71,000
E16.SI,20110619,2.71,2.71,2.70,2.71,14000
E16.SI,20110616,2.70,2.70,2.70,2.70,7000
E16.SI,20110615,2.70,2.70,2.70,2.70,000
E16.SI,20110614,2.65,2.70,2.65,2.70,4000
E16.SI,20110613,2.65,2.65,2.63,2.65,14000
E16.SI,20110612,2.65,2.65,2.65,2.65,4000
E16.SI,20110609,2.64,2.64,2.64,2.64,000
E16.SI,20110608,2.64,2.64,2.64,2.64,000
E16.SI,20110607,2.64,2.64,2.64,2.64,000
E16.SI,20110606,2.64,2.64,2.64,2.64,000
E16.SI,20110605,2.65,2.65,2.64,2.64,18000
E16.SI,20110602,2.64,2.64,2.64,2.64,000
E16.SI,20110601,2.68,2.72,2.64,2.64,16000
E16.SI,20110531,2.71,2.72,2.71,2.72,33000
E16.SI,20110530,2.71,2.71,2.71,2.71,000
E16.SI,20110529,2.71,2.71,2.71,2.71,5000
E16.SI,20110526,2.71,2.71,2.71,2.71,000
E16.SI,20110525,2.71,2.71,2.70,2.71,47000
E16.SI,20110524,2.66,2.66,2.66,2.66,3000
E16.SI,20110523,2.71,2.71,2.71,2.71,10000
E16.SI,20110522,2.64,2.71,2.64,2.71,11000
E16.SI,20110519,2.65,2.65,2.65,2.65,3000
E16.SI,20110518,2.65,2.66,2.65,2.66,23000
E16.SI,20110517,2.73,2.73,2.67,2.67,32000
E16.SI,20110516,2.69,2.71,2.69,2.71,17000
E16.SI,20110515,2.71,2.71,2.68,2.69,81000
E16.SI,20110512,2.72,2.72,2.70,2.71,29000
E16.SI,20110511,2.63,2.71,2.60,2.71,35000
E16.SI,20110510,2.71,2.73,2.68,2.73,49000
E16.SI,20110509,2.81,2.82,2.80,2.81,108000
E16.SI,20110508,2.78,2.83,2.78,2.80,73000
E16.SI,20110505,2.80,2.81,2.80,2.80,75000
E16.SI,20110504,2.82,2.82,2.80,2.80,28000
E16.SI,20110503,2.83,2.83,2.81,2.83,14000
E16.SI,20110502,2.83,2.83,2.83,2.83,000
E16.SI,20110501,2.83,2.85,2.83,2.85,10000
E16.SI,20110428,2.81,2.81,2.80,2.80,41000
E16.SI,20110427,2.81,2.81,2.81,2.81,15000
E16.SI,20110426,2.80,2.81,2.80,2.81,14000
E16.SI,20110425,2.78,2.78,2.78,2.78,3000
E16.SI,20110424,2.77,2.77,2.77,2.77,3000
E16.SI,20110421,2.79,2.81,2.79,2.81,11000
E16.SI,20110420,2.76,2.78,2.76,2.78,9000
E16.SI,20110419,2.73,2.75,2.73,2.75,7000
E16.SI,20110418,2.55,2.71,2.55,2.71,2000
E16.SI,20110417,2.71,2.71,2.71,2.71,4000
E16.SI,20110414,2.74,2.75,2.71,2.71,18000
E16.SI,20110413,2.68,2.70,2.68,2.68,7000
E16.SI,20110412,2.68,2.68,2.68,2.68,2000
E16.SI,20110411,2.69,2.69,2.69,2.69,7000
E16.SI,20110410,2.73,2.73,2.70,2.71,7000
E16.SI,20110407,2.73,2.73,2.73,2.73,000
E16.SI,20110406,2.74,2.74,2.70,2.73,13000
E16.SI,20110405,2.74,2.74,2.74,2.74,3000
E16.SI,20110404,2.75,2.75,2.73,2.74,84000
E16.SI,20110403,2.75,2.75,2.73,2.74,31000
E16.SI,20110331,2.79,2.79,2.75,2.75,11000
E16.SI,20110330,2.79,2.79,2.77,2.77,25000
E16.SI,20110329,2.80,2.80,2.78,2.78,24000
E16.SI,20110328,2.80,2.82,2.79,2.80,36000
E16.SI,20110327,2.80,2.80,2.79,2.80,45000
E16.SI,20110324,2.74,2.76,2.74,2.75,11000
E16.SI,20110323,2.76,2.76,2.76,2.76,000
E16.SI,20110322,2.78,2.78,2.76,2.76,6000
E16.SI,20110321,2.75,2.75,2.73,2.75,16000
E16.SI,20110320,2.75,2.79,2.75,2.75,80000
E16.SI,20110317,2.75,2.75,2.75,2.75,41000
E16.SI,20110316,2.74,2.74,2.74,2.74,5000
E16.SI,20110315,2.75,2.75,2.73,2.73,4000
E16.SI,20110314,2.70,2.70,2.69,2.70,24000
E16.SI,20110313,2.70,2.70,2.70,2.70,000
E16.SI,20110310,2.70,2.70,2.69,2.70,50000
E16.SI,20110309,2.66,2.72,2.66,2.70,50000
E16.SI,20110308,2.64,2.68,2.63,2.63,37000
E16.SI,20110307,2.70,2.70,2.66,2.66,41000
E16.SI,20110306,2.59,2.72,2.59,2.69,78000
E16.SI,20110303,2.56,2.58,2.55,2.55,26000
E16.SI,20110302,2.55,2.55,2.54,2.54,3000
E16.SI,20110301,2.50,2.57,2.48,2.53,361000
E16.SI,20110228,2.66,2.66,2.50,2.50,104000
E16.SI,20110227,2.71,2.71,2.60,2.66,70000
E16.SI,20110224,2.75,2.75,2.65,2.70,33000
E16.SI,20110223,2.79,2.81,2.76,2.76,13000
E16.SI,20110222,2.80,2.81,2.79,2.81,24000
E16.SI,20110221,2.77,2.83,2.76,2.83,22000
E16.SI,20110220,2.77,2.77,2.77,2.77,9000
E16.SI,20110217,2.74,2.77,2.74,2.75,38000
E16.SI,20110216,2.71,2.72,2.71,2.72,22000
E16.SI,20110215,2.73,2.75,2.68,2.72,54000
E16.SI,20110214,2.74,2.76,2.72,2.72,12000
E16.SI,20110213,2.74,2.74,2.70,2.70,8000
E16.SI,20110210,2.77,2.77,2.72,2.72,31000
E16.SI,20110209,2.71,2.72,2.68,2.69,63000
E16.SI,20110208,2.71,2.75,2.70,2.75,9000
E16.SI,20110207,2.70,2.75,2.70,2.75,4000
E16.SI,20110206,2.70,2.70,2.70,2.70,2000
E16.SI,20110203,2.59,2.66,2.59,2.65,5000
E16.SI,20110202,2.62,2.68,2.62,2.63,34000
E16.SI,20110201,2.64,2.67,2.64,2.64,28000
E16.SI,20110131,2.60,2.64,2.60,2.64,3000
E16.SI,20110130,2.60,2.62,2.60,2.61,25000
E16.SI,20110127,2.61,2.65,2.61,2.65,17000
E16.SI,20110126,2.60,2.66,2.60,2.64,38000
E16.SI,20110125,2.59,2.64,2.59,2.59,25000
E16.SI,20110124,2.62,2.62,2.62,2.62,000
E16.SI,20110123,2.62,2.62,2.62,2.62,000
E16.SI,20110120,2.55,2.62,2.55,2.62,5000
E16.SI,20110119,2.55,2.60,2.55,2.58,13000
E16.SI,20110118,2.55,2.60,2.54,2.57,25000
E16.SI,20110117,2.49,2.61,2.49,2.61,12000
E16.SI,20110116,2.46,2.56,2.46,2.56,4000
E16.SI,20110113,2.47,2.57,2.47,2.56,7000
E16.SI,20110112,2.56,2.56,2.56,2.56,4000
E16.SI,20110111,2.51,2.61,2.51,2.56,15000
E16.SI,20110110,2.43,2.55,2.43,2.51,11000
E16.SI,20110109,2.42,2.47,2.42,2.46,7000
E16.SI,20110106,2.41,2.42,2.41,2.42,8000
E16.SI,20110105,2.40,2.40,2.40,2.40,1000
E16.SI,20110104,2.37,2.37,2.36,2.36,8000
E16.SI,20110103,2.33,2.33,2.33,2.33,8000
E16.SI,20110102,2.30,2.30,2.30,2.30,000
