ND8U.SI,20120604,1.42,1.49,1.42,1.49,4392000
ND8U.SI,20120603,1.41,1.43,1.40,1.42,766000
ND8U.SI,20120531,1.42,1.44,1.41,1.42,2070000
ND8U.SI,20120530,1.47,1.47,1.40,1.43,6704000
ND8U.SI,20120529,1.51,1.52,1.47,1.48,1661000
ND8U.SI,20120528,1.47,1.51,1.47,1.50,1142000
ND8U.SI,20120527,1.49,1.51,1.47,1.47,2087000
ND8U.SI,20120524,1.49,1.49,1.49,1.49,000
ND8U.SI,20120523,1.59,1.59,1.42,1.49,5378000
ND8U.SI,20120522,1.58,1.59,1.58,1.59,720000
ND8U.SI,20120521,1.59,1.59,1.58,1.58,489000
ND8U.SI,20120520,1.58,1.60,1.57,1.59,895000
ND8U.SI,20120517,1.57,1.59,1.56,1.58,907000
ND8U.SI,20120516,1.56,1.60,1.56,1.57,1621000
ND8U.SI,20120515,1.54,1.58,1.54,1.58,1513000
ND8U.SI,20120514,1.53,1.55,1.53,1.53,1962000
ND8U.SI,20120513,1.53,1.54,1.53,1.53,1142000
ND8U.SI,20120510,1.56,1.56,1.53,1.53,383000
ND8U.SI,20120509,1.55,1.57,1.54,1.55,954000
ND8U.SI,20120508,1.55,1.56,1.53,1.55,1158000
ND8U.SI,20120507,1.54,1.57,1.54,1.54,2436000
ND8U.SI,20120506,1.53,1.54,1.52,1.53,1259000
ND8U.SI,20120503,1.54,1.55,1.54,1.55,3009000
ND8U.SI,20120502,1.57,1.57,1.54,1.56,2363000
ND8U.SI,20120501,1.56,1.56,1.56,1.56,000
ND8U.SI,20120430,1.53,1.56,1.53,1.56,2665000
ND8U.SI,20120429,1.51,1.53,1.51,1.53,2616000
ND8U.SI,20120426,1.50,1.50,1.49,1.50,913000
ND8U.SI,20120425,1.50,1.50,1.49,1.49,979000
ND8U.SI,20120424,1.49,1.50,1.49,1.49,1677000
ND8U.SI,20120423,1.49,1.50,1.48,1.48,881000
ND8U.SI,20120422,1.50,1.50,1.48,1.49,992000
ND8U.SI,20120419,1.47,1.49,1.47,1.49,1173000
ND8U.SI,20120418,1.49,1.49,1.48,1.48,661000
ND8U.SI,20120417,1.49,1.50,1.47,1.48,933000
ND8U.SI,20120416,1.48,1.48,1.46,1.47,1474000
ND8U.SI,20120415,1.50,1.50,1.47,1.48,2071000
ND8U.SI,20120412,1.50,1.50,1.49,1.50,1205000
ND8U.SI,20120411,1.52,1.52,1.48,1.50,2092000
ND8U.SI,20120410,1.46,1.54,1.46,1.52,6092000
ND8U.SI,20120409,1.45,1.47,1.45,1.46,786000
ND8U.SI,20120408,1.46,1.47,1.46,1.46,1157000
ND8U.SI,20120405,1.47,1.48,1.46,1.47,1103000
ND8U.SI,20120404,1.46,1.47,1.46,1.47,312000
ND8U.SI,20120403,1.45,1.49,1.45,1.48,4151000
ND8U.SI,20120402,1.41,1.45,1.41,1.45,2723000
ND8U.SI,20120401,1.41,1.42,1.40,1.41,874000
ND8U.SI,20120329,1.41,1.41,1.41,1.41,000
ND8U.SI,20120328,1.40,1.41,1.39,1.41,919000
ND8U.SI,20120327,1.40,1.41,1.39,1.40,807000
ND8U.SI,20120326,1.38,1.40,1.38,1.40,832000
ND8U.SI,20120325,1.38,1.39,1.38,1.38,589000
ND8U.SI,20120322,1.38,1.39,1.38,1.39,667000
ND8U.SI,20120321,1.37,1.38,1.37,1.38,1219000
ND8U.SI,20120320,1.38,1.38,1.38,1.38,742000
ND8U.SI,20120319,1.37,1.38,1.37,1.38,2368000
ND8U.SI,20120318,1.37,1.37,1.36,1.37,1008000
ND8U.SI,20120315,1.36,1.37,1.35,1.36,1480000
ND8U.SI,20120314,1.36,1.36,1.35,1.36,846000
ND8U.SI,20120313,1.36,1.36,1.35,1.36,717000
ND8U.SI,20120312,1.35,1.37,1.35,1.35,1888000
ND8U.SI,20120311,1.35,1.35,1.34,1.35,1548000
ND8U.SI,20120308,1.32,1.35,1.32,1.35,2658000
ND8U.SI,20120307,1.31,1.33,1.31,1.32,1511000
ND8U.SI,20120306,1.30,1.32,1.30,1.31,2486000
ND8U.SI,20120305,1.29,1.32,1.26,1.29,1642000
ND8U.SI,20120304,1.32,1.32,1.28,1.28,1978000
ND8U.SI,20120301,1.32,1.32,1.30,1.30,607000
ND8U.SI,20120229,1.32,1.33,1.31,1.32,762000
ND8U.SI,20120228,1.30,1.32,1.30,1.32,433000
ND8U.SI,20120227,1.31,1.32,1.31,1.31,686000
ND8U.SI,20120226,1.31,1.32,1.30,1.31,509000
ND8U.SI,20120223,1.32,1.33,1.31,1.32,607000
ND8U.SI,20120222,1.33,1.33,1.31,1.31,1440000
ND8U.SI,20120221,1.31,1.33,1.31,1.33,1237000
ND8U.SI,20120220,1.30,1.32,1.30,1.31,906000
ND8U.SI,20120219,1.32,1.32,1.30,1.30,1967000
ND8U.SI,20120216,1.32,1.33,1.29,1.30,2821000
ND8U.SI,20120215,1.33,1.33,1.32,1.32,807000
ND8U.SI,20120214,1.33,1.33,1.32,1.32,662000
ND8U.SI,20120213,1.32,1.32,1.32,1.32,000
ND8U.SI,20120212,1.32,1.32,1.32,1.32,000
ND8U.SI,20120209,1.32,1.33,1.30,1.32,759000
ND8U.SI,20120208,1.34,1.34,1.32,1.32,726000
ND8U.SI,20120207,1.32,1.34,1.32,1.33,2041000
ND8U.SI,20120206,1.34,1.34,1.32,1.33,929000
ND8U.SI,20120205,1.33,1.34,1.33,1.34,803000
ND8U.SI,20120202,1.33,1.34,1.32,1.33,1489000
ND8U.SI,20120201,1.35,1.35,1.32,1.34,1099000
ND8U.SI,20120131,1.36,1.36,1.35,1.35,1042000
ND8U.SI,20120130,1.36,1.37,1.36,1.36,1430000
ND8U.SI,20120129,1.36,1.37,1.36,1.37,1759000
ND8U.SI,20120126,1.36,1.37,1.35,1.37,731000
ND8U.SI,20120125,1.35,1.35,1.34,1.35,755000
ND8U.SI,20120124,1.33,1.35,1.33,1.35,630000
ND8U.SI,20120123,1.35,1.35,1.33,1.33,1006000
ND8U.SI,20120122,1.34,1.35,1.33,1.35,285000
ND8U.SI,20120119,1.34,1.35,1.33,1.34,712000
ND8U.SI,20120118,1.32,1.34,1.31,1.34,582000
ND8U.SI,20120117,1.31,1.32,1.31,1.31,473000
ND8U.SI,20120116,1.34,1.34,1.31,1.32,863000
ND8U.SI,20120115,1.32,1.33,1.32,1.33,774000
ND8U.SI,20120112,1.32,1.33,1.32,1.33,462000
ND8U.SI,20120111,1.31,1.32,1.30,1.32,1521000
ND8U.SI,20120110,1.32,1.32,1.30,1.31,1525000
ND8U.SI,20120109,1.32,1.33,1.30,1.32,899000
ND8U.SI,20120108,1.31,1.33,1.30,1.33,813000
ND8U.SI,20120105,1.33,1.33,1.30,1.30,814000
ND8U.SI,20120104,1.33,1.33,1.30,1.30,1033000
ND8U.SI,20120103,1.32,1.34,1.32,1.32,1578000
ND8U.SI,20120102,1.32,1.32,1.32,1.32,000
ND8U.SI,20120101,1.30,1.33,1.29,1.32,615000
ND8U.SI,20111229,1.29,1.31,1.29,1.30,1438000
ND8U.SI,20111228,1.27,1.29,1.27,1.29,617000
ND8U.SI,20111227,1.25,1.28,1.25,1.27,773000
ND8U.SI,20111226,1.26,1.26,1.26,1.26,000
ND8U.SI,20111225,1.25,1.26,1.25,1.26,105000
ND8U.SI,20111222,1.25,1.26,1.25,1.25,1441000
ND8U.SI,20111221,1.25,1.26,1.25,1.25,842000
ND8U.SI,20111220,1.25,1.25,1.24,1.25,695000
ND8U.SI,20111219,1.25,1.25,1.24,1.25,656000
ND8U.SI,20111218,1.25,1.25,1.24,1.24,445000
ND8U.SI,20111215,1.25,1.25,1.24,1.25,516000
ND8U.SI,20111214,1.24,1.25,1.24,1.24,1522000
ND8U.SI,20111213,1.24,1.24,1.23,1.24,768000
ND8U.SI,20111212,1.23,1.24,1.23,1.23,1336000
ND8U.SI,20111211,1.24,1.24,1.23,1.23,585000
ND8U.SI,20111208,1.23,1.24,1.23,1.24,682000
ND8U.SI,20111207,1.24,1.25,1.23,1.24,2712000
ND8U.SI,20111206,1.24,1.24,1.23,1.23,655000
ND8U.SI,20111205,1.24,1.25,1.23,1.24,826000
ND8U.SI,20111204,1.25,1.25,1.24,1.25,201000
ND8U.SI,20111201,1.26,1.26,1.25,1.25,393000
ND8U.SI,20111130,1.25,1.26,1.24,1.26,851000
ND8U.SI,20111129,1.24,1.25,1.22,1.24,422000
ND8U.SI,20111128,1.24,1.24,1.22,1.24,429000
ND8U.SI,20111127,1.24,1.25,1.24,1.25,507000
ND8U.SI,20111124,1.23,1.24,1.22,1.24,413000
ND8U.SI,20111123,1.23,1.24,1.23,1.23,764000
ND8U.SI,20111122,1.24,1.24,1.23,1.24,589000
ND8U.SI,20111121,1.24,1.24,1.23,1.24,671000
ND8U.SI,20111120,1.22,1.23,1.22,1.23,428000
ND8U.SI,20111117,1.18,1.22,1.18,1.22,943000
ND8U.SI,20111116,1.21,1.22,1.19,1.20,629000
ND8U.SI,20111115,1.24,1.24,1.21,1.21,353000
ND8U.SI,20111114,1.24,1.24,1.24,1.24,000
ND8U.SI,20111113,1.24,1.25,1.22,1.24,622000
ND8U.SI,20111110,1.24,1.25,1.23,1.24,634000
ND8U.SI,20111109,1.24,1.25,1.23,1.25,1850000
ND8U.SI,20111108,1.23,1.25,1.22,1.24,861000
ND8U.SI,20111107,1.24,1.25,1.23,1.23,971000
ND8U.SI,20111106,1.24,1.24,1.23,1.24,1005000
ND8U.SI,20111103,1.24,1.25,1.23,1.24,1829000
ND8U.SI,20111102,1.21,1.25,1.21,1.22,5238000
ND8U.SI,20111101,1.22,1.25,1.22,1.25,4285000
ND8U.SI,20111031,1.23,1.23,1.22,1.22,1942000
ND8U.SI,20111030,1.21,1.24,1.20,1.24,2645000
ND8U.SI,20111027,1.20,1.20,1.20,1.20,000
ND8U.SI,20111026,1.18,1.20,1.18,1.20,733000
ND8U.SI,20111025,1.17,1.18,1.16,1.18,1374000
ND8U.SI,20111024,1.19,1.20,1.13,1.17,1107000
ND8U.SI,20111023,1.18,1.19,1.18,1.18,224000
ND8U.SI,20111020,1.20,1.20,1.18,1.18,716000
ND8U.SI,20111019,1.20,1.20,1.19,1.20,1976000
ND8U.SI,20111018,1.20,1.20,1.19,1.20,367000
ND8U.SI,20111017,1.18,1.20,1.18,1.19,975000
ND8U.SI,20111016,1.18,1.18,1.18,1.18,297000
ND8U.SI,20111013,1.17,1.20,1.17,1.18,1677000
ND8U.SI,20111012,1.18,1.18,1.17,1.17,598000
ND8U.SI,20111011,1.16,1.19,1.16,1.18,2221000
ND8U.SI,20111010,1.16,1.17,1.16,1.16,1235000
ND8U.SI,20111009,1.17,1.17,1.15,1.15,1437000
ND8U.SI,20111006,1.16,1.17,1.15,1.17,2730000
ND8U.SI,20111005,1.16,1.16,1.15,1.15,1751000
ND8U.SI,20111004,1.16,1.17,1.15,1.15,1471000
ND8U.SI,20111003,1.17,1.17,1.16,1.16,1343000
ND8U.SI,20111002,1.17,1.17,1.16,1.16,418000
ND8U.SI,20110929,1.17,1.18,1.16,1.17,653000
ND8U.SI,20110928,1.16,1.17,1.16,1.16,645000
ND8U.SI,20110927,1.17,1.17,1.16,1.17,563000
ND8U.SI,20110926,1.16,1.17,1.16,1.17,380000
ND8U.SI,20110925,1.16,1.17,1.16,1.17,568000
ND8U.SI,20110922,1.15,1.16,1.15,1.16,709000
ND8U.SI,20110921,1.15,1.16,1.15,1.15,855000
ND8U.SI,20110920,1.15,1.17,1.14,1.16,819000
ND8U.SI,20110919,1.16,1.16,1.15,1.15,704000
ND8U.SI,20110918,1.16,1.16,1.16,1.16,743000
ND8U.SI,20110915,1.16,1.17,1.15,1.16,564000
ND8U.SI,20110914,1.17,1.17,1.15,1.15,627000
ND8U.SI,20110913,1.16,1.17,1.16,1.16,1130000
ND8U.SI,20110912,1.17,1.17,1.16,1.17,1795000
ND8U.SI,20110911,1.17,1.17,1.17,1.17,554000
ND8U.SI,20110908,1.18,1.18,1.16,1.18,1618000
ND8U.SI,20110907,1.13,1.18,1.13,1.17,3826000
ND8U.SI,20110906,1.12,1.13,1.12,1.13,618000
ND8U.SI,20110905,1.12,1.12,1.12,1.12,507000
ND8U.SI,20110904,1.11,1.12,1.11,1.12,343000
ND8U.SI,20110901,1.11,1.12,1.11,1.12,386000
ND8U.SI,20110831,1.11,1.12,1.11,1.12,350000
ND8U.SI,20110830,1.11,1.11,1.11,1.11,449000
ND8U.SI,20110829,1.12,1.12,1.11,1.11,139000
ND8U.SI,20110828,1.11,1.12,1.11,1.12,310000
ND8U.SI,20110825,1.11,1.12,1.11,1.11,489000
ND8U.SI,20110824,1.11,1.12,1.11,1.12,922000
ND8U.SI,20110823,1.11,1.11,1.09,1.11,675000
ND8U.SI,20110822,1.09,1.11,1.08,1.11,944000
ND8U.SI,20110821,1.10,1.10,1.10,1.10,000
ND8U.SI,20110818,1.10,1.11,1.09,1.10,697000
ND8U.SI,20110817,1.11,1.11,1.09,1.09,579000
ND8U.SI,20110816,1.10,1.11,1.10,1.10,220000
ND8U.SI,20110815,1.11,1.11,1.10,1.10,701000
ND8U.SI,20110814,1.11,1.11,1.09,1.11,362000
ND8U.SI,20110811,1.11,1.11,1.11,1.11,434000
ND8U.SI,20110810,1.11,1.11,1.11,1.11,000
ND8U.SI,20110809,1.11,1.11,1.10,1.11,913000
ND8U.SI,20110808,1.10,1.11,1.10,1.10,1028000
ND8U.SI,20110807,1.10,1.11,1.10,1.10,737000
ND8U.SI,20110804,1.10,1.10,1.09,1.10,755000
ND8U.SI,20110803,1.11,1.11,1.10,1.11,501000
ND8U.SI,20110802,1.09,1.11,1.09,1.10,629000
ND8U.SI,20110801,1.11,1.11,1.09,1.09,579000
ND8U.SI,20110731,1.11,1.11,1.10,1.11,332000
ND8U.SI,20110728,1.10,1.11,1.10,1.10,2035000
ND8U.SI,20110727,1.08,1.10,1.08,1.10,2316000
ND8U.SI,20110726,1.02,1.08,1.02,1.08,1335000
ND8U.SI,20110725,1.02,1.03,1.01,1.03,886000
ND8U.SI,20110724,1.07,1.07,1.03,1.03,978000
ND8U.SI,20110721,1.08,1.09,1.07,1.07,728000
ND8U.SI,20110720,1.09,1.09,1.07,1.08,1170000
ND8U.SI,20110719,1.09,1.09,1.08,1.09,559000
ND8U.SI,20110718,1.10,1.10,1.09,1.09,463000
ND8U.SI,20110717,1.11,1.11,1.09,1.10,748000
ND8U.SI,20110714,1.10,1.11,1.09,1.11,1638000
ND8U.SI,20110713,1.08,1.10,1.07,1.09,1708000
ND8U.SI,20110712,1.04,1.08,1.04,1.08,1446000
ND8U.SI,20110711,1.05,1.05,1.04,1.05,918000
ND8U.SI,20110710,1.05,1.05,1.04,1.04,678000
ND8U.SI,20110707,1.03,1.05,1.03,1.04,1402000
ND8U.SI,20110706,1.03,1.04,1.02,1.03,447000
ND8U.SI,20110705,1.02,1.04,1.01,1.03,1943000
ND8U.SI,20110704,1.02,1.02,1.01,1.02,1263000
ND8U.SI,20110703,1.02,1.02,1.01,1.02,457000
ND8U.SI,20110630,1.00,1.01,0.99,1.00,568000
ND8U.SI,20110629,1.02,1.02,0.99,0.99,621000
ND8U.SI,20110628,1.00,1.02,1.00,1.02,2260000
ND8U.SI,20110627,0.97,1.00,0.97,1.00,2178000
ND8U.SI,20110626,0.96,0.97,0.96,0.96,322000
ND8U.SI,20110623,0.96,0.97,0.86,0.96,1330000
ND8U.SI,20110622,0.96,0.98,0.96,0.97,1313000
ND8U.SI,20110621,0.94,0.99,0.94,0.98,1442000
ND8U.SI,20110620,0.93,0.94,0.93,0.94,422000
ND8U.SI,20110619,0.94,0.94,0.93,0.93,728000
ND8U.SI,20110616,0.94,0.94,0.93,0.94,599000
ND8U.SI,20110615,0.94,0.94,0.93,0.93,708000
ND8U.SI,20110614,0.93,0.94,0.92,0.94,1222000
ND8U.SI,20110613,0.93,0.93,0.92,0.92,837000
ND8U.SI,20110612,0.92,0.94,0.92,0.94,397000
ND8U.SI,20110609,0.93,0.93,0.91,0.92,1370000
ND8U.SI,20110608,0.93,0.94,0.92,0.93,915000
ND8U.SI,20110607,0.93,0.93,0.92,0.93,451000
ND8U.SI,20110606,0.92,0.93,0.92,0.93,677000
ND8U.SI,20110605,0.94,0.94,0.92,0.93,1171000
ND8U.SI,20110602,0.95,0.95,0.94,0.95,350000
ND8U.SI,20110601,0.94,0.95,0.94,0.95,807000
ND8U.SI,20110531,0.94,0.94,0.94,0.94,93000
ND8U.SI,20110530,0.94,0.95,0.94,0.94,181000
ND8U.SI,20110529,0.95,0.95,0.94,0.94,515000
ND8U.SI,20110526,0.94,0.94,0.94,0.94,1271000
ND8U.SI,20110525,0.94,0.95,0.94,0.94,1149000
ND8U.SI,20110524,0.94,0.95,0.93,0.94,1804000
ND8U.SI,20110523,0.93,0.94,0.93,0.94,1259000
ND8U.SI,20110522,0.90,0.93,0.90,0.92,1465000
ND8U.SI,20110519,0.91,0.92,0.89,0.91,2956000
ND8U.SI,20110518,0.92,0.93,0.91,0.92,1647000
ND8U.SI,20110517,0.91,0.93,0.91,0.93,2808000
ND8U.SI,20110516,0.92,0.92,0.90,0.92,889000
ND8U.SI,20110515,0.94,0.94,0.92,0.92,887000
ND8U.SI,20110512,0.94,0.94,0.93,0.94,565000
ND8U.SI,20110511,0.95,0.95,0.93,0.94,283000
ND8U.SI,20110510,0.94,0.95,0.94,0.95,1312000
ND8U.SI,20110509,0.93,0.95,0.92,0.94,1671000
ND8U.SI,20110508,0.92,0.93,0.92,0.93,1255000
ND8U.SI,20110505,0.93,0.94,0.93,0.94,1389000
ND8U.SI,20110504,0.94,0.94,0.92,0.93,1359000
ND8U.SI,20110503,0.93,0.94,0.93,0.94,2409000
ND8U.SI,20110502,0.92,0.92,0.92,0.92,000
ND8U.SI,20110501,0.92,0.92,0.90,0.92,2618000
ND8U.SI,20110428,0.90,0.92,0.90,0.92,1670000
ND8U.SI,20110427,0.90,0.91,0.89,0.91,2066000
ND8U.SI,20110426,0.90,0.90,0.89,0.90,2737000
ND8U.SI,20110425,0.90,0.93,0.89,0.92,6859000
ND8U.SI,20110424,0.88,0.89,0.88,0.89,2130000
ND8U.SI,20110421,0.88,0.88,0.88,0.88,1933000
ND8U.SI,20110420,0.88,0.88,0.87,0.88,979000
ND8U.SI,20110419,0.87,0.88,0.87,0.88,815000
ND8U.SI,20110418,0.87,0.87,0.86,0.87,1001000
ND8U.SI,20110417,0.86,0.87,0.86,0.86,436000
ND8U.SI,20110414,0.86,0.87,0.86,0.86,748000
ND8U.SI,20110413,0.85,0.86,0.85,0.86,558000
ND8U.SI,20110412,0.84,0.85,0.84,0.85,322000
ND8U.SI,20110411,0.85,0.86,0.85,0.85,416000
ND8U.SI,20110410,0.85,0.85,0.85,0.85,108000
ND8U.SI,20110407,0.85,0.85,0.85,0.85,000
ND8U.SI,20110406,0.86,0.86,0.84,0.85,583000
ND8U.SI,20110405,0.87,0.87,0.85,0.86,492000
ND8U.SI,20110404,0.86,0.86,0.85,0.86,947000
ND8U.SI,20110403,0.84,0.85,0.84,0.85,673000
ND8U.SI,20110331,0.83,0.84,0.83,0.84,1174000
ND8U.SI,20110330,0.84,0.84,0.83,0.83,636000
ND8U.SI,20110329,0.83,0.83,0.83,0.83,1252000
ND8U.SI,20110328,0.83,0.83,0.82,0.83,568000
ND8U.SI,20110327,0.83,0.83,0.82,0.83,491000
ND8U.SI,20110324,0.83,0.83,0.82,0.83,701000
ND8U.SI,20110323,0.83,0.83,0.83,0.83,1224000
ND8U.SI,20110322,0.83,0.84,0.83,0.83,526000
ND8U.SI,20110321,0.83,0.83,0.83,0.83,72000
ND8U.SI,20110320,0.83,0.83,0.83,0.83,603000
ND8U.SI,20110317,0.84,0.84,0.82,0.82,1015000
ND8U.SI,20110316,0.83,0.83,0.82,0.83,273000
ND8U.SI,20110315,0.84,0.84,0.83,0.83,772000
ND8U.SI,20110314,0.83,0.84,0.82,0.83,490000
ND8U.SI,20110313,0.82,0.83,0.82,0.83,291000
ND8U.SI,20110310,0.83,0.83,0.82,0.82,627000
ND8U.SI,20110309,0.82,0.83,0.82,0.83,585000
ND8U.SI,20110308,0.81,0.83,0.81,0.82,233000
ND8U.SI,20110307,0.82,0.83,0.82,0.83,471000
ND8U.SI,20110306,0.82,0.83,0.82,0.82,212000
ND8U.SI,20110303,0.83,0.83,0.82,0.82,704000
ND8U.SI,20110302,0.83,0.83,0.82,0.82,357000
ND8U.SI,20110301,0.83,0.84,0.82,0.83,746000
ND8U.SI,20110228,0.82,0.83,0.82,0.82,55000
ND8U.SI,20110227,0.83,0.83,0.82,0.83,223000
ND8U.SI,20110224,0.82,0.83,0.82,0.83,472000
ND8U.SI,20110223,0.82,0.82,0.81,0.82,299000
ND8U.SI,20110222,0.83,0.83,0.82,0.82,436000
ND8U.SI,20110221,0.83,0.83,0.82,0.83,1030000
ND8U.SI,20110220,0.81,0.83,0.81,0.83,1488000
ND8U.SI,20110217,0.81,0.81,0.81,0.81,1510000
ND8U.SI,20110216,0.81,0.81,0.80,0.80,700000
ND8U.SI,20110215,0.79,0.81,0.79,0.80,315000
ND8U.SI,20110214,0.80,0.80,0.79,0.79,235000
ND8U.SI,20110213,0.80,0.80,0.79,0.80,359000
ND8U.SI,20110210,0.80,0.80,0.79,0.80,254000
ND8U.SI,20110209,0.80,0.81,0.79,0.80,890000
ND8U.SI,20110208,0.79,0.80,0.79,0.80,788000
ND8U.SI,20110207,0.80,0.80,0.79,0.79,332000
ND8U.SI,20110206,0.79,0.80,0.79,0.80,1241000
ND8U.SI,20110203,0.78,0.79,0.78,0.79,506000
ND8U.SI,20110202,0.77,0.79,0.77,0.77,862000
ND8U.SI,20110201,0.76,0.76,0.76,0.76,432000
ND8U.SI,20110131,0.76,0.77,0.76,0.77,144000
ND8U.SI,20110130,0.76,0.77,0.76,0.76,446000
ND8U.SI,20110127,0.76,0.77,0.76,0.76,398000
ND8U.SI,20110126,0.76,0.77,0.76,0.76,578000
ND8U.SI,20110125,0.76,0.76,0.75,0.76,491000
ND8U.SI,20110124,0.76,0.76,0.76,0.76,000
ND8U.SI,20110123,0.76,0.76,0.76,0.76,000
ND8U.SI,20110120,0.76,0.77,0.75,0.76,2045000
ND8U.SI,20110119,0.76,0.77,0.75,0.76,614000
ND8U.SI,20110118,0.76,0.76,0.75,0.75,444000
ND8U.SI,20110117,0.77,0.77,0.76,0.77,193000
ND8U.SI,20110116,0.77,0.77,0.76,0.76,239000
ND8U.SI,20110113,0.77,0.77,0.76,0.76,363000
ND8U.SI,20110112,0.76,0.76,0.76,0.76,104000
ND8U.SI,20110111,0.76,0.77,0.76,0.76,214000
ND8U.SI,20110110,0.76,0.77,0.76,0.77,241000
ND8U.SI,20110109,0.75,0.76,0.75,0.76,169000
ND8U.SI,20110106,0.75,0.75,0.75,0.75,189000
ND8U.SI,20110105,0.75,0.75,0.75,0.75,143000
ND8U.SI,20110104,0.75,0.75,0.75,0.75,168000
ND8U.SI,20110103,0.74,0.75,0.74,0.75,9000
ND8U.SI,20110102,0.74,0.74,0.74,0.74,000
