RE4.SI,20120606,0.46,0.46,0.46,0.46,75000
RE4.SI,20120604,0.47,0.48,0.47,0.47,35535000
RE4.SI,20120603,0.43,0.47,0.42,0.46,56367000
RE4.SI,20120531,0.43,0.43,0.41,0.43,18427000
RE4.SI,20120530,0.41,0.43,0.41,0.43,21031000
RE4.SI,20120529,0.43,0.43,0.42,0.42,8066000
RE4.SI,20120528,0.42,0.43,0.42,0.43,6069000
RE4.SI,20120527,0.42,0.42,0.41,0.41,3401000
RE4.SI,20120524,0.42,0.42,0.42,0.42,000
RE4.SI,20120523,0.43,0.43,0.41,0.42,12837000
RE4.SI,20120522,0.43,0.44,0.43,0.43,7760000
RE4.SI,20120521,0.43,0.43,0.42,0.43,15180000
RE4.SI,20120520,0.43,0.44,0.43,0.43,10116000
RE4.SI,20120517,0.43,0.43,0.43,0.43,5508000
RE4.SI,20120516,0.43,0.44,0.43,0.44,19794000
RE4.SI,20120515,0.43,0.43,0.43,0.43,4626000
RE4.SI,20120514,0.43,0.43,0.43,0.43,9730000
RE4.SI,20120513,0.44,0.44,0.43,0.43,16345000
RE4.SI,20120510,0.43,0.45,0.43,0.44,28927000
RE4.SI,20120509,0.43,0.43,0.43,0.43,9198000
RE4.SI,20120508,0.43,0.44,0.43,0.43,8704000
RE4.SI,20120507,0.44,0.44,0.42,0.42,17256000
RE4.SI,20120506,0.43,0.44,0.43,0.43,25932000
RE4.SI,20120503,0.42,0.44,0.41,0.43,25224000
RE4.SI,20120502,0.44,0.45,0.42,0.44,25609000
RE4.SI,20120501,0.44,0.44,0.44,0.44,000
RE4.SI,20120430,0.46,0.46,0.44,0.44,14143000
RE4.SI,20120429,0.47,0.47,0.45,0.45,11576000
RE4.SI,20120426,0.47,0.47,0.47,0.47,14277000
RE4.SI,20120425,0.45,0.47,0.45,0.47,40897000
RE4.SI,20120424,0.46,0.46,0.44,0.45,8962000
RE4.SI,20120423,0.47,0.47,0.45,0.45,16195000
RE4.SI,20120422,0.49,0.49,0.47,0.48,7727000
RE4.SI,20120419,0.49,0.50,0.47,0.49,36480000
RE4.SI,20120418,0.50,0.50,0.48,0.48,17596000
RE4.SI,20120417,0.52,0.53,0.50,0.50,28221000
RE4.SI,20120416,0.54,0.55,0.52,0.52,33521000
RE4.SI,20120415,0.55,0.55,0.55,0.55,000
RE4.SI,20120412,0.55,0.55,0.55,0.55,000
RE4.SI,20120411,0.54,0.56,0.52,0.55,44101000
RE4.SI,20120410,0.52,0.53,0.51,0.53,15240000
RE4.SI,20120409,0.51,0.51,0.51,0.51,6017000
RE4.SI,20120408,0.51,0.51,0.51,0.51,11919000
RE4.SI,20120405,0.53,0.53,0.50,0.50,17521000
RE4.SI,20120404,0.52,0.53,0.52,0.53,3346000
RE4.SI,20120403,0.54,0.54,0.51,0.52,11865000
RE4.SI,20120402,0.54,0.54,0.52,0.53,10357000
RE4.SI,20120401,0.55,0.55,0.54,0.54,10123000
RE4.SI,20120329,0.56,0.56,0.56,0.56,000
RE4.SI,20120328,0.55,0.56,0.54,0.56,14352000
RE4.SI,20120327,0.55,0.56,0.55,0.55,18203000
RE4.SI,20120326,0.53,0.55,0.52,0.54,12714000
RE4.SI,20120325,0.56,0.56,0.52,0.54,33107000
RE4.SI,20120322,0.56,0.56,0.55,0.56,17633000
RE4.SI,20120321,0.56,0.57,0.56,0.56,7861000
RE4.SI,20120320,0.56,0.56,0.55,0.56,12202000
RE4.SI,20120319,0.56,0.57,0.56,0.56,6437000
RE4.SI,20120318,0.57,0.57,0.56,0.56,13446000
RE4.SI,20120315,0.57,0.59,0.57,0.57,16436000
RE4.SI,20120314,0.58,0.58,0.57,0.57,7549000
RE4.SI,20120313,0.57,0.58,0.56,0.58,8793000
RE4.SI,20120312,0.57,0.58,0.56,0.57,5471000
RE4.SI,20120311,0.59,0.59,0.56,0.56,7465000
RE4.SI,20120308,0.60,0.61,0.59,0.59,26686000
RE4.SI,20120307,0.58,0.60,0.57,0.58,22087000
RE4.SI,20120306,0.59,0.60,0.58,0.58,9671000
RE4.SI,20120305,0.56,0.58,0.55,0.58,12719000
RE4.SI,20120304,0.58,0.58,0.55,0.55,18198000
RE4.SI,20120301,0.61,0.61,0.58,0.58,12705000
RE4.SI,20120229,0.61,0.63,0.61,0.61,41980000
RE4.SI,20120228,0.62,0.62,0.62,0.62,000
RE4.SI,20120227,0.62,0.62,0.62,0.62,000
RE4.SI,20120226,0.62,0.63,0.62,0.62,49859000
RE4.SI,20120223,0.59,0.61,0.59,0.61,17145000
RE4.SI,20120222,0.59,0.60,0.58,0.59,10300000
RE4.SI,20120221,0.59,0.61,0.59,0.60,34736000
RE4.SI,20120220,0.59,0.60,0.58,0.59,13978000
RE4.SI,20120219,0.59,0.60,0.58,0.58,14239000
RE4.SI,20120216,0.57,0.59,0.56,0.58,35042000
RE4.SI,20120215,0.56,0.57,0.56,0.56,6377000
RE4.SI,20120214,0.56,0.57,0.56,0.56,13782000
RE4.SI,20120213,0.56,0.56,0.56,0.56,000
RE4.SI,20120212,0.56,0.56,0.56,0.56,000
RE4.SI,20120209,0.56,0.57,0.56,0.56,7072000
RE4.SI,20120208,0.58,0.58,0.56,0.56,7125000
RE4.SI,20120207,0.56,0.59,0.56,0.58,27445000
RE4.SI,20120206,0.56,0.56,0.54,0.55,21759000
RE4.SI,20120205,0.57,0.58,0.56,0.56,32650000
RE4.SI,20120202,0.60,0.61,0.56,0.56,85644000
RE4.SI,20120201,0.61,0.61,0.60,0.60,21550000
RE4.SI,20120131,0.61,0.62,0.60,0.61,20190000
RE4.SI,20120130,0.62,0.62,0.60,0.61,20340000
RE4.SI,20120129,0.61,0.62,0.61,0.62,45719000
RE4.SI,20120126,0.61,0.63,0.61,0.61,108003000
RE4.SI,20120125,0.59,0.62,0.59,0.61,105391000
RE4.SI,20120124,0.59,0.60,0.58,0.58,26413000
RE4.SI,20120123,0.59,0.60,0.58,0.58,26437000
RE4.SI,20120122,0.60,0.61,0.58,0.59,54429000
RE4.SI,20120119,0.60,0.61,0.59,0.59,26254000
RE4.SI,20120118,0.60,0.61,0.59,0.59,19218000
RE4.SI,20120117,0.60,0.62,0.58,0.60,52093000
RE4.SI,20120116,0.62,0.62,0.60,0.60,81824000
RE4.SI,20120115,0.63,0.63,0.62,0.62,38369000
RE4.SI,20120112,0.63,0.64,0.62,0.63,52091000
RE4.SI,20120111,0.64,0.64,0.62,0.63,33445000
RE4.SI,20120110,0.64,0.65,0.62,0.63,61927000
RE4.SI,20120109,0.60,0.64,0.58,0.63,159856000
RE4.SI,20120108,0.57,0.61,0.57,0.60,86378000
RE4.SI,20120105,0.57,0.59,0.56,0.58,51406000
RE4.SI,20120104,0.59,0.60,0.56,0.57,140278000
RE4.SI,20120103,0.50,0.58,0.50,0.58,162434000
RE4.SI,20120102,0.50,0.50,0.50,0.50,000
RE4.SI,20120101,0.49,0.50,0.49,0.50,32911000
RE4.SI,20111229,0.48,0.49,0.48,0.49,30871000
RE4.SI,20111228,0.49,0.49,0.48,0.48,22520000
RE4.SI,20111227,0.48,0.50,0.48,0.49,36230000
RE4.SI,20111226,0.48,0.48,0.48,0.48,000
RE4.SI,20111225,0.49,0.49,0.47,0.48,24473000
RE4.SI,20111222,0.49,0.50,0.47,0.49,31107000
RE4.SI,20111221,0.49,0.51,0.47,0.49,149099000
RE4.SI,20111220,0.51,0.54,0.50,0.50,165293000
RE4.SI,20111219,0.44,0.50,0.44,0.50,78062000
RE4.SI,20111218,0.44,0.45,0.44,0.44,53197000
RE4.SI,20111215,0.44,0.44,0.44,0.44,12249000
RE4.SI,20111214,0.44,0.44,0.44,0.44,10368000
RE4.SI,20111213,0.45,0.45,0.44,0.44,20339000
RE4.SI,20111212,0.44,0.45,0.43,0.44,43541000
RE4.SI,20111211,0.44,0.44,0.43,0.44,24846000
RE4.SI,20111208,0.46,0.46,0.44,0.44,28687000
RE4.SI,20111207,0.44,0.46,0.44,0.46,44346000
RE4.SI,20111206,0.45,0.46,0.44,0.45,112195000
RE4.SI,20111205,0.43,0.45,0.41,0.44,129870000
RE4.SI,20111204,0.35,0.35,0.35,0.35,000
RE4.SI,20111201,0.35,0.35,0.35,0.35,000
RE4.SI,20111130,0.35,0.36,0.35,0.35,10374000
RE4.SI,20111129,0.36,0.36,0.34,0.35,12563000
RE4.SI,20111128,0.37,0.37,0.35,0.36,11569000
RE4.SI,20111127,0.37,0.37,0.37,0.37,6151000
RE4.SI,20111124,0.37,0.37,0.37,0.37,12440000
RE4.SI,20111123,0.37,0.38,0.37,0.37,13631000
RE4.SI,20111122,0.37,0.38,0.37,0.37,25942000
RE4.SI,20111121,0.38,0.38,0.37,0.37,25047000
RE4.SI,20111120,0.38,0.38,0.38,0.38,47625000
RE4.SI,20111117,0.37,0.38,0.37,0.38,16925000
RE4.SI,20111116,0.37,0.38,0.37,0.37,9621000
RE4.SI,20111115,0.37,0.38,0.37,0.38,38301000
RE4.SI,20111114,0.37,0.37,0.37,0.37,000
RE4.SI,20111113,0.38,0.38,0.37,0.37,9768000
RE4.SI,20111110,0.37,0.38,0.37,0.37,6535000
RE4.SI,20111109,0.37,0.38,0.37,0.38,7907000
RE4.SI,20111108,0.38,0.38,0.37,0.38,29177000
RE4.SI,20111107,0.39,0.39,0.37,0.38,23921000
RE4.SI,20111106,0.40,0.40,0.39,0.39,12333000
RE4.SI,20111103,0.40,0.41,0.40,0.40,19141000
RE4.SI,20111102,0.40,0.41,0.40,0.40,15739000
RE4.SI,20111101,0.41,0.41,0.40,0.40,21660000
RE4.SI,20111031,0.41,0.41,0.40,0.41,31884000
RE4.SI,20111030,0.42,0.42,0.41,0.41,39108000
RE4.SI,20111027,0.42,0.42,0.42,0.42,000
RE4.SI,20111026,0.41,0.43,0.41,0.42,37500000
RE4.SI,20111025,0.41,0.43,0.41,0.42,26410000
RE4.SI,20111024,0.44,0.44,0.41,0.42,83749000
RE4.SI,20111023,0.40,0.45,0.38,0.44,190676000
RE4.SI,20111020,0.47,0.49,0.43,0.44,323162000
