K6J.SI,20120604,0.19,0.19,0.19,0.19,000
K6J.SI,20120603,0.19,0.19,0.19,0.19,000
K6J.SI,20120531,0.19,0.19,0.19,0.19,000
K6J.SI,20120530,0.19,0.19,0.19,0.19,000
K6J.SI,20120529,0.19,0.19,0.19,0.19,000
K6J.SI,20120528,0.19,0.19,0.19,0.19,43000
K6J.SI,20120527,0.19,0.19,0.19,0.19,7000
K6J.SI,20120524,0.19,0.19,0.19,0.19,000
K6J.SI,20120523,0.19,0.19,0.19,0.19,20000
K6J.SI,20120522,0.19,0.19,0.19,0.19,78000
K6J.SI,20120521,0.19,0.19,0.18,0.18,23000
K6J.SI,20120520,0.18,0.18,0.18,0.18,10000
K6J.SI,20120517,0.18,0.19,0.18,0.18,156000
K6J.SI,20120516,0.18,0.18,0.18,0.18,000
K6J.SI,20120515,0.19,0.19,0.18,0.18,25000
K6J.SI,20120514,0.19,0.19,0.19,0.19,000
K6J.SI,20120513,0.19,0.19,0.19,0.19,228000
K6J.SI,20120510,0.18,0.18,0.18,0.18,27000
K6J.SI,20120509,0.19,0.19,0.19,0.19,62000
K6J.SI,20120508,0.19,0.19,0.19,0.19,000
K6J.SI,20120507,0.19,0.19,0.19,0.19,000
K6J.SI,20120506,0.19,0.19,0.19,0.19,53000
K6J.SI,20120503,0.18,0.18,0.18,0.18,000
K6J.SI,20120502,0.18,0.18,0.18,0.18,125000
K6J.SI,20120501,0.18,0.18,0.18,0.18,000
K6J.SI,20120430,0.17,0.18,0.17,0.18,201000
K6J.SI,20120429,0.17,0.18,0.17,0.18,376000
K6J.SI,20120426,0.18,0.18,0.18,0.18,8000
K6J.SI,20120425,0.19,0.19,0.19,0.19,14000
K6J.SI,20120424,0.18,0.18,0.18,0.18,000
K6J.SI,20120423,0.18,0.18,0.18,0.18,5000
K6J.SI,20120422,0.17,0.17,0.17,0.17,5000
K6J.SI,20120419,0.19,0.19,0.19,0.19,2000
K6J.SI,20120418,0.19,0.19,0.19,0.19,30000
K6J.SI,20120417,0.18,0.18,0.18,0.18,000
K6J.SI,20120416,0.18,0.18,0.18,0.18,000
K6J.SI,20120415,0.18,0.18,0.18,0.18,000
K6J.SI,20120412,0.18,0.18,0.18,0.18,000
K6J.SI,20120411,0.18,0.18,0.18,0.18,10000
K6J.SI,20120410,0.19,0.19,0.19,0.19,000
K6J.SI,20120409,0.19,0.19,0.19,0.19,75000
K6J.SI,20120408,0.19,0.19,0.19,0.19,000
K6J.SI,20120405,0.19,0.19,0.19,0.19,000
K6J.SI,20120404,0.19,0.19,0.19,0.19,10000
K6J.SI,20120403,0.19,0.19,0.19,0.19,000
K6J.SI,20120402,0.19,0.19,0.19,0.19,10000
K6J.SI,20120401,0.20,0.20,0.20,0.20,1000
K6J.SI,20120329,0.19,0.19,0.19,0.19,000
K6J.SI,20120328,0.18,0.19,0.18,0.19,77000
K6J.SI,20120327,0.19,0.19,0.19,0.19,80000
K6J.SI,20120326,0.19,0.19,0.19,0.19,20000
K6J.SI,20120325,0.19,0.19,0.19,0.19,000
K6J.SI,20120322,0.19,0.19,0.19,0.19,000
K6J.SI,20120321,0.19,0.19,0.19,0.19,14000
K6J.SI,20120320,0.19,0.19,0.19,0.19,000
K6J.SI,20120319,0.19,0.19,0.19,0.19,10000
K6J.SI,20120318,0.19,0.19,0.19,0.19,000
K6J.SI,20120315,0.19,0.19,0.19,0.19,10000
K6J.SI,20120314,0.19,0.19,0.19,0.19,30000
K6J.SI,20120313,0.19,0.19,0.19,0.19,000
K6J.SI,20120312,0.19,0.19,0.19,0.19,000
K6J.SI,20120311,0.19,0.19,0.19,0.19,23000
K6J.SI,20120308,0.19,0.19,0.19,0.19,10000
K6J.SI,20120307,0.19,0.19,0.19,0.19,33000
K6J.SI,20120306,0.19,0.19,0.19,0.19,85000
K6J.SI,20120305,0.19,0.20,0.19,0.20,176000
K6J.SI,20120304,0.19,0.19,0.19,0.19,130000
K6J.SI,20120301,0.19,0.19,0.19,0.19,70000
K6J.SI,20120229,0.20,0.20,0.20,0.20,000
K6J.SI,20120228,0.20,0.20,0.20,0.20,000
K6J.SI,20120227,0.20,0.20,0.20,0.20,330000
K6J.SI,20120226,0.20,0.20,0.20,0.20,140000
K6J.SI,20120223,0.20,0.20,0.20,0.20,220000
K6J.SI,20120222,0.20,0.20,0.20,0.20,148000
K6J.SI,20120221,0.20,0.20,0.20,0.20,25000
K6J.SI,20120220,0.20,0.20,0.19,0.19,40000
K6J.SI,20120219,0.20,0.20,0.20,0.20,69000
K6J.SI,20120216,0.20,0.20,0.20,0.20,000
K6J.SI,20120215,0.20,0.20,0.20,0.20,1000
K6J.SI,20120214,0.19,0.19,0.19,0.19,000
K6J.SI,20120213,0.19,0.19,0.19,0.19,000
K6J.SI,20120212,0.19,0.19,0.19,0.19,000
K6J.SI,20120209,0.19,0.19,0.19,0.19,20000
K6J.SI,20120208,0.20,0.20,0.20,0.20,000
K6J.SI,20120207,0.20,0.20,0.20,0.20,000
K6J.SI,20120206,0.20,0.20,0.20,0.20,10000
K6J.SI,20120205,0.20,0.20,0.20,0.20,30000
K6J.SI,20120202,0.19,0.21,0.19,0.21,37000
K6J.SI,20120201,0.20,0.20,0.19,0.19,75000
K6J.SI,20120131,0.20,0.20,0.20,0.20,30000
K6J.SI,20120130,0.20,0.20,0.20,0.20,45000
K6J.SI,20120129,0.20,0.20,0.19,0.20,63000
K6J.SI,20120126,0.19,0.19,0.19,0.19,000
K6J.SI,20120125,0.19,0.19,0.19,0.19,10000
K6J.SI,20120124,0.19,0.19,0.19,0.19,120000
K6J.SI,20120123,0.19,0.21,0.19,0.21,192000
K6J.SI,20120122,0.19,0.19,0.19,0.19,53000
K6J.SI,20120119,0.19,0.19,0.19,0.19,40000
K6J.SI,20120118,0.19,0.19,0.19,0.19,000
K6J.SI,20120117,0.19,0.19,0.19,0.19,20000
K6J.SI,20120116,0.19,0.19,0.19,0.19,11000
K6J.SI,20120115,0.19,0.19,0.19,0.19,000
K6J.SI,20120112,0.19,0.19,0.19,0.19,12000
K6J.SI,20120111,0.20,0.20,0.19,0.19,250000
K6J.SI,20120110,0.20,0.20,0.20,0.20,35000
K6J.SI,20120109,0.20,0.20,0.20,0.20,195000
K6J.SI,20120108,0.20,0.20,0.20,0.20,10000
K6J.SI,20120105,0.20,0.21,0.20,0.20,103000
K6J.SI,20120104,0.19,0.20,0.19,0.20,53000
K6J.SI,20120103,0.20,0.20,0.20,0.20,70000
K6J.SI,20120102,0.19,0.19,0.19,0.19,000
K6J.SI,20120101,0.19,0.19,0.19,0.19,000
K6J.SI,20111229,0.19,0.20,0.19,0.19,4000
K6J.SI,20111228,0.19,0.19,0.19,0.19,2000
K6J.SI,20111227,0.19,0.19,0.19,0.19,15000
K6J.SI,20111226,0.19,0.19,0.19,0.19,000
K6J.SI,20111225,0.19,0.19,0.19,0.19,000
K6J.SI,20111222,0.19,0.19,0.19,0.19,20000
K6J.SI,20111221,0.20,0.20,0.20,0.20,000
K6J.SI,20111220,0.20,0.20,0.20,0.20,000
K6J.SI,20111219,0.20,0.20,0.20,0.20,000
K6J.SI,20111218,0.20,0.20,0.20,0.20,000
K6J.SI,20111215,0.20,0.20,0.20,0.20,50000
K6J.SI,20111214,0.19,0.19,0.19,0.19,000
K6J.SI,20111213,0.19,0.19,0.19,0.19,13000
K6J.SI,20111212,0.20,0.20,0.20,0.20,15000
K6J.SI,20111211,0.20,0.20,0.20,0.20,000
K6J.SI,20111208,0.20,0.20,0.20,0.20,10000
K6J.SI,20111207,0.19,0.19,0.19,0.19,000
K6J.SI,20111206,0.19,0.19,0.19,0.19,000
K6J.SI,20111205,0.19,0.19,0.19,0.19,000
K6J.SI,20111204,0.19,0.19,0.19,0.19,13000
K6J.SI,20111201,0.19,0.19,0.19,0.19,20000
K6J.SI,20111130,0.19,0.19,0.19,0.19,000
K6J.SI,20111129,0.19,0.19,0.19,0.19,22000
K6J.SI,20111128,0.19,0.19,0.19,0.19,000
K6J.SI,20111127,0.19,0.19,0.19,0.19,20000
K6J.SI,20111124,0.19,0.19,0.19,0.19,000
K6J.SI,20111123,0.19,0.19,0.19,0.19,000
K6J.SI,20111122,0.19,0.19,0.19,0.19,000
K6J.SI,20111121,0.19,0.19,0.19,0.19,15000
K6J.SI,20111120,0.19,0.19,0.19,0.19,40000
K6J.SI,20111117,0.19,0.19,0.19,0.19,000
K6J.SI,20111116,0.19,0.19,0.19,0.19,119000
K6J.SI,20111115,0.20,0.20,0.20,0.20,000
K6J.SI,20111114,0.20,0.20,0.20,0.20,000
K6J.SI,20111113,0.20,0.20,0.20,0.20,10000
K6J.SI,20111110,0.20,0.20,0.20,0.20,000
K6J.SI,20111109,0.20,0.20,0.20,0.20,000
K6J.SI,20111108,0.20,0.20,0.20,0.20,000
K6J.SI,20111107,0.20,0.20,0.20,0.20,000
K6J.SI,20111106,0.20,0.20,0.20,0.20,000
K6J.SI,20111103,0.20,0.20,0.20,0.20,000
K6J.SI,20111102,0.20,0.20,0.20,0.20,24000
K6J.SI,20111101,0.20,0.20,0.19,0.19,27000
K6J.SI,20111031,0.20,0.20,0.20,0.20,164000
K6J.SI,20111030,0.19,0.19,0.19,0.19,59000
K6J.SI,20111027,0.19,0.19,0.19,0.19,000
K6J.SI,20111026,0.19,0.19,0.19,0.19,35000
K6J.SI,20111025,0.19,0.19,0.19,0.19,33000
K6J.SI,20111024,0.19,0.19,0.19,0.19,000
K6J.SI,20111023,0.19,0.19,0.19,0.19,000
K6J.SI,20111020,0.19,0.19,0.19,0.19,40000
K6J.SI,20111019,0.19,0.19,0.19,0.19,000
K6J.SI,20111018,0.19,0.19,0.19,0.19,60000
K6J.SI,20111017,0.19,0.19,0.19,0.19,000
K6J.SI,20111016,0.19,0.19,0.19,0.19,10000
K6J.SI,20111013,0.19,0.19,0.19,0.19,10000
K6J.SI,20111012,0.19,0.19,0.19,0.19,10000
K6J.SI,20111011,0.19,0.19,0.19,0.19,10000
K6J.SI,20111010,0.20,0.20,0.20,0.20,000
K6J.SI,20111009,0.20,0.20,0.20,0.20,000
K6J.SI,20111006,0.19,0.20,0.19,0.20,33000
K6J.SI,20111005,0.19,0.19,0.19,0.19,000
K6J.SI,20111004,0.19,0.19,0.19,0.19,166000
K6J.SI,20111003,0.19,0.19,0.19,0.19,000
K6J.SI,20111002,0.19,0.19,0.19,0.19,20000
K6J.SI,20110929,0.20,0.20,0.19,0.19,133000
K6J.SI,20110928,0.20,0.20,0.20,0.20,38000
K6J.SI,20110927,0.20,0.20,0.19,0.19,60000
K6J.SI,20110926,0.20,0.20,0.20,0.20,000
K6J.SI,20110925,0.20,0.20,0.20,0.20,000
K6J.SI,20110922,0.20,0.21,0.20,0.20,69000
K6J.SI,20110921,0.20,0.20,0.20,0.20,65000
K6J.SI,20110920,0.20,0.20,0.20,0.20,90000
K6J.SI,20110919,0.20,0.20,0.20,0.20,20000
K6J.SI,20110918,0.20,0.20,0.20,0.20,151000
K6J.SI,20110915,0.19,0.20,0.19,0.20,85000
K6J.SI,20110914,0.19,0.19,0.19,0.19,000
K6J.SI,20110913,0.19,0.19,0.19,0.19,17000
K6J.SI,20110912,0.19,0.19,0.19,0.19,000
K6J.SI,20110911,0.19,0.19,0.19,0.19,10000
K6J.SI,20110908,0.19,0.19,0.19,0.19,88000
K6J.SI,20110907,0.19,0.19,0.19,0.19,000
K6J.SI,20110906,0.19,0.19,0.19,0.19,000
K6J.SI,20110905,0.19,0.19,0.19,0.19,000
K6J.SI,20110904,0.19,0.19,0.19,0.19,15000
K6J.SI,20110901,0.19,0.19,0.19,0.19,122000
K6J.SI,20110831,0.19,0.19,0.19,0.19,000
K6J.SI,20110830,0.19,0.19,0.19,0.19,3000
K6J.SI,20110829,0.19,0.19,0.19,0.19,5000
K6J.SI,20110828,0.20,0.20,0.20,0.20,000
K6J.SI,20110825,0.20,0.20,0.20,0.20,20000
K6J.SI,20110824,0.20,0.20,0.20,0.20,000
K6J.SI,20110823,0.20,0.20,0.20,0.20,80000
K6J.SI,20110822,0.19,0.19,0.19,0.19,000
K6J.SI,20110821,0.19,0.19,0.19,0.19,000
K6J.SI,20110818,0.19,0.19,0.19,0.19,000
K6J.SI,20110817,0.19,0.19,0.19,0.19,000
K6J.SI,20110816,0.19,0.19,0.19,0.19,000
K6J.SI,20110815,0.19,0.19,0.19,0.19,000
K6J.SI,20110814,0.19,0.19,0.19,0.19,80000
K6J.SI,20110811,0.20,0.20,0.20,0.20,10000
K6J.SI,20110810,0.19,0.19,0.19,0.19,000
K6J.SI,20110809,0.19,0.19,0.19,0.19,103000
K6J.SI,20110808,0.19,0.19,0.19,0.19,77000
K6J.SI,20110807,0.19,0.20,0.19,0.19,110000
K6J.SI,20110804,0.19,0.20,0.19,0.20,99000
K6J.SI,20110803,0.20,0.20,0.20,0.20,42000
K6J.SI,20110802,0.20,0.20,0.20,0.20,14000
K6J.SI,20110801,0.20,0.20,0.20,0.20,130000
K6J.SI,20110731,0.19,0.20,0.19,0.20,114000
K6J.SI,20110728,0.20,0.20,0.20,0.20,000
K6J.SI,20110727,0.20,0.20,0.20,0.20,000
K6J.SI,20110726,0.20,0.20,0.20,0.20,10000
K6J.SI,20110725,0.20,0.20,0.20,0.20,18000
K6J.SI,20110724,0.20,0.20,0.20,0.20,120000
K6J.SI,20110721,0.20,0.20,0.20,0.20,60000
K6J.SI,20110720,0.20,0.20,0.20,0.20,47000
K6J.SI,20110719,0.20,0.20,0.20,0.20,50000
K6J.SI,20110718,0.19,0.20,0.19,0.20,21000
K6J.SI,20110717,0.20,0.20,0.20,0.20,45000
K6J.SI,20110714,0.20,0.20,0.20,0.20,12000
K6J.SI,20110713,0.20,0.20,0.20,0.20,60000
K6J.SI,20110712,0.20,0.20,0.20,0.20,000
K6J.SI,20110711,0.20,0.20,0.20,0.20,52000
K6J.SI,20110710,0.20,0.20,0.20,0.20,000
K6J.SI,20110707,0.20,0.20,0.20,0.20,000
K6J.SI,20110706,0.20,0.20,0.20,0.20,100000
K6J.SI,20110705,0.20,0.20,0.20,0.20,25000
K6J.SI,20110704,0.19,0.19,0.19,0.19,000
K6J.SI,20110703,0.20,0.20,0.19,0.19,16000
K6J.SI,20110630,0.20,0.20,0.20,0.20,000
K6J.SI,20110629,0.20,0.20,0.20,0.20,4000
K6J.SI,20110628,0.20,0.21,0.19,0.20,102000
K6J.SI,20110627,0.20,0.20,0.20,0.20,000
K6J.SI,20110626,0.20,0.20,0.20,0.20,5000
K6J.SI,20110623,0.20,0.20,0.20,0.20,000
K6J.SI,20110622,0.20,0.20,0.20,0.20,20000
K6J.SI,20110621,0.20,0.20,0.20,0.20,10000
K6J.SI,20110620,0.20,0.20,0.20,0.20,52000
K6J.SI,20110619,0.20,0.20,0.20,0.20,210000
K6J.SI,20110616,0.20,0.20,0.20,0.20,000
K6J.SI,20110615,0.20,0.20,0.20,0.20,125000
K6J.SI,20110614,0.20,0.20,0.18,0.20,242000
K6J.SI,20110613,0.22,0.22,0.18,0.20,131000
K6J.SI,20110612,0.20,0.20,0.20,0.20,6000
K6J.SI,20110609,0.20,0.22,0.20,0.22,62000
K6J.SI,20110608,0.22,0.22,0.22,0.22,000
K6J.SI,20110607,0.22,0.22,0.22,0.22,10000
K6J.SI,20110606,0.22,0.22,0.22,0.22,1000
K6J.SI,20110605,0.23,0.23,0.23,0.23,000
K6J.SI,20110602,0.23,0.23,0.23,0.23,000
K6J.SI,20110601,0.23,0.23,0.23,0.23,000
K6J.SI,20110531,0.23,0.23,0.23,0.23,000
K6J.SI,20110530,0.23,0.23,0.23,0.23,000
K6J.SI,20110529,0.23,0.23,0.23,0.23,000
K6J.SI,20110526,0.23,0.23,0.23,0.23,000
K6J.SI,20110525,0.23,0.23,0.23,0.23,000
K6J.SI,20110524,0.23,0.23,0.23,0.23,000
K6J.SI,20110523,0.21,0.23,0.20,0.23,60000
K6J.SI,20110522,0.23,0.23,0.23,0.23,000
K6J.SI,20110519,0.23,0.23,0.23,0.23,000
K6J.SI,20110518,0.23,0.23,0.23,0.23,000
K6J.SI,20110517,0.20,0.23,0.20,0.23,130000
K6J.SI,20110516,0.22,0.22,0.22,0.22,000
K6J.SI,20110515,0.22,0.22,0.22,0.22,10000
K6J.SI,20110512,0.23,0.23,0.23,0.23,000
K6J.SI,20110511,0.23,0.23,0.23,0.23,2000
K6J.SI,20110510,0.22,0.23,0.22,0.23,12000
K6J.SI,20110509,0.22,0.23,0.22,0.23,40000
K6J.SI,20110508,0.23,0.23,0.23,0.23,000
K6J.SI,20110505,0.23,0.23,0.23,0.23,000
K6J.SI,20110504,0.22,0.23,0.22,0.23,53000
K6J.SI,20110503,0.22,0.22,0.22,0.22,10000
K6J.SI,20110502,0.22,0.22,0.22,0.22,000
K6J.SI,20110501,0.22,0.22,0.22,0.22,000
K6J.SI,20110428,0.22,0.22,0.22,0.22,000
K6J.SI,20110427,0.22,0.22,0.22,0.22,000
K6J.SI,20110426,0.22,0.22,0.22,0.22,000
K6J.SI,20110425,0.22,0.22,0.22,0.22,000
K6J.SI,20110424,0.22,0.22,0.22,0.22,20000
K6J.SI,20110421,0.22,0.22,0.22,0.22,9000
K6J.SI,20110420,0.22,0.22,0.22,0.22,20000
K6J.SI,20110419,0.22,0.22,0.22,0.22,40000
K6J.SI,20110418,0.23,0.23,0.23,0.23,20000
K6J.SI,20110417,0.23,0.23,0.23,0.23,15000
K6J.SI,20110414,0.23,0.23,0.23,0.23,000
K6J.SI,20110413,0.23,0.23,0.23,0.23,51000
K6J.SI,20110412,0.23,0.23,0.23,0.23,86000
K6J.SI,20110411,0.23,0.23,0.23,0.23,20000
K6J.SI,20110410,0.23,0.23,0.23,0.23,83000
K6J.SI,20110407,0.23,0.23,0.23,0.23,000
K6J.SI,20110406,0.23,0.23,0.23,0.23,35000
K6J.SI,20110405,0.23,0.23,0.23,0.23,000
K6J.SI,20110404,0.22,0.23,0.22,0.23,232000
K6J.SI,20110403,0.23,0.23,0.23,0.23,53000
K6J.SI,20110331,0.24,0.24,0.24,0.24,10000
K6J.SI,20110330,0.24,0.24,0.24,0.24,3000
K6J.SI,20110329,0.23,0.23,0.23,0.23,30000
K6J.SI,20110328,0.22,0.22,0.22,0.22,000
K6J.SI,20110327,0.22,0.22,0.22,0.22,10000
K6J.SI,20110324,0.22,0.22,0.22,0.22,000
K6J.SI,20110323,0.22,0.22,0.22,0.22,66000
K6J.SI,20110322,0.22,0.22,0.22,0.22,10000
K6J.SI,20110321,0.23,0.23,0.22,0.22,65000
K6J.SI,20110320,0.23,0.23,0.23,0.23,25000
K6J.SI,20110317,0.22,0.22,0.22,0.22,20000
K6J.SI,20110316,0.22,0.22,0.22,0.22,27000
K6J.SI,20110315,0.21,0.22,0.21,0.22,30000
K6J.SI,20110314,0.21,0.21,0.21,0.21,30000
K6J.SI,20110313,0.21,0.21,0.21,0.21,000
K6J.SI,20110310,0.21,0.21,0.21,0.21,000
K6J.SI,20110309,0.21,0.21,0.21,0.21,50000
K6J.SI,20110308,0.21,0.21,0.21,0.21,25000
K6J.SI,20110307,0.21,0.21,0.21,0.21,40000
K6J.SI,20110306,0.22,0.22,0.22,0.22,30000
K6J.SI,20110303,0.21,0.22,0.21,0.22,38000
K6J.SI,20110302,0.22,0.22,0.22,0.22,10000
K6J.SI,20110301,0.22,0.22,0.22,0.22,10000
K6J.SI,20110228,0.22,0.22,0.22,0.22,169000
K6J.SI,20110227,0.23,0.23,0.22,0.22,41000
K6J.SI,20110224,0.23,0.23,0.23,0.23,19000
K6J.SI,20110223,0.22,0.22,0.22,0.22,50000
K6J.SI,20110222,0.23,0.23,0.23,0.23,116000
K6J.SI,20110221,0.23,0.23,0.23,0.23,100000
K6J.SI,20110220,0.23,0.23,0.23,0.23,30000
K6J.SI,20110217,0.24,0.24,0.22,0.22,140000
K6J.SI,20110216,0.25,0.25,0.25,0.25,000
K6J.SI,20110215,0.25,0.25,0.25,0.25,10000
K6J.SI,20110214,0.25,0.25,0.25,0.25,60000
K6J.SI,20110213,0.23,0.25,0.23,0.25,112000
K6J.SI,20110210,0.24,0.25,0.24,0.25,145000
K6J.SI,20110209,0.25,0.25,0.24,0.24,190000
K6J.SI,20110208,0.25,0.25,0.25,0.25,235000
K6J.SI,20110207,0.25,0.25,0.24,0.25,140000
K6J.SI,20110206,0.24,0.25,0.24,0.25,765000
K6J.SI,20110203,0.23,0.23,0.22,0.23,260000
K6J.SI,20110202,0.21,0.23,0.21,0.22,142000
K6J.SI,20110201,0.21,0.21,0.21,0.21,186000
K6J.SI,20110131,0.21,0.21,0.20,0.20,24000
K6J.SI,20110130,0.21,0.21,0.21,0.21,95000
K6J.SI,20110127,0.20,0.22,0.20,0.22,50000
K6J.SI,20110126,0.20,0.20,0.20,0.20,70000
K6J.SI,20110125,0.20,0.20,0.20,0.20,25000
K6J.SI,20110124,0.20,0.20,0.20,0.20,000
K6J.SI,20110123,0.20,0.20,0.20,0.20,000
K6J.SI,20110120,0.20,0.20,0.20,0.20,35000
K6J.SI,20110119,0.20,0.20,0.20,0.20,20000
K6J.SI,20110118,0.20,0.20,0.20,0.20,22000
K6J.SI,20110117,0.19,0.20,0.19,0.20,160000
K6J.SI,20110116,0.20,0.20,0.20,0.20,000
K6J.SI,20110113,0.20,0.20,0.20,0.20,000
K6J.SI,20110112,0.20,0.20,0.20,0.20,10000
K6J.SI,20110111,0.20,0.20,0.20,0.20,000
K6J.SI,20110110,0.20,0.21,0.20,0.20,296000
K6J.SI,20110109,0.20,0.20,0.20,0.20,000
K6J.SI,20110106,0.20,0.20,0.20,0.20,000
K6J.SI,20110105,0.20,0.20,0.20,0.20,000
K6J.SI,20110104,0.20,0.20,0.20,0.20,10000
K6J.SI,20110103,0.20,0.20,0.20,0.20,000
K6J.SI,20110102,0.20,0.20,0.20,0.20,000
