G07.SI,20120604,18.05,18.05,18.01,18.04,33000
G07.SI,20120603,18.10,18.10,18.02,18.05,44000
G07.SI,20120531,18.50,18.50,18.27,18.27,41000
G07.SI,20120530,18.69,18.69,18.45,18.51,58000
G07.SI,20120529,18.90,18.90,18.74,18.74,25000
G07.SI,20120528,18.90,18.96,18.87,18.90,14000
G07.SI,20120527,18.97,18.97,18.89,18.93,12000
G07.SI,20120524,18.95,18.95,18.95,18.95,000
G07.SI,20120523,18.98,19.20,18.67,18.95,67000
G07.SI,20120522,19.20,19.20,19.17,19.18,19000
G07.SI,20120521,19.00,19.03,18.99,19.03,64000
G07.SI,20120520,18.80,18.98,18.80,18.98,42000
G07.SI,20120517,18.75,18.80,18.70,18.80,25000
G07.SI,20120516,18.80,18.80,18.66,18.80,21000
G07.SI,20120515,18.74,18.80,18.74,18.79,46000
G07.SI,20120514,18.79,18.79,18.66,18.74,46000
G07.SI,20120513,18.28,18.72,18.27,18.69,92000
G07.SI,20120510,18.00,18.13,18.00,18.12,55000
G07.SI,20120509,17.94,18.02,17.94,18.00,61000
G07.SI,20120508,18.00,18.00,17.89,17.96,48000
G07.SI,20120507,17.90,17.92,17.90,17.91,22000
G07.SI,20120506,17.90,17.95,17.90,17.90,55000
G07.SI,20120503,17.80,17.84,17.79,17.80,13000
G07.SI,20120502,17.75,17.85,17.74,17.74,87000
G07.SI,20120501,17.74,17.74,17.74,17.74,000
G07.SI,20120430,17.72,17.74,17.70,17.74,29000
G07.SI,20120429,17.65,17.72,17.65,17.72,51000
G07.SI,20120426,17.60,17.61,17.48,17.60,36000
G07.SI,20120425,17.66,17.66,17.57,17.62,81000
G07.SI,20120424,17.75,17.75,17.67,17.74,46000
G07.SI,20120423,17.91,17.91,17.63,17.66,74000
G07.SI,20120422,18.22,18.22,18.20,18.21,49000
G07.SI,20120419,18.18,18.25,18.18,18.22,60000
G07.SI,20120418,18.11,18.19,18.11,18.18,30000
G07.SI,20120417,18.15,18.17,18.15,18.17,15000
G07.SI,20120416,18.10,18.12,18.01,18.12,38000
G07.SI,20120415,18.20,18.20,18.11,18.11,3000
G07.SI,20120412,18.23,18.23,18.20,18.21,4000
G07.SI,20120411,18.26,18.26,18.21,18.23,24000
G07.SI,20120410,18.19,18.24,18.14,18.22,41000
G07.SI,20120409,18.16,18.19,18.13,18.19,13000
G07.SI,20120408,18.11,18.16,18.11,18.13,9000
G07.SI,20120405,18.21,18.21,18.15,18.19,33000
G07.SI,20120404,18.21,18.21,18.11,18.13,5000
G07.SI,20120403,18.12,18.22,18.10,18.21,69000
G07.SI,20120402,17.97,18.05,17.97,18.04,21000
G07.SI,20120401,18.00,18.02,17.97,17.97,63000
G07.SI,20120329,17.99,17.99,17.99,17.99,000
G07.SI,20120328,17.99,17.99,17.95,17.99,26000
G07.SI,20120327,17.98,18.03,17.96,18.00,64000
G07.SI,20120326,17.95,17.98,17.92,17.96,18000
G07.SI,20120325,18.00,18.01,17.93,17.93,30000
G07.SI,20120322,17.99,17.99,17.95,17.95,7000
G07.SI,20120321,17.98,18.00,17.96,18.00,26000
G07.SI,20120320,17.94,17.96,17.94,17.96,7000
G07.SI,20120319,17.92,17.95,17.91,17.95,22000
G07.SI,20120318,17.94,17.94,17.87,17.92,47000
G07.SI,20120315,17.94,18.00,17.93,17.96,36000
G07.SI,20120314,17.96,17.96,17.88,17.90,41000
G07.SI,20120313,18.00,18.00,17.96,17.96,30000
G07.SI,20120312,18.00,18.00,17.95,17.99,48000
G07.SI,20120311,17.99,18.02,17.91,18.00,114000
G07.SI,20120308,17.99,18.01,17.98,18.00,45000
G07.SI,20120307,18.02,18.08,17.87,17.91,116000
G07.SI,20120306,18.00,18.05,18.00,18.04,21000
G07.SI,20120305,17.91,17.97,17.91,17.94,26000
G07.SI,20120304,18.02,18.02,17.91,17.91,42000
G07.SI,20120301,18.15,18.15,18.02,18.10,20000
G07.SI,20120229,18.08,18.10,18.02,18.02,29000
G07.SI,20120228,18.05,18.10,18.05,18.05,26000
G07.SI,20120227,18.10,18.20,18.01,18.05,34000
G07.SI,20120226,18.00,18.19,18.00,18.14,1083000
G07.SI,20120223,17.85,18.00,17.85,18.00,338000
G07.SI,20120222,17.81,18.05,17.80,17.80,86000
G07.SI,20120221,17.72,17.86,17.72,17.85,111000
G07.SI,20120220,17.79,17.82,17.72,17.72,108000
G07.SI,20120219,17.78,17.82,17.76,17.80,73000
G07.SI,20120216,17.82,17.82,17.77,17.78,55000
G07.SI,20120215,17.80,17.84,17.78,17.83,45000
G07.SI,20120214,17.80,17.83,17.77,17.79,222000
G07.SI,20120213,17.73,17.73,17.73,17.73,000
G07.SI,20120212,17.73,17.73,17.73,17.73,000
G07.SI,20120209,17.65,17.80,17.48,17.73,142000
G07.SI,20120208,17.85,17.85,17.78,17.80,80000
G07.SI,20120207,17.88,17.99,17.88,17.90,183000
G07.SI,20120206,17.90,17.99,17.68,17.83,100000
G07.SI,20120205,17.94,18.07,17.93,17.96,120000
G07.SI,20120202,17.05,17.95,17.03,17.90,146000
G07.SI,20120201,16.96,17.00,16.96,16.97,60000
G07.SI,20120131,16.92,16.98,16.85,16.96,67000
G07.SI,20120130,16.98,16.98,16.77,16.83,60000
G07.SI,20120129,16.87,16.90,16.83,16.87,36000
G07.SI,20120126,16.76,16.80,16.73,16.80,44000
G07.SI,20120125,16.50,16.79,16.43,16.73,82000
G07.SI,20120124,16.28,16.43,16.22,16.43,172000
G07.SI,20120123,16.25,16.25,16.15,16.20,27000
G07.SI,20120122,16.15,16.27,16.15,16.20,47000
G07.SI,20120119,16.18,16.18,16.11,16.11,16000
G07.SI,20120118,16.09,16.18,16.07,16.13,16000
G07.SI,20120117,16.10,16.11,16.08,16.09,16000
G07.SI,20120116,16.27,16.28,16.15,16.15,25000
G07.SI,20120115,16.12,16.12,16.00,16.09,13000
G07.SI,20120112,16.15,16.16,16.10,16.11,20000
G07.SI,20120111,16.20,16.26,16.13,16.13,31000
G07.SI,20120110,16.20,16.20,16.10,16.18,13000
G07.SI,20120109,16.00,16.19,16.00,16.19,42000
G07.SI,20120108,15.88,16.00,15.88,15.95,45000
G07.SI,20120105,15.85,15.90,15.75,15.80,7000
G07.SI,20120104,15.95,15.96,15.85,15.85,11000
G07.SI,20120103,15.77,15.89,15.77,15.81,60000
G07.SI,20120102,15.66,15.66,15.66,15.66,000
G07.SI,20120101,15.72,15.77,15.62,15.66,115000
G07.SI,20111229,15.75,15.84,15.75,15.84,33000
G07.SI,20111228,15.74,15.76,15.71,15.75,45000
G07.SI,20111227,15.73,15.75,15.73,15.74,12000
G07.SI,20111226,15.70,15.70,15.70,15.70,000
G07.SI,20111225,15.69,15.70,15.69,15.70,12000
G07.SI,20111222,15.80,15.84,15.65,15.69,36000
G07.SI,20111221,15.85,15.85,15.75,15.76,26000
G07.SI,20111220,15.76,15.80,15.70,15.70,80000
G07.SI,20111219,15.70,15.70,15.58,15.65,16000
G07.SI,20111218,15.53,15.58,15.50,15.53,46000
G07.SI,20111215,15.41,15.56,15.41,15.50,38000
G07.SI,20111214,15.80,15.80,15.43,15.43,97000
G07.SI,20111213,15.67,15.89,15.60,15.63,77000
G07.SI,20111212,15.32,15.70,15.32,15.68,117000
G07.SI,20111211,15.16,15.31,15.16,15.30,33000
G07.SI,20111208,15.08,15.12,15.08,15.10,82000
G07.SI,20111207,15.13,15.18,15.06,15.06,85000
G07.SI,20111206,15.24,15.26,15.12,15.12,46000
G07.SI,20111205,15.21,15.23,15.18,15.20,79000
G07.SI,20111204,15.37,15.38,15.20,15.20,56000
G07.SI,20111201,15.01,15.41,15.01,15.38,94000
G07.SI,20111130,14.92,15.07,14.90,15.01,113000
G07.SI,20111129,14.93,14.95,14.90,14.91,136000
G07.SI,20111128,15.04,15.04,14.92,14.93,147000
G07.SI,20111127,15.09,15.09,15.02,15.03,96000
G07.SI,20111124,15.05,15.09,15.03,15.04,97000
G07.SI,20111123,15.00,15.14,15.00,15.05,85000
G07.SI,20111122,14.93,14.96,14.93,14.94,12000
G07.SI,20111121,14.96,15.00,14.96,14.98,108000
G07.SI,20111120,15.00,15.02,14.92,15.00,24000
G07.SI,20111117,15.07,15.08,15.00,15.01,40000
G07.SI,20111116,15.06,15.16,15.00,15.08,48000
G07.SI,20111115,15.34,15.34,15.10,15.10,89000
G07.SI,20111114,15.21,15.21,15.21,15.21,000
G07.SI,20111113,15.31,15.31,15.21,15.21,66000
G07.SI,20111110,15.36,15.39,15.35,15.35,79000
G07.SI,20111109,15.40,15.42,15.32,15.37,76000
G07.SI,20111108,15.38,15.60,15.38,15.42,70000
G07.SI,20111107,15.41,15.52,15.38,15.38,73000
G07.SI,20111106,15.73,15.74,15.41,15.41,118000
G07.SI,20111103,15.83,16.12,15.73,15.75,123000
G07.SI,20111102,16.11,16.14,15.66,15.73,89000
G07.SI,20111101,16.10,16.19,16.07,16.10,28000
G07.SI,20111031,16.26,16.26,16.01,16.01,70000
G07.SI,20111030,16.26,16.27,16.17,16.26,135000
G07.SI,20111027,16.27,16.27,16.27,16.27,000
G07.SI,20111026,16.25,16.27,16.25,16.27,18000
G07.SI,20111025,16.27,16.27,16.22,16.25,126000
G07.SI,20111024,16.26,16.33,16.26,16.27,35000
G07.SI,20111023,16.34,16.34,16.26,16.26,88000
G07.SI,20111020,16.45,16.45,16.17,16.38,85000
G07.SI,20111019,16.64,16.64,16.31,16.47,119000
G07.SI,20111018,16.82,16.82,16.63,16.63,46000
G07.SI,20111017,16.84,16.90,16.84,16.85,14000
G07.SI,20111016,16.75,16.95,16.75,16.86,66000
G07.SI,20111013,16.60,16.75,16.58,16.75,30000
G07.SI,20111012,16.35,16.61,16.35,16.61,11000
G07.SI,20111011,16.55,16.55,16.31,16.34,63000
G07.SI,20111010,16.75,17.00,16.66,16.66,28000
G07.SI,20111009,16.90,17.08,16.58,16.60,88000
G07.SI,20111006,15.82,17.10,15.82,17.04,138000
G07.SI,20111005,15.42,15.83,15.42,15.81,56000
G07.SI,20111004,15.39,15.43,15.39,15.40,86000
G07.SI,20111003,15.22,15.43,15.21,15.43,36000
G07.SI,20111002,15.22,15.22,15.19,15.22,93000
G07.SI,20110929,14.99,15.34,14.99,15.22,235000
G07.SI,20110928,15.09,15.11,15.00,15.00,29000
G07.SI,20110927,14.91,15.18,14.91,15.16,138000
G07.SI,20110926,14.72,15.00,14.72,14.98,196000
G07.SI,20110925,14.55,14.79,14.54,14.76,76000
G07.SI,20110922,14.46,14.62,14.45,14.50,69000
G07.SI,20110921,14.40,14.56,14.40,14.46,85000
G07.SI,20110920,14.56,14.60,14.36,14.39,194000
G07.SI,20110919,14.49,14.61,14.49,14.56,40000
G07.SI,20110918,14.46,14.56,14.46,14.55,25000
G07.SI,20110915,14.31,14.48,14.31,14.45,103000
G07.SI,20110914,14.30,14.30,14.25,14.28,93000
G07.SI,20110913,14.28,14.30,14.26,14.26,74000
G07.SI,20110912,14.24,14.30,14.11,14.22,21000
G07.SI,20110911,14.24,14.30,14.23,14.30,39000
G07.SI,20110908,14.30,14.32,14.23,14.24,40000
G07.SI,20110907,14.14,14.20,14.14,14.19,24000
G07.SI,20110906,14.30,14.30,14.10,14.21,20000
G07.SI,20110905,14.45,14.45,14.24,14.31,98000
G07.SI,20110904,13.83,14.29,13.83,14.25,90000
G07.SI,20110901,13.85,13.85,13.78,13.83,64000
G07.SI,20110831,13.73,13.85,13.72,13.79,80000
G07.SI,20110830,13.70,13.78,13.70,13.73,33000
G07.SI,20110829,13.66,13.72,13.66,13.71,54000
G07.SI,20110828,13.62,13.79,13.62,13.68,32000
G07.SI,20110825,13.72,13.80,13.62,13.62,60000
G07.SI,20110824,13.67,13.83,13.67,13.77,54000
G07.SI,20110823,13.63,13.70,13.52,13.67,81000
G07.SI,20110822,13.61,13.70,13.61,13.67,24000
G07.SI,20110821,13.66,13.66,13.66,13.66,000
G07.SI,20110818,13.68,13.74,13.66,13.66,64000
G07.SI,20110817,13.67,13.79,13.66,13.68,74000
G07.SI,20110816,13.70,13.74,13.64,13.65,26000
G07.SI,20110815,13.56,13.80,13.56,13.70,40000
G07.SI,20110814,13.56,13.58,13.56,13.57,7000
G07.SI,20110811,13.56,13.68,13.56,13.59,16000
G07.SI,20110810,13.55,13.55,13.55,13.55,000
G07.SI,20110809,13.60,13.63,13.54,13.55,79000
G07.SI,20110808,13.77,13.77,13.54,13.56,191000
G07.SI,20110807,13.87,13.92,13.75,13.77,59000
G07.SI,20110804,13.68,13.84,13.68,13.84,41000
G07.SI,20110803,13.57,13.75,13.57,13.74,83000
G07.SI,20110802,14.01,14.01,13.47,13.55,215000
G07.SI,20110801,14.00,14.06,14.00,14.01,39000
G07.SI,20110731,13.93,14.05,13.93,13.98,54000
G07.SI,20110728,13.98,13.98,13.90,13.93,62000
G07.SI,20110727,14.02,14.07,13.97,13.98,57000
G07.SI,20110726,13.90,13.98,13.90,13.98,41000
G07.SI,20110725,13.85,13.90,13.76,13.90,69000
G07.SI,20110724,13.85,14.00,13.60,13.74,96000
G07.SI,20110721,13.88,14.04,13.80,13.82,128000
G07.SI,20110720,13.88,14.00,13.86,13.86,49000
G07.SI,20110719,13.69,13.79,13.60,13.68,46000
G07.SI,20110718,13.25,13.65,13.25,13.59,41000
G07.SI,20110717,13.01,13.02,13.01,13.02,4000
G07.SI,20110714,12.96,13.01,12.95,13.01,18000
G07.SI,20110713,12.91,12.91,12.91,12.91,3000
G07.SI,20110712,12.93,12.94,12.93,12.94,9000
G07.SI,20110711,12.85,12.93,12.85,12.93,33000
G07.SI,20110710,12.85,12.85,12.85,12.85,2000
G07.SI,20110707,12.92,12.92,12.90,12.90,11000
G07.SI,20110706,12.86,12.90,12.86,12.90,40000
G07.SI,20110705,12.85,12.85,12.85,12.85,000
G07.SI,20110704,12.81,12.85,12.81,12.85,28000
G07.SI,20110703,12.80,12.81,12.75,12.81,24000
G07.SI,20110630,12.80,12.80,12.71,12.75,31000
G07.SI,20110629,12.83,12.86,12.63,12.75,46000
G07.SI,20110628,12.82,12.83,12.82,12.83,4000
G07.SI,20110627,12.85,12.85,12.85,12.85,000
G07.SI,20110626,12.93,12.93,12.85,12.85,3000
G07.SI,20110623,12.90,12.90,12.90,12.90,30000
G07.SI,20110622,12.89,12.89,12.88,12.88,2000
G07.SI,20110621,12.90,12.90,12.84,12.84,17000
G07.SI,20110620,12.95,12.95,12.90,12.90,3000
G07.SI,20110619,12.92,12.95,12.90,12.95,11000
G07.SI,20110616,12.75,12.75,12.75,12.75,000
G07.SI,20110615,12.75,12.75,12.75,12.75,1000
G07.SI,20110614,12.75,12.75,12.75,12.75,000
G07.SI,20110613,12.75,12.78,12.75,12.75,6000
G07.SI,20110612,12.85,12.85,12.85,12.85,000
G07.SI,20110609,12.81,12.85,12.81,12.85,2000
G07.SI,20110608,12.84,12.88,12.73,12.88,16000
G07.SI,20110607,12.70,12.79,12.60,12.71,8000
G07.SI,20110606,12.60,12.60,12.52,12.52,3000
G07.SI,20110605,12.60,12.60,12.60,12.60,9000
G07.SI,20110602,12.76,12.76,12.53,12.63,65000
G07.SI,20110601,12.90,12.90,12.79,12.79,54000
G07.SI,20110531,12.85,12.95,12.85,12.87,6000
G07.SI,20110530,12.84,12.90,12.84,12.85,36000
G07.SI,20110529,12.90,12.90,12.90,12.90,2000
G07.SI,20110526,12.90,12.94,12.90,12.90,8000
G07.SI,20110525,12.85,12.85,12.85,12.85,3000
G07.SI,20110524,12.86,12.86,12.76,12.78,9000
G07.SI,20110523,12.76,12.76,12.76,12.76,3000
G07.SI,20110522,12.57,12.57,12.57,12.57,000
G07.SI,20110519,12.80,12.84,12.55,12.57,38000
G07.SI,20110518,12.84,12.86,12.84,12.86,28000
G07.SI,20110517,12.98,12.98,12.89,12.89,27000
G07.SI,20110516,13.20,13.20,12.98,13.00,29000
G07.SI,20110515,13.23,13.25,13.22,13.22,5000
G07.SI,20110512,13.25,13.25,13.20,13.20,10000
G07.SI,20110511,13.26,13.26,13.26,13.26,11000
G07.SI,20110510,13.34,13.34,13.26,13.26,26000
G07.SI,20110509,13.34,13.34,13.33,13.34,20000
G07.SI,20110508,13.36,13.36,13.32,13.32,17000
G07.SI,20110505,13.32,13.60,13.31,13.35,25000
G07.SI,20110504,13.48,13.50,13.31,13.31,25000
G07.SI,20110503,13.48,13.50,13.44,13.50,14000
G07.SI,20110502,13.48,13.48,13.48,13.48,000
G07.SI,20110501,13.50,13.50,13.48,13.48,5000
G07.SI,20110428,13.54,13.54,13.50,13.50,5000
G07.SI,20110427,13.70,13.70,13.70,13.70,000
G07.SI,20110426,13.53,13.70,13.53,13.70,2000
G07.SI,20110425,13.56,13.58,13.48,13.53,6000
G07.SI,20110424,13.88,13.88,13.23,13.56,3000
G07.SI,20110421,14.10,14.10,13.95,13.96,4000
G07.SI,20110420,14.00,14.19,14.00,14.19,6000
G07.SI,20110419,14.00,14.00,14.00,14.00,1000
G07.SI,20110418,13.90,13.90,13.90,13.90,000
G07.SI,20110417,13.90,13.90,13.90,13.90,2000
G07.SI,20110414,13.90,13.90,13.90,13.90,1000
G07.SI,20110413,13.75,14.00,13.73,14.00,23000
G07.SI,20110412,13.70,13.75,13.70,13.73,4000
G07.SI,20110411,13.75,13.75,13.75,13.75,2000
G07.SI,20110410,13.71,13.90,13.71,13.90,7000
G07.SI,20110407,13.82,13.82,13.82,13.82,000
G07.SI,20110406,13.82,13.82,13.82,13.82,1000
G07.SI,20110405,13.86,13.86,13.86,13.86,000
G07.SI,20110404,13.80,13.86,13.79,13.86,12000
G07.SI,20110403,13.89,13.89,13.78,13.80,61000
G07.SI,20110331,14.00,14.00,13.85,13.90,55000
G07.SI,20110330,14.10,14.14,14.00,14.00,278000
G07.SI,20110329,14.45,14.45,14.16,14.16,18000
G07.SI,20110328,14.67,14.68,14.37,14.37,37000
G07.SI,20110327,14.74,14.74,14.70,14.70,7000
G07.SI,20110324,14.79,14.79,14.74,14.74,9000
G07.SI,20110323,14.80,14.81,14.80,14.80,14000
G07.SI,20110322,14.81,14.82,14.81,14.81,5000
G07.SI,20110321,14.80,14.80,14.80,14.80,1000
G07.SI,20110320,15.25,15.27,15.25,15.27,3000
G07.SI,20110317,15.28,15.28,15.28,15.28,2000
G07.SI,20110316,15.30,15.30,15.30,15.30,000
G07.SI,20110315,15.20,15.30,15.20,15.30,7000
G07.SI,20110314,15.15,15.17,15.13,15.15,31000
G07.SI,20110313,15.15,15.17,15.15,15.17,11000
G07.SI,20110310,15.00,15.12,15.00,15.12,16000
G07.SI,20110309,14.95,15.02,14.95,15.02,8000
G07.SI,20110308,14.82,15.00,14.81,14.96,24000
G07.SI,20110307,14.65,14.85,14.65,14.85,53000
G07.SI,20110306,14.11,14.60,14.11,14.60,20000
G07.SI,20110303,13.85,14.08,13.85,14.08,20000
G07.SI,20110302,13.78,13.84,13.78,13.83,27000
G07.SI,20110301,13.73,13.73,13.73,13.73,4000
G07.SI,20110228,13.70,13.70,13.69,13.69,9000
G07.SI,20110227,13.70,13.72,13.69,13.69,34000
G07.SI,20110224,13.70,13.70,13.70,13.70,18000
G07.SI,20110223,13.72,13.73,13.70,13.70,11000
G07.SI,20110222,13.79,13.79,13.77,13.77,4000
G07.SI,20110221,13.80,13.80,13.80,13.80,5000
G07.SI,20110220,13.80,13.85,13.80,13.80,6000
G07.SI,20110217,13.80,13.80,13.80,13.80,000
G07.SI,20110216,13.80,13.80,13.80,13.80,000
G07.SI,20110215,13.68,13.80,13.68,13.80,3000
G07.SI,20110214,13.52,13.68,13.50,13.68,17000
G07.SI,20110213,13.67,13.67,13.67,13.67,1000
G07.SI,20110210,13.68,13.68,13.68,13.68,7000
G07.SI,20110209,13.70,13.70,13.70,13.70,13000
G07.SI,20110208,13.80,13.80,13.70,13.70,70000
G07.SI,20110207,13.74,13.74,13.74,13.74,000
G07.SI,20110206,13.74,13.74,13.74,13.74,000
G07.SI,20110203,13.70,13.74,13.70,13.74,27000
G07.SI,20110202,13.65,13.70,13.65,13.70,55000
G07.SI,20110201,13.55,13.62,13.55,13.62,14000
G07.SI,20110131,13.40,13.55,13.40,13.55,21000
G07.SI,20110130,13.50,13.50,13.40,13.40,12000
G07.SI,20110127,13.50,13.50,13.50,13.50,12000
G07.SI,20110126,13.48,13.50,13.48,13.49,11000
G07.SI,20110125,13.60,13.60,13.49,13.50,8000
G07.SI,20110124,13.60,13.60,13.60,13.60,000
G07.SI,20110123,13.60,13.60,13.60,13.60,000
G07.SI,20110120,13.60,13.62,13.60,13.60,8000
G07.SI,20110119,13.50,13.50,13.50,13.50,2000
G07.SI,20110118,13.30,13.40,13.30,13.40,6000
G07.SI,20110117,13.20,13.33,13.20,13.33,4000
G07.SI,20110116,13.08,13.20,13.06,13.20,16000
G07.SI,20110113,13.00,13.10,13.00,13.10,25000
G07.SI,20110112,12.82,13.12,12.82,13.00,76000
G07.SI,20110111,12.80,12.82,12.80,12.82,2000
G07.SI,20110110,12.66,12.86,12.66,12.86,3000
G07.SI,20110109,12.60,12.60,12.60,12.60,2000
G07.SI,20110106,12.84,12.84,12.84,12.84,000
G07.SI,20110105,12.84,12.84,12.84,12.84,1000
G07.SI,20110104,12.64,12.64,12.64,12.64,1000
G07.SI,20110103,12.70,12.70,12.60,12.60,10000
G07.SI,20110102,12.60,12.60,12.60,12.60,000
