G18.SI,20120605,0.285,0.285,0.285,0.285,365000
G18.SI,20120604,0.28,0.28,0.28,0.28,353000
G18.SI,20120603,0.28,0.28,0.28,0.28,635000
G18.SI,20120531,0.29,0.29,0.28,0.28,1028000
G18.SI,20120530,0.29,0.29,0.29,0.29,854000
G18.SI,20120529,0.30,0.30,0.29,0.29,1750000
G18.SI,20120528,0.29,0.30,0.29,0.30,1710000
G18.SI,20120527,0.30,0.30,0.29,0.29,490000
G18.SI,20120524,0.30,0.30,0.30,0.30,000
G18.SI,20120523,0.30,0.31,0.29,0.30,12935000
G18.SI,20120522,0.29,0.31,0.29,0.30,13212000
G18.SI,20120521,0.31,0.31,0.29,0.29,19375000
G18.SI,20120520,0.31,0.32,0.31,0.31,11542000
G18.SI,20120517,0.31,0.31,0.31,0.31,8706000
G18.SI,20120516,0.31,0.31,0.31,0.31,1140000
G18.SI,20120515,0.31,0.31,0.31,0.31,2010000
G18.SI,20120514,0.31,0.32,0.30,0.31,25960000
G18.SI,20120513,0.34,0.36,0.31,0.31,51343000
G18.SI,20120510,0.35,0.35,0.33,0.34,1375000
G18.SI,20120509,0.31,0.35,0.31,0.35,1076000
G18.SI,20120508,0.31,0.32,0.31,0.31,353000
G18.SI,20120507,0.31,0.32,0.30,0.32,309000
G18.SI,20120506,0.30,0.31,0.30,0.30,170000
G18.SI,20120503,0.28,0.28,0.28,0.28,000
G18.SI,20120502,0.28,0.28,0.28,0.28,000
G18.SI,20120501,0.28,0.28,0.28,0.28,000
G18.SI,20120430,0.28,0.28,0.28,0.28,4000
G18.SI,20120429,0.27,0.29,0.27,0.29,14000
G18.SI,20120426,0.30,0.30,0.30,0.30,20000
G18.SI,20120425,0.28,0.31,0.28,0.31,20000
G18.SI,20120424,0.25,0.25,0.25,0.25,000
G18.SI,20120423,0.25,0.25,0.25,0.25,000
G18.SI,20120422,0.28,0.28,0.25,0.25,12000
G18.SI,20120419,0.28,0.28,0.28,0.28,2000
G18.SI,20120418,0.29,0.30,0.27,0.27,305000
G18.SI,20120417,0.30,0.30,0.30,0.30,000
G18.SI,20120416,0.28,0.30,0.28,0.30,44000
G18.SI,20120415,0.29,0.29,0.29,0.29,6000
G18.SI,20120412,0.30,0.30,0.30,0.30,000
G18.SI,20120411,0.30,0.30,0.30,0.30,000
G18.SI,20120410,0.30,0.30,0.30,0.30,000
G18.SI,20120409,0.30,0.30,0.30,0.30,5000
G18.SI,20120408,0.29,0.30,0.29,0.29,178000
G18.SI,20120405,0.29,0.29,0.29,0.29,2000
G18.SI,20120404,0.29,0.29,0.29,0.29,100000
G18.SI,20120403,0.29,0.31,0.27,0.31,220000
G18.SI,20120402,0.31,0.31,0.31,0.31,000
G18.SI,20120401,0.31,0.31,0.31,0.31,000
G18.SI,20120329,0.31,0.31,0.31,0.31,000
G18.SI,20120328,0.31,0.31,0.31,0.31,000
G18.SI,20120327,0.31,0.31,0.31,0.31,000
G18.SI,20120326,0.29,0.31,0.29,0.31,56000
G18.SI,20120325,0.31,0.31,0.29,0.29,58000
G18.SI,20120322,0.30,0.31,0.29,0.31,59000
G18.SI,20120321,0.31,0.31,0.29,0.31,397000
G18.SI,20120320,0.31,0.31,0.31,0.31,000
G18.SI,20120319,0.31,0.31,0.30,0.31,148000
G18.SI,20120318,0.31,0.31,0.29,0.29,140000
G18.SI,20120315,0.31,0.31,0.30,0.31,651000
G18.SI,20120314,0.35,0.35,0.35,0.35,705000
G18.SI,20120313,0.35,0.35,0.35,0.35,798000
G18.SI,20120312,0.35,0.35,0.35,0.35,194000
G18.SI,20120311,0.35,0.35,0.34,0.35,422000
G18.SI,20120308,0.33,0.34,0.33,0.34,132000
G18.SI,20120307,0.34,0.34,0.34,0.34,186000
G18.SI,20120306,0.34,0.34,0.34,0.34,20000
G18.SI,20120305,0.34,0.34,0.34,0.34,2000
G18.SI,20120304,0.34,0.34,0.34,0.34,193000
G18.SI,20120301,0.34,0.34,0.34,0.34,104000
G18.SI,20120229,0.34,0.34,0.34,0.34,68000
G18.SI,20120228,0.34,0.34,0.34,0.34,147000
G18.SI,20120227,0.34,0.35,0.34,0.35,23000
G18.SI,20120226,0.34,0.35,0.34,0.34,68000
G18.SI,20120223,0.34,0.34,0.34,0.34,116000
G18.SI,20120222,0.34,0.35,0.34,0.35,227000
G18.SI,20120221,0.35,0.35,0.35,0.35,355000
G18.SI,20120220,0.36,0.36,0.35,0.35,423000
G18.SI,20120219,0.36,0.36,0.36,0.36,66000
G18.SI,20120216,0.37,0.37,0.37,0.37,7000
G18.SI,20120215,0.36,0.36,0.35,0.36,199000
G18.SI,20120214,0.37,0.37,0.35,0.36,457000
G18.SI,20120213,0.37,0.37,0.37,0.37,000
G18.SI,20120212,0.37,0.37,0.37,0.37,000
G18.SI,20120209,0.37,0.37,0.37,0.37,000
G18.SI,20120208,0.36,0.37,0.36,0.37,143000
G18.SI,20120207,0.37,0.37,0.36,0.36,66000
G18.SI,20120206,0.36,0.37,0.36,0.37,638000
G18.SI,20120205,0.38,0.38,0.37,0.37,613000
G18.SI,20120202,0.38,0.39,0.38,0.38,844000
G18.SI,20120201,0.38,0.39,0.38,0.39,652000
G18.SI,20120131,0.37,0.38,0.36,0.38,2430000
G18.SI,20120130,0.34,0.34,0.33,0.33,189000
G18.SI,20120129,0.32,0.34,0.32,0.34,453000
G18.SI,20120126,0.32,0.32,0.32,0.32,000
G18.SI,20120125,0.32,0.32,0.32,0.32,162000
G18.SI,20120124,0.32,0.32,0.32,0.32,288000
G18.SI,20120123,0.31,0.31,0.31,0.31,73000
G18.SI,20120122,0.31,0.32,0.31,0.32,308000
G18.SI,20120119,0.30,0.31,0.30,0.31,355000
G18.SI,20120118,0.31,0.31,0.30,0.30,218000
G18.SI,20120117,0.31,0.31,0.31,0.31,112000
G18.SI,20120116,0.30,0.30,0.30,0.30,128000
G18.SI,20120115,0.28,0.31,0.28,0.29,6530000
G18.SI,20120112,0.28,0.29,0.28,0.29,354000
G18.SI,20120111,0.28,0.28,0.28,0.28,248000
G18.SI,20120110,0.28,0.28,0.28,0.28,135000
G18.SI,20120109,0.28,0.28,0.28,0.28,150000
G18.SI,20120108,0.28,0.29,0.28,0.28,511000
G18.SI,20120105,0.28,0.28,0.28,0.28,219000
G18.SI,20120104,0.28,0.28,0.27,0.28,214000
G18.SI,20120103,0.27,0.28,0.27,0.28,568000
G18.SI,20120102,0.27,0.27,0.27,0.27,000
G18.SI,20120101,0.28,0.28,0.27,0.27,324000
G18.SI,20111229,0.27,0.28,0.26,0.27,340000
G18.SI,20111228,0.27,0.27,0.26,0.26,82000
G18.SI,20111227,0.27,0.27,0.27,0.27,27000
G18.SI,20111226,0.27,0.27,0.27,0.27,000
G18.SI,20111225,0.27,0.27,0.27,0.27,27000
G18.SI,20111222,0.26,0.26,0.26,0.26,149000
G18.SI,20111221,0.26,0.26,0.26,0.26,38000
G18.SI,20111220,0.26,0.26,0.26,0.26,000
G18.SI,20111219,0.26,0.26,0.26,0.26,35000
G18.SI,20111218,0.26,0.26,0.26,0.26,24000
G18.SI,20111215,0.26,0.26,0.26,0.26,31000
G18.SI,20111214,0.26,0.27,0.26,0.27,235000
G18.SI,20111213,0.26,0.26,0.26,0.26,33000
G18.SI,20111212,0.26,0.27,0.26,0.27,107000
G18.SI,20111211,0.25,0.27,0.25,0.27,698000
G18.SI,20111208,0.25,0.26,0.25,0.26,36602000
G18.SI,20111207,0.23,0.23,0.23,0.23,155000
G18.SI,20111206,0.23,0.23,0.23,0.23,000
G18.SI,20111205,0.23,0.23,0.23,0.23,000
G18.SI,20111204,0.23,0.23,0.23,0.23,000
G18.SI,20111201,0.23,0.23,0.23,0.23,000
G18.SI,20111130,0.23,0.23,0.23,0.23,65000
G18.SI,20111129,0.23,0.23,0.23,0.23,000
G18.SI,20111128,0.23,0.23,0.23,0.23,000
G18.SI,20111127,0.23,0.23,0.23,0.23,000
G18.SI,20111124,0.23,0.23,0.23,0.23,000
G18.SI,20111123,0.23,0.23,0.23,0.23,000
G18.SI,20111122,0.22,0.23,0.22,0.23,112000
G18.SI,20111121,0.23,0.23,0.23,0.23,000
G18.SI,20111120,0.23,0.23,0.23,0.23,000
G18.SI,20111117,0.23,0.23,0.23,0.23,000
G18.SI,20111116,0.23,0.23,0.23,0.23,18000
G18.SI,20111115,0.24,0.24,0.24,0.24,000
G18.SI,20111114,0.24,0.24,0.24,0.24,000
G18.SI,20111113,0.24,0.24,0.24,0.24,000
G18.SI,20111110,0.23,0.24,0.23,0.24,73000
G18.SI,20111109,0.24,0.24,0.24,0.24,000
G18.SI,20111108,0.23,0.24,0.22,0.24,153000
G18.SI,20111107,0.23,0.23,0.23,0.23,000
G18.SI,20111106,0.23,0.23,0.23,0.23,50000
G18.SI,20111103,0.24,0.24,0.23,0.23,24000
G18.SI,20111102,0.25,0.25,0.25,0.25,000
G18.SI,20111101,0.25,0.25,0.25,0.25,000
G18.SI,20111031,0.25,0.25,0.25,0.25,25000
G18.SI,20111030,0.25,0.25,0.24,0.24,100000
G18.SI,20111027,0.26,0.26,0.26,0.26,000
G18.SI,20111026,0.26,0.26,0.26,0.26,000
G18.SI,20111025,0.26,0.26,0.26,0.26,000
G18.SI,20111024,0.26,0.26,0.26,0.26,000
G18.SI,20111023,0.25,0.26,0.25,0.26,453000
G18.SI,20111020,0.25,0.25,0.25,0.25,40000
G18.SI,20111019,0.25,0.25,0.24,0.25,33000
G18.SI,20111018,0.25,0.25,0.24,0.25,293000
G18.SI,20111017,0.24,0.25,0.24,0.25,5821000
G18.SI,20111016,0.24,0.24,0.23,0.23,120000
G18.SI,20111013,0.24,0.24,0.23,0.24,159000
G18.SI,20111012,0.24,0.24,0.24,0.24,35000
G18.SI,20111011,0.24,0.24,0.24,0.24,000
G18.SI,20111010,0.25,0.25,0.24,0.24,295000
G18.SI,20111009,0.24,0.24,0.24,0.24,000
G18.SI,20111006,0.24,0.24,0.24,0.24,000
G18.SI,20111005,0.24,0.24,0.24,0.24,000
G18.SI,20111004,0.23,0.24,0.23,0.24,18000
G18.SI,20111003,0.24,0.24,0.23,0.23,61000
G18.SI,20111002,0.25,0.25,0.25,0.25,7000
G18.SI,20110929,0.23,0.24,0.22,0.24,7000
G18.SI,20110928,0.22,0.22,0.22,0.22,000
G18.SI,20110927,0.23,0.23,0.22,0.22,5000
G18.SI,20110926,0.24,0.24,0.24,0.24,2000
G18.SI,20110925,0.23,0.23,0.23,0.23,000
G18.SI,20110922,0.23,0.23,0.23,0.23,20000
G18.SI,20110921,0.23,0.23,0.23,0.23,10000
G18.SI,20110920,0.23,0.23,0.23,0.23,25000
G18.SI,20110919,0.23,0.23,0.23,0.23,40000
G18.SI,20110918,0.23,0.23,0.23,0.23,60000
G18.SI,20110915,0.23,0.23,0.23,0.23,79000
G18.SI,20110914,0.23,0.23,0.23,0.23,100000
G18.SI,20110913,0.23,0.23,0.23,0.23,5000
G18.SI,20110912,0.23,0.23,0.23,0.23,000
G18.SI,20110911,0.22,0.23,0.22,0.23,15000
G18.SI,20110908,0.22,0.22,0.22,0.22,1000
G18.SI,20110907,0.22,0.22,0.22,0.22,000
G18.SI,20110906,0.22,0.22,0.22,0.22,5000
G18.SI,20110905,0.22,0.22,0.22,0.22,000
G18.SI,20110904,0.22,0.22,0.22,0.22,000
G18.SI,20110901,0.22,0.22,0.22,0.22,10000
G18.SI,20110831,0.23,0.23,0.22,0.23,35000
G18.SI,20110830,0.23,0.23,0.23,0.23,000
G18.SI,20110829,0.23,0.23,0.23,0.23,120000
G18.SI,20110828,0.23,0.23,0.22,0.22,21000
G18.SI,20110825,0.22,0.22,0.22,0.22,000
G18.SI,20110824,0.22,0.22,0.22,0.22,43000
G18.SI,20110823,0.22,0.22,0.22,0.22,000
G18.SI,20110822,0.22,0.22,0.22,0.22,000
G18.SI,20110821,0.22,0.22,0.22,0.22,000
G18.SI,20110818,0.22,0.22,0.22,0.22,1000
G18.SI,20110817,0.22,0.22,0.22,0.22,000
G18.SI,20110816,0.22,0.22,0.22,0.22,000
G18.SI,20110815,0.22,0.22,0.22,0.22,000
G18.SI,20110814,0.22,0.22,0.22,0.22,000
G18.SI,20110811,0.22,0.22,0.22,0.22,74000
G18.SI,20110810,0.22,0.22,0.22,0.22,000
G18.SI,20110809,0.22,0.22,0.22,0.22,39000
G18.SI,20110808,0.22,0.22,0.22,0.22,40000
G18.SI,20110807,0.22,0.22,0.22,0.22,27000
G18.SI,20110804,0.22,0.22,0.22,0.22,87000
G18.SI,20110803,0.22,0.22,0.22,0.22,21000
G18.SI,20110802,0.22,0.22,0.22,0.22,8000
G18.SI,20110801,0.22,0.22,0.22,0.22,2000
G18.SI,20110731,0.21,0.21,0.21,0.21,000
G18.SI,20110728,0.21,0.21,0.21,0.21,000
G18.SI,20110727,0.21,0.21,0.21,0.21,25000
G18.SI,20110726,0.22,0.22,0.21,0.21,15000
G18.SI,20110725,0.22,0.22,0.22,0.22,000
G18.SI,20110724,0.22,0.22,0.22,0.22,000
G18.SI,20110721,0.22,0.22,0.22,0.22,20000
G18.SI,20110720,0.22,0.22,0.22,0.22,000
G18.SI,20110719,0.22,0.22,0.22,0.22,5000
G18.SI,20110718,0.22,0.22,0.22,0.22,000
G18.SI,20110717,0.22,0.22,0.22,0.22,14000
G18.SI,20110714,0.22,0.22,0.22,0.22,9000
G18.SI,20110713,0.22,0.22,0.22,0.22,187000
G18.SI,20110712,0.22,0.22,0.22,0.22,12000
G18.SI,20110711,0.22,0.22,0.22,0.22,000
G18.SI,20110710,0.22,0.22,0.22,0.22,000
G18.SI,20110707,0.22,0.22,0.21,0.22,13000
G18.SI,20110706,0.22,0.22,0.21,0.21,5000
G18.SI,20110705,0.22,0.22,0.22,0.22,81000
G18.SI,20110704,0.22,0.22,0.22,0.22,10000
G18.SI,20110703,0.22,0.22,0.22,0.22,000
G18.SI,20110630,0.22,0.22,0.22,0.22,1000
G18.SI,20110629,0.21,0.21,0.21,0.21,000
G18.SI,20110628,0.21,0.21,0.21,0.21,000
G18.SI,20110627,0.21,0.21,0.21,0.21,000
G18.SI,20110626,0.21,0.21,0.21,0.21,20000
G18.SI,20110623,0.21,0.21,0.21,0.21,000
G18.SI,20110622,0.21,0.21,0.21,0.21,000
G18.SI,20110621,0.21,0.21,0.21,0.21,34000
G18.SI,20110620,0.22,0.22,0.22,0.22,000
G18.SI,20110619,0.21,0.22,0.21,0.22,15000
G18.SI,20110616,0.21,0.21,0.21,0.21,000
G18.SI,20110615,0.22,0.22,0.21,0.21,2000
G18.SI,20110614,0.21,0.21,0.21,0.21,000
G18.SI,20110613,0.21,0.21,0.21,0.21,000
G18.SI,20110612,0.21,0.21,0.21,0.21,2000
G18.SI,20110609,0.22,0.22,0.22,0.22,100000
G18.SI,20110608,0.22,0.22,0.22,0.22,100000
G18.SI,20110607,0.22,0.22,0.22,0.22,000
G18.SI,20110606,0.22,0.22,0.22,0.22,35000
G18.SI,20110605,0.22,0.22,0.22,0.22,10000
G18.SI,20110602,0.22,0.22,0.22,0.22,000
G18.SI,20110601,0.22,0.22,0.22,0.22,000
G18.SI,20110531,0.22,0.22,0.22,0.22,000
G18.SI,20110530,0.22,0.22,0.22,0.22,000
G18.SI,20110529,0.22,0.22,0.22,0.22,60000
G18.SI,20110526,0.22,0.22,0.22,0.22,000
G18.SI,20110525,0.22,0.22,0.22,0.22,30000
G18.SI,20110524,0.22,0.22,0.22,0.22,199000
G18.SI,20110523,0.22,0.22,0.22,0.22,114000
G18.SI,20110522,0.22,0.22,0.22,0.22,000
G18.SI,20110519,0.21,0.22,0.21,0.22,20000
G18.SI,20110518,0.21,0.21,0.21,0.21,000
G18.SI,20110517,0.22,0.22,0.21,0.21,200000
G18.SI,20110516,0.21,0.21,0.21,0.21,000
G18.SI,20110515,0.21,0.21,0.21,0.21,10000
G18.SI,20110512,0.22,0.22,0.22,0.22,67000
G18.SI,20110511,0.22,0.22,0.22,0.22,000
G18.SI,20110510,0.22,0.22,0.22,0.22,50000
G18.SI,20110509,0.22,0.22,0.22,0.22,20000
G18.SI,20110508,0.22,0.22,0.22,0.22,51000
G18.SI,20110505,0.22,0.22,0.22,0.22,000
G18.SI,20110504,0.22,0.22,0.22,0.22,000
G18.SI,20110503,0.22,0.22,0.22,0.22,10000
G18.SI,20110502,0.22,0.22,0.22,0.22,000
G18.SI,20110501,0.22,0.22,0.22,0.22,144000
G18.SI,20110428,0.21,0.21,0.20,0.21,131000
G18.SI,20110427,0.21,0.21,0.21,0.21,000
G18.SI,20110426,0.21,0.21,0.21,0.21,000
G18.SI,20110425,0.21,0.21,0.21,0.21,5000
G18.SI,20110424,0.22,0.22,0.22,0.22,000
G18.SI,20110421,0.22,0.22,0.22,0.22,97000
G18.SI,20110420,0.22,0.22,0.22,0.22,15000
G18.SI,20110419,0.22,0.22,0.22,0.22,43000
G18.SI,20110418,0.21,0.24,0.21,0.24,261000
G18.SI,20110417,0.22,0.22,0.22,0.22,000
G18.SI,20110414,0.21,0.22,0.21,0.22,58000
G18.SI,20110413,0.21,0.21,0.21,0.21,000
G18.SI,20110412,0.21,0.21,0.21,0.21,000
G18.SI,20110411,0.21,0.22,0.21,0.21,215000
G18.SI,20110410,0.22,0.22,0.22,0.22,000
G18.SI,20110407,0.22,0.22,0.22,0.22,000
G18.SI,20110406,0.20,0.22,0.20,0.22,206000
G18.SI,20110405,0.21,0.21,0.21,0.21,10000
G18.SI,20110404,0.21,0.21,0.21,0.21,20000
G18.SI,20110403,0.21,0.21,0.21,0.21,000
G18.SI,20110331,0.21,0.21,0.21,0.21,10000
G18.SI,20110330,0.21,0.22,0.21,0.22,45000
G18.SI,20110329,0.21,0.21,0.21,0.21,000
G18.SI,20110328,0.21,0.21,0.21,0.21,4000
G18.SI,20110327,0.21,0.22,0.21,0.22,100000
G18.SI,20110324,0.22,0.22,0.22,0.22,50000
G18.SI,20110323,0.21,0.21,0.21,0.21,000
G18.SI,20110322,0.22,0.22,0.20,0.21,100000
G18.SI,20110321,0.22,0.22,0.22,0.22,000
G18.SI,20110320,0.22,0.22,0.22,0.22,30000
G18.SI,20110317,0.20,0.20,0.20,0.20,000
G18.SI,20110316,0.20,0.20,0.20,0.20,000
G18.SI,20110315,0.20,0.20,0.20,0.20,000
G18.SI,20110314,0.20,0.20,0.20,0.20,28000
G18.SI,20110313,0.21,0.22,0.21,0.22,130000
G18.SI,20110310,0.20,0.20,0.20,0.20,10000
G18.SI,20110309,0.22,0.22,0.22,0.22,129000
G18.SI,20110308,0.22,0.22,0.22,0.22,000
G18.SI,20110307,0.22,0.22,0.22,0.22,000
G18.SI,20110306,0.22,0.22,0.22,0.22,258000
G18.SI,20110303,0.22,0.22,0.22,0.22,280000
G18.SI,20110302,0.22,0.22,0.22,0.22,000
G18.SI,20110301,0.22,0.23,0.22,0.22,137000
G18.SI,20110228,0.22,0.23,0.22,0.22,315000
G18.SI,20110227,0.23,0.24,0.22,0.23,295000
G18.SI,20110224,0.23,0.23,0.23,0.23,000
G18.SI,20110223,0.23,0.23,0.22,0.23,150000
G18.SI,20110222,0.22,0.23,0.22,0.23,75000
G18.SI,20110221,0.23,0.23,0.23,0.23,000
G18.SI,20110220,0.24,0.24,0.23,0.23,156000
G18.SI,20110217,0.23,0.24,0.23,0.24,195000
G18.SI,20110216,0.22,0.23,0.22,0.23,521000
G18.SI,20110215,0.22,0.23,0.22,0.22,461000
G18.SI,20110214,0.22,0.22,0.22,0.22,50000
G18.SI,20110213,0.20,0.20,0.20,0.20,20000
G18.SI,20110210,0.20,0.20,0.20,0.20,109000
G18.SI,20110209,0.21,0.21,0.20,0.21,91000
G18.SI,20110208,0.20,0.21,0.20,0.21,7000
G18.SI,20110207,0.20,0.20,0.20,0.20,000
G18.SI,20110206,0.20,0.20,0.20,0.20,000
G18.SI,20110203,0.20,0.20,0.20,0.20,4000
G18.SI,20110202,0.21,0.21,0.21,0.21,50000
G18.SI,20110201,0.26,0.26,0.21,0.21,151000
G18.SI,20110131,0.21,0.21,0.21,0.21,51000
G18.SI,20110130,0.20,0.21,0.20,0.20,75000
G18.SI,20110127,0.20,0.20,0.20,0.20,000
G18.SI,20110126,0.20,0.20,0.20,0.20,68000
G18.SI,20110125,0.20,0.20,0.20,0.20,121000
G18.SI,20110124,0.19,0.19,0.19,0.19,000
G18.SI,20110123,0.19,0.19,0.19,0.19,000
G18.SI,20110120,0.20,0.20,0.19,0.19,98000
G18.SI,20110119,0.20,0.20,0.20,0.20,000
G18.SI,20110118,0.20,0.20,0.20,0.20,000
G18.SI,20110117,0.20,0.20,0.20,0.20,000
G18.SI,20110116,0.20,0.20,0.20,0.20,7000
G18.SI,20110113,0.20,0.20,0.20,0.20,000
G18.SI,20110112,0.20,0.20,0.20,0.20,000
G18.SI,20110111,0.20,0.20,0.20,0.20,2000
G18.SI,20110110,0.20,0.20,0.20,0.20,13000
G18.SI,20110109,0.20,0.20,0.20,0.20,65000
G18.SI,20110106,0.20,0.20,0.20,0.20,47000
G18.SI,20110105,0.20,0.20,0.20,0.20,90000
G18.SI,20110104,0.20,0.20,0.20,0.20,20000
G18.SI,20110103,0.20,0.20,0.20,0.20,241000
G18.SI,20110102,0.20,0.20,0.20,0.20,000
G18.SI,20101230,0.20,0.20,0.20,0.20,70000
G18.SI,20101229,0.20,0.20,0.20,0.20,425000
G18.SI,20101228,0.20,0.20,0.20,0.20,379000
G18.SI,20101227,0.19,0.20,0.19,0.20,56000
G18.SI,20101226,0.19,0.19,0.19,0.19,000
G18.SI,20101223,0.19,0.19,0.19,0.19,000
G18.SI,20101222,0.19,0.19,0.19,0.19,5000
G18.SI,20101221,0.20,0.20,0.20,0.20,175000
G18.SI,20101220,0.18,0.19,0.18,0.19,19000
G18.SI,20101219,0.18,0.18,0.18,0.18,000
G18.SI,20101216,0.18,0.18,0.18,0.18,000
G18.SI,20101215,0.18,0.18,0.18,0.18,000
G18.SI,20101214,0.18,0.18,0.18,0.18,000
G18.SI,20101213,0.18,0.18,0.18,0.18,13000
G18.SI,20101212,0.18,0.18,0.18,0.18,000
G18.SI,20101209,0.18,0.18,0.18,0.18,000
G18.SI,20101208,0.18,0.18,0.18,0.18,50000
G18.SI,20101207,0.18,0.18,0.18,0.18,12000
G18.SI,20101206,0.17,0.18,0.17,0.18,30000
G18.SI,20101205,0.18,0.18,0.18,0.18,000
G18.SI,20101202,0.18,0.18,0.18,0.18,000
G18.SI,20101201,0.18,0.18,0.18,0.18,10000
G18.SI,20101130,0.18,0.18,0.18,0.18,000
G18.SI,20101129,0.18,0.18,0.18,0.18,000
G18.SI,20101128,0.18,0.18,0.18,0.18,20000
G18.SI,20101125,0.18,0.18,0.18,0.18,000
G18.SI,20101124,0.18,0.18,0.18,0.18,27000
G18.SI,20101123,0.18,0.18,0.18,0.18,000
G18.SI,20101122,0.18,0.18,0.18,0.18,6000
G18.SI,20101121,0.18,0.18,0.18,0.18,84000
G18.SI,20101118,0.18,0.18,0.18,0.18,000
G18.SI,20101117,0.18,0.18,0.18,0.18,000
G18.SI,20101116,0.18,0.18,0.18,0.18,2000
G18.SI,20101110,0.19,0.19,0.19,0.19,26000
G18.SI,20101108,0.19,0.19,0.19,0.19,2000
G18.SI,20101102,0.20,0.20,0.20,0.20,10000
G18.SI,20101101,0.19,0.19,0.19,0.19,10000
G18.SI,20101031,0.20,0.20,0.20,0.20,64000
G18.SI,20101024,0.19,0.19,0.19,0.19,10000
G18.SI,20101020,0.19,0.19,0.19,0.19,50000
G18.SI,20101019,0.19,0.19,0.19,0.19,30000
G18.SI,20101017,0.19,0.19,0.19,0.19,6000
G18.SI,20101014,0.19,0.19,0.19,0.19,10000
G18.SI,20101011,0.19,0.19,0.19,0.19,10000
G18.SI,20101010,0.18,0.18,0.18,0.18,60000
G18.SI,20101007,0.18,0.18,0.18,0.18,65000
G18.SI,20101004,0.18,0.18,0.18,0.18,110000
G18.SI,20100930,0.19,0.19,0.19,0.19,50000
G18.SI,20100928,0.19,0.19,0.19,0.19,44000
G18.SI,20100923,0.18,0.18,0.18,0.18,53000
G18.SI,20100922,0.18,0.19,0.18,0.19,40000
G18.SI,20100921,0.18,0.18,0.18,0.18,40000
G18.SI,20100920,0.18,0.18,0.18,0.18,15000
G18.SI,20100916,0.19,0.19,0.19,0.19,74000
G18.SI,20100915,0.19,0.19,0.19,0.19,1000
G18.SI,20100914,0.18,0.18,0.18,0.18,44000
G18.SI,20100912,0.19,0.19,0.19,0.19,1000
G18.SI,20100908,0.19,0.19,0.19,0.19,20000
G18.SI,20100905,0.19,0.19,0.19,0.19,3000
G18.SI,20100901,0.19,0.19,0.19,0.19,12000
G18.SI,20100831,0.19,0.19,0.19,0.19,9000
G18.SI,20100829,0.18,0.19,0.18,0.18,101000
G18.SI,20100826,0.18,0.18,0.18,0.18,20000
G18.SI,20100825,0.19,0.19,0.18,0.18,234000
G18.SI,20100824,0.19,0.19,0.19,0.19,70000
G18.SI,20100823,0.19,0.19,0.19,0.19,1000
G18.SI,20100822,0.19,0.19,0.19,0.19,30000
G18.SI,20100812,0.19,0.19,0.19,0.19,10000
G18.SI,20100811,0.19,0.19,0.19,0.19,28000
G18.SI,20100810,0.19,0.19,0.19,0.19,112000
G18.SI,20100808,0.19,0.19,0.19,0.19,33000
G18.SI,20100805,0.20,0.21,0.20,0.21,131000
G18.SI,20100804,0.20,0.20,0.20,0.20,36000
G18.SI,20100803,0.20,0.20,0.20,0.20,115000
G18.SI,20100801,0.20,0.20,0.20,0.20,26000
G18.SI,20100726,0.19,0.19,0.19,0.19,7000
G18.SI,20100725,0.21,0.21,0.20,0.21,34000
G18.SI,20100721,0.20,0.20,0.20,0.20,25000
G18.SI,20100720,0.20,0.20,0.20,0.20,87000
G18.SI,20100712,0.18,0.19,0.18,0.19,8000
G18.SI,20100707,0.19,0.20,0.19,0.20,22000
G18.SI,20100706,0.20,0.20,0.20,0.20,5000
G18.SI,20100627,0.20,0.20,0.20,0.20,49000
G18.SI,20100624,0.19,0.20,0.19,0.20,28000
G18.SI,20100623,0.19,0.19,0.19,0.19,5000
G18.SI,20100622,0.20,0.20,0.20,0.20,2000
G18.SI,20100617,0.20,0.20,0.20,0.20,29000
G18.SI,20100616,0.20,0.20,0.19,0.19,100000
G18.SI,20100613,0.20,0.20,0.20,0.20,50000
G18.SI,20100609,0.19,0.19,0.19,0.19,2000
G18.SI,20100601,0.20,0.20,0.20,0.20,20000
G18.SI,20100527,0.20,0.20,0.20,0.20,28000
G18.SI,20100525,0.19,0.19,0.19,0.19,150000
G18.SI,20100520,0.20,0.20,0.20,0.20,35000
G18.SI,20100518,0.21,0.21,0.21,0.21,18000
G18.SI,20100516,0.20,0.20,0.20,0.20,30000
G18.SI,20100513,0.20,0.20,0.20,0.20,20000
G18.SI,20100511,0.21,0.21,0.20,0.20,77000
G18.SI,20100505,0.20,0.20,0.20,0.20,13000
G18.SI,20100428,0.20,0.20,0.20,0.20,30000
G18.SI,20100427,0.20,0.20,0.20,0.20,10000
G18.SI,20100420,0.20,0.20,0.20,0.20,160000
G18.SI,20100419,0.21,0.21,0.21,0.21,10000
G18.SI,20100418,0.22,0.22,0.21,0.21,49000
G18.SI,20100414,0.20,0.21,0.20,0.21,23000
G18.SI,20100411,0.22,0.22,0.22,0.22,12000
G18.SI,20100408,0.20,0.20,0.20,0.20,10000
G18.SI,20100406,0.21,0.21,0.21,0.21,3000
G18.SI,20100404,0.21,0.21,0.21,0.21,50000
G18.SI,20100331,0.21,0.21,0.21,0.21,70000
G18.SI,20100330,0.20,0.20,0.20,0.20,50000
G18.SI,20100324,0.21,0.21,0.21,0.21,50000
G18.SI,20100323,0.21,0.21,0.21,0.21,99000
G18.SI,20100322,0.21,0.21,0.21,0.21,50000
G18.SI,20100321,0.22,0.22,0.22,0.22,15000
G18.SI,20100318,0.21,0.21,0.21,0.21,10000
G18.SI,20100317,0.21,0.21,0.21,0.21,3000
G18.SI,20100316,0.20,0.20,0.20,0.20,40000
G18.SI,20100315,0.20,0.21,0.20,0.21,77000
G18.SI,20100308,0.21,0.22,0.21,0.22,18000
G18.SI,20100307,0.21,0.21,0.21,0.21,2000
G18.SI,20100303,0.22,0.22,0.22,0.22,10000
G18.SI,20100302,0.22,0.22,0.22,0.22,100000
G18.SI,20100301,0.21,0.22,0.21,0.22,15000
G18.SI,20100228,0.20,0.21,0.20,0.21,40000
G18.SI,20100222,0.22,0.22,0.20,0.22,80000
G18.SI,20100221,0.22,0.22,0.21,0.21,40000
G18.SI,20100217,0.22,0.22,0.22,0.22,50000
G18.SI,20100216,0.22,0.23,0.22,0.22,151000
G18.SI,20100215,0.23,0.23,0.20,0.22,319000
G18.SI,20100211,0.22,0.22,0.22,0.22,32000
G18.SI,20100209,0.22,0.22,0.22,0.22,14000
G18.SI,20100208,0.22,0.23,0.22,0.23,76000
G18.SI,20100201,0.22,0.22,0.22,0.22,50000
G18.SI,20100128,0.22,0.22,0.22,0.22,74000
G18.SI,20100125,0.22,0.23,0.22,0.23,65000
G18.SI,20100124,0.22,0.22,0.22,0.22,91000
G18.SI,20100121,0.22,0.22,0.22,0.22,48000
G18.SI,20100120,0.22,0.22,0.22,0.22,100000
G18.SI,20100119,0.22,0.22,0.22,0.22,95000
G18.SI,20100118,0.22,0.22,0.22,0.22,100000
G18.SI,20100117,0.23,0.23,0.23,0.23,2000
G18.SI,20100113,0.22,0.23,0.22,0.23,183000
G18.SI,20100112,0.22,0.23,0.22,0.23,30000
G18.SI,20100111,0.22,0.22,0.22,0.22,10000
G18.SI,20100107,0.22,0.22,0.22,0.22,12000
G18.SI,20100106,0.22,0.22,0.22,0.22,15000
G18.SI,20100104,0.22,0.22,0.22,0.22,40000
