B22.SI,20120604,0.04,0.05,0.04,0.04,7923000
B22.SI,20120603,0.04,0.04,0.04,0.04,4240000
B22.SI,20120531,0.04,0.04,0.04,0.04,7932000
B22.SI,20120530,0.04,0.05,0.04,0.04,4804000
B22.SI,20120529,0.04,0.05,0.04,0.04,4422000
B22.SI,20120528,0.04,0.05,0.04,0.04,8814000
B22.SI,20120527,0.04,0.04,0.04,0.04,2595000
B22.SI,20120524,0.04,0.04,0.04,0.04,000
B22.SI,20120523,0.04,0.04,0.04,0.04,6184000
B22.SI,20120522,0.04,0.05,0.04,0.04,9238000
B22.SI,20120521,0.05,0.05,0.04,0.04,14397000
B22.SI,20120520,0.04,0.05,0.04,0.05,16937000
B22.SI,20120517,0.04,0.04,0.04,0.04,4230000
B22.SI,20120516,0.04,0.05,0.04,0.04,17058000
B22.SI,20120515,0.05,0.05,0.04,0.04,36785000
B22.SI,20120514,0.04,0.05,0.04,0.04,8237000
B22.SI,20120513,0.04,0.04,0.04,0.04,6513000
B22.SI,20120510,0.04,0.04,0.04,0.04,4364000
B22.SI,20120509,0.04,0.04,0.04,0.04,4135000
B22.SI,20120508,0.04,0.05,0.04,0.04,60438000
B22.SI,20120507,0.04,0.04,0.04,0.04,13057000
B22.SI,20120506,0.04,0.04,0.04,0.04,1813000
B22.SI,20120503,0.04,0.04,0.04,0.04,4353000
B22.SI,20120502,0.04,0.04,0.04,0.04,14825000
B22.SI,20120501,0.04,0.04,0.04,0.04,000
B22.SI,20120430,0.04,0.04,0.04,0.04,4952000
B22.SI,20120429,0.04,0.04,0.04,0.04,4200000
B22.SI,20120426,0.04,0.04,0.04,0.04,2794000
B22.SI,20120425,0.04,0.04,0.04,0.04,5249000
B22.SI,20120424,0.04,0.04,0.04,0.04,5551000
B22.SI,20120423,0.04,0.04,0.04,0.04,4087000
B22.SI,20120422,0.04,0.04,0.04,0.04,3090000
B22.SI,20120419,0.04,0.04,0.04,0.04,6041000
B22.SI,20120418,0.04,0.04,0.04,0.04,7512000
B22.SI,20120417,0.04,0.04,0.04,0.04,7009000
B22.SI,20120416,0.04,0.04,0.04,0.04,3359000
B22.SI,20120415,0.04,0.04,0.04,0.04,4272000
B22.SI,20120412,0.04,0.04,0.04,0.04,2950000
B22.SI,20120411,0.04,0.04,0.04,0.04,10052000
B22.SI,20120410,0.04,0.04,0.04,0.04,13237000
B22.SI,20120409,0.04,0.04,0.04,0.04,2790000
B22.SI,20120408,0.04,0.04,0.04,0.04,6597000
B22.SI,20120405,0.04,0.04,0.04,0.04,13471000
B22.SI,20120404,0.04,0.04,0.04,0.04,6469000
B22.SI,20120403,0.05,0.05,0.04,0.05,8697000
B22.SI,20120402,0.05,0.05,0.04,0.05,20033000
B22.SI,20120401,0.05,0.05,0.05,0.05,9592000
B22.SI,20120329,0.05,0.05,0.05,0.05,000
B22.SI,20120328,0.05,0.05,0.05,0.05,6663000
B22.SI,20120327,0.05,0.05,0.05,0.05,6333000
B22.SI,20120326,0.05,0.05,0.05,0.05,9325000
B22.SI,20120325,0.05,0.05,0.05,0.05,34728000
B22.SI,20120322,0.04,0.05,0.04,0.05,27426000
B22.SI,20120321,0.05,0.05,0.04,0.04,10143000
B22.SI,20120320,0.04,0.05,0.04,0.05,30529000
B22.SI,20120319,0.04,0.04,0.04,0.04,3994000
B22.SI,20120318,0.04,0.04,0.04,0.04,17196000
B22.SI,20120315,0.05,0.05,0.04,0.04,17589000
B22.SI,20120314,0.04,0.05,0.04,0.04,22267000
B22.SI,20120313,0.04,0.05,0.04,0.04,14403000
B22.SI,20120312,0.04,0.05,0.04,0.04,13288000
B22.SI,20120311,0.05,0.05,0.04,0.04,41819000
B22.SI,20120308,0.05,0.05,0.05,0.05,24506000
B22.SI,20120307,0.05,0.05,0.05,0.05,47810000
B22.SI,20120306,0.05,0.05,0.05,0.05,36473000
B22.SI,20120305,0.05,0.05,0.05,0.05,21771000
B22.SI,20120304,0.05,0.05,0.05,0.05,44012000
B22.SI,20120301,0.05,0.05,0.05,0.05,63505000
B22.SI,20120229,0.05,0.06,0.05,0.05,52502000
B22.SI,20120228,0.05,0.06,0.05,0.05,263107000
B22.SI,20120227,0.05,0.05,0.05,0.05,166252000
B22.SI,20120226,0.05,0.05,0.05,0.05,86688000
B22.SI,20120223,0.05,0.05,0.05,0.05,20565000
B22.SI,20120222,0.05,0.05,0.05,0.05,54071000
B22.SI,20120221,0.05,0.05,0.05,0.05,53864000
B22.SI,20120220,0.05,0.05,0.05,0.05,85045000
B22.SI,20120219,0.05,0.05,0.05,0.05,58773000
B22.SI,20120216,0.05,0.05,0.05,0.05,34094000
B22.SI,20120215,0.05,0.05,0.05,0.05,145020000
B22.SI,20120214,0.05,0.05,0.05,0.05,164057000
B22.SI,20120213,0.05,0.05,0.05,0.05,000
B22.SI,20120212,0.05,0.05,0.05,0.05,000
B22.SI,20120209,0.05,0.05,0.05,0.05,58027000
B22.SI,20120208,0.05,0.05,0.05,0.05,12456000
B22.SI,20120207,0.05,0.05,0.05,0.05,28774000
B22.SI,20120206,0.05,0.05,0.05,0.05,27633000
B22.SI,20120205,0.05,0.05,0.05,0.05,31285000
B22.SI,20120202,0.05,0.05,0.05,0.05,4860000
B22.SI,20120201,0.05,0.05,0.05,0.05,13840000
B22.SI,20120131,0.05,0.05,0.05,0.05,58157000
B22.SI,20120130,0.05,0.05,0.05,0.05,21125000
B22.SI,20120129,0.05,0.05,0.05,0.05,31737000
B22.SI,20120126,0.05,0.05,0.05,0.05,9677000
B22.SI,20120125,0.05,0.05,0.05,0.05,8636000
B22.SI,20120124,0.05,0.05,0.05,0.05,15312000
B22.SI,20120123,0.05,0.05,0.05,0.05,23927000
B22.SI,20120122,0.05,0.05,0.05,0.05,286338000
B22.SI,20120119,0.04,0.05,0.04,0.04,28024000
B22.SI,20120118,0.04,0.04,0.04,0.04,5820000
B22.SI,20120117,0.04,0.04,0.04,0.04,4445000
B22.SI,20120116,0.04,0.05,0.04,0.04,9340000
B22.SI,20120115,0.04,0.05,0.04,0.04,30490000
B22.SI,20120112,0.04,0.04,0.04,0.04,10735000
B22.SI,20120111,0.04,0.05,0.04,0.04,18123000
B22.SI,20120110,0.05,0.05,0.04,0.04,9492000
B22.SI,20120109,0.05,0.05,0.04,0.04,24448000
B22.SI,20120108,0.05,0.05,0.05,0.05,27878000
B22.SI,20120105,0.05,0.05,0.04,0.05,103585000
B22.SI,20120104,0.05,0.05,0.04,0.04,35509000
B22.SI,20120103,0.05,0.05,0.04,0.05,43112000
B22.SI,20120102,0.04,0.04,0.04,0.04,000
B22.SI,20120101,0.04,0.05,0.04,0.04,29609000
B22.SI,20111229,0.04,0.04,0.04,0.04,9263000
B22.SI,20111228,0.05,0.05,0.04,0.04,16744000
B22.SI,20111227,0.04,0.05,0.04,0.05,122866000
B22.SI,20111226,0.04,0.04,0.04,0.04,000
B22.SI,20111225,0.04,0.04,0.04,0.04,25164000
B22.SI,20111222,0.04,0.04,0.04,0.04,14720000
B22.SI,20111221,0.04,0.04,0.04,0.04,27179000
B22.SI,20111220,0.04,0.04,0.04,0.04,6635000
B22.SI,20111219,0.04,0.04,0.04,0.04,8151000
B22.SI,20111218,0.05,0.05,0.04,0.04,129049000
B22.SI,20111215,0.04,0.04,0.04,0.04,12319000
B22.SI,20111214,0.04,0.04,0.04,0.04,5629000
B22.SI,20111213,0.04,0.04,0.04,0.04,3592000
B22.SI,20111212,0.04,0.04,0.04,0.04,5274000
B22.SI,20111211,0.04,0.04,0.04,0.04,214000
B22.SI,20111208,0.04,0.04,0.04,0.04,3509000
B22.SI,20111207,0.04,0.04,0.04,0.04,3445000
B22.SI,20111206,0.04,0.04,0.04,0.04,14983000
B22.SI,20111205,0.04,0.04,0.04,0.04,1140000
B22.SI,20111204,0.04,0.04,0.04,0.04,2981000
B22.SI,20111201,0.04,0.04,0.04,0.04,2784000
B22.SI,20111130,0.04,0.04,0.04,0.04,2189000
B22.SI,20111129,0.04,0.04,0.04,0.04,2758000
B22.SI,20111128,0.04,0.04,0.04,0.04,3887000
B22.SI,20111127,0.04,0.04,0.04,0.04,10226000
B22.SI,20111124,0.04,0.04,0.04,0.04,28675000
B22.SI,20111123,0.04,0.04,0.04,0.04,1138000
B22.SI,20111122,0.04,0.04,0.04,0.04,4151000
B22.SI,20111121,0.04,0.04,0.04,0.04,2789000
B22.SI,20111120,0.04,0.04,0.04,0.04,2641000
B22.SI,20111117,0.04,0.04,0.03,0.04,4564000
B22.SI,20111116,0.04,0.04,0.04,0.04,1828000
B22.SI,20111115,0.04,0.04,0.03,0.04,2383000
B22.SI,20111114,0.04,0.04,0.04,0.04,000
B22.SI,20111113,0.04,0.04,0.04,0.04,380000
B22.SI,20111110,0.03,0.03,0.03,0.03,1190000
B22.SI,20111109,0.03,0.03,0.03,0.03,000
B22.SI,20111108,0.03,0.04,0.03,0.03,1001000
B22.SI,20111107,0.04,0.04,0.03,0.03,424000
B22.SI,20111106,0.03,0.04,0.03,0.04,311000
B22.SI,20111103,0.04,0.04,0.04,0.04,651000
B22.SI,20111102,0.03,0.03,0.03,0.03,1000
B22.SI,20111101,0.04,0.04,0.04,0.04,645000
B22.SI,20111031,0.04,0.04,0.04,0.04,976000
B22.SI,20111030,0.04,0.04,0.04,0.04,2100000
B22.SI,20111027,0.04,0.04,0.04,0.04,000
B22.SI,20111026,0.04,0.04,0.04,0.04,80000
B22.SI,20111025,0.04,0.04,0.04,0.04,2040000
B22.SI,20111024,0.04,0.04,0.04,0.04,656000
B22.SI,20111023,0.04,0.04,0.04,0.04,1352000
B22.SI,20111020,0.04,0.04,0.04,0.04,8600000
B22.SI,20111019,0.04,0.04,0.04,0.04,2177000
B22.SI,20111018,0.04,0.04,0.04,0.04,2000000
B22.SI,20111017,0.04,0.04,0.04,0.04,626000
B22.SI,20111016,0.04,0.04,0.04,0.04,360000
B22.SI,20111013,0.04,0.04,0.04,0.04,49000
B22.SI,20111012,0.04,0.04,0.04,0.04,880000
B22.SI,20111011,0.04,0.04,0.04,0.04,200000
B22.SI,20111010,0.04,0.04,0.04,0.04,2302000
B22.SI,20111009,0.04,0.04,0.04,0.04,1680000
B22.SI,20111006,0.04,0.04,0.04,0.04,1303000
B22.SI,20111005,0.04,0.04,0.04,0.04,1179000
B22.SI,20111004,0.04,0.04,0.04,0.04,6148000
B22.SI,20111003,0.04,0.04,0.04,0.04,2536000
B22.SI,20111002,0.04,0.04,0.04,0.04,4969000
B22.SI,20110929,0.04,0.04,0.04,0.04,804000
B22.SI,20110928,0.04,0.04,0.04,0.04,798000
B22.SI,20110927,0.04,0.04,0.04,0.04,2126000
B22.SI,20110926,0.04,0.04,0.04,0.04,230000
B22.SI,20110925,0.03,0.04,0.03,0.04,4105000
B22.SI,20110922,0.03,0.04,0.03,0.03,8141000
B22.SI,20110921,0.04,0.04,0.04,0.04,940000
B22.SI,20110920,0.04,0.04,0.04,0.04,1006000
B22.SI,20110919,0.04,0.04,0.04,0.04,5168000
B22.SI,20110918,0.04,0.04,0.03,0.03,6324000
B22.SI,20110915,0.03,0.04,0.03,0.04,3844000
B22.SI,20110914,0.03,0.03,0.03,0.03,634000
B22.SI,20110913,0.03,0.03,0.03,0.03,735000
B22.SI,20110912,0.03,0.03,0.03,0.03,000
B22.SI,20110911,0.03,0.03,0.03,0.03,1544000
B22.SI,20110908,0.03,0.03,0.03,0.03,3671000
B22.SI,20110907,0.03,0.03,0.03,0.03,1071000
B22.SI,20110906,0.03,0.04,0.03,0.04,3962000
B22.SI,20110905,0.03,0.03,0.03,0.03,120000
B22.SI,20110904,0.04,0.04,0.03,0.03,510000
B22.SI,20110901,0.04,0.04,0.03,0.03,2133000
B22.SI,20110831,0.04,0.04,0.04,0.04,8987000
B22.SI,20110830,0.03,0.03,0.03,0.03,664000
B22.SI,20110829,0.03,0.03,0.03,0.03,1375000
B22.SI,20110828,0.03,0.03,0.03,0.03,1600000
B22.SI,20110825,0.03,0.03,0.03,0.03,1016000
B22.SI,20110824,0.03,0.04,0.03,0.04,3862000
B22.SI,20110823,0.04,0.04,0.03,0.03,2791000
B22.SI,20110822,0.04,0.04,0.04,0.04,11645000
B22.SI,20110821,0.03,0.03,0.03,0.03,000
B22.SI,20110818,0.03,0.03,0.03,0.03,618000
B22.SI,20110817,0.03,0.03,0.03,0.03,2529000
B22.SI,20110816,0.03,0.03,0.03,0.03,84000
B22.SI,20110815,0.03,0.04,0.03,0.04,942000
B22.SI,20110814,0.03,0.03,0.03,0.03,310000
B22.SI,20110811,0.03,0.03,0.03,0.03,287000
B22.SI,20110810,0.03,0.03,0.03,0.03,000
B22.SI,20110809,0.03,0.03,0.03,0.03,472000
B22.SI,20110808,0.03,0.04,0.03,0.04,880000
B22.SI,20110807,0.04,0.04,0.03,0.03,444000
B22.SI,20110804,0.03,0.04,0.03,0.04,693000
B22.SI,20110803,0.03,0.04,0.03,0.04,250000
B22.SI,20110802,0.03,0.03,0.03,0.03,200000
B22.SI,20110801,0.03,0.03,0.03,0.03,111000
B22.SI,20110731,0.03,0.03,0.03,0.03,380000
B22.SI,20110728,0.03,0.03,0.03,0.03,480000
B22.SI,20110727,0.03,0.03,0.03,0.03,426000
B22.SI,20110726,0.03,0.03,0.03,0.03,400000
B22.SI,20110725,0.03,0.03,0.03,0.03,350000
B22.SI,20110724,0.04,0.04,0.03,0.03,655000
B22.SI,20110721,0.04,0.04,0.04,0.04,880000
B22.SI,20110720,0.04,0.04,0.03,0.03,162000
B22.SI,20110719,0.04,0.04,0.03,0.04,1370000
B22.SI,20110718,0.04,0.04,0.04,0.04,1494000
B22.SI,20110717,0.04,0.04,0.04,0.04,755000
B22.SI,20110714,0.04,0.04,0.03,0.04,656000
B22.SI,20110713,0.04,0.04,0.03,0.04,1410000
B22.SI,20110712,0.04,0.04,0.04,0.04,2085000
B22.SI,20110711,0.03,0.04,0.03,0.04,346000
B22.SI,20110710,0.04,0.04,0.04,0.04,403000
B22.SI,20110707,0.04,0.04,0.04,0.04,360000
B22.SI,20110706,0.04,0.04,0.04,0.04,000
B22.SI,20110705,0.04,0.04,0.04,0.04,1585000
B22.SI,20110704,0.04,0.04,0.04,0.04,1075000
B22.SI,20110703,0.03,0.04,0.03,0.04,548000
B22.SI,20110630,0.04,0.04,0.04,0.04,255000
B22.SI,20110629,0.04,0.04,0.04,0.04,980000
B22.SI,20110628,0.04,0.04,0.04,0.04,940000
B22.SI,20110627,0.04,0.04,0.04,0.04,745000
B22.SI,20110626,0.04,0.04,0.03,0.04,1931000
B22.SI,20110623,0.04,0.04,0.04,0.04,1680000
B22.SI,20110622,0.04,0.04,0.04,0.04,515000
B22.SI,20110621,0.04,0.04,0.04,0.04,437000
B22.SI,20110620,0.03,0.04,0.03,0.04,1152000
B22.SI,20110619,0.04,0.04,0.04,0.04,1700000
B22.SI,20110616,0.03,0.04,0.03,0.04,11640000
B22.SI,20110615,0.03,0.03,0.03,0.03,1200000
B22.SI,20110614,0.03,0.03,0.03,0.03,300000
B22.SI,20110613,0.03,0.03,0.03,0.03,289000
B22.SI,20110612,0.03,0.03,0.03,0.03,2401000
B22.SI,20110609,0.03,0.03,0.03,0.03,1295000
B22.SI,20110608,0.03,0.03,0.03,0.03,2083000
B22.SI,20110607,0.03,0.03,0.03,0.03,1640000
B22.SI,20110606,0.03,0.03,0.03,0.03,1000000
B22.SI,20110605,0.03,0.03,0.03,0.03,1371000
B22.SI,20110602,0.03,0.03,0.03,0.03,2090000
B22.SI,20110601,0.03,0.03,0.03,0.03,1955000
B22.SI,20110531,0.03,0.03,0.03,0.03,1015000
B22.SI,20110530,0.03,0.03,0.03,0.03,1731000
B22.SI,20110529,0.03,0.03,0.03,0.03,506000
B22.SI,20110526,0.03,0.03,0.03,0.03,770000
B22.SI,20110525,0.03,0.03,0.03,0.03,2650000
B22.SI,20110524,0.03,0.03,0.03,0.03,2395000
B22.SI,20110523,0.03,0.03,0.03,0.03,3495000
B22.SI,20110522,0.03,0.03,0.03,0.03,2687000
B22.SI,20110519,0.03,0.03,0.03,0.03,1141000
B22.SI,20110518,0.03,0.03,0.03,0.03,2268000
B22.SI,20110517,0.03,0.03,0.03,0.03,4808000
B22.SI,20110516,0.03,0.04,0.03,0.03,6300000
B22.SI,20110515,0.04,0.04,0.03,0.03,12298000
B22.SI,20110512,0.04,0.04,0.04,0.04,6822000
B22.SI,20110511,0.04,0.04,0.04,0.04,1600000
B22.SI,20110510,0.04,0.04,0.04,0.04,1864000
B22.SI,20110509,0.04,0.04,0.04,0.04,1878000
B22.SI,20110508,0.04,0.04,0.04,0.04,5103000
B22.SI,20110505,0.04,0.04,0.04,0.04,24490000
B22.SI,20110504,0.04,0.04,0.04,0.04,8403000
B22.SI,20110503,0.04,0.04,0.04,0.04,1998000
B22.SI,20110502,0.04,0.04,0.04,0.04,000
B22.SI,20110501,0.04,0.04,0.04,0.04,4802000
B22.SI,20110428,0.04,0.04,0.04,0.04,5611000
B22.SI,20110427,0.04,0.04,0.04,0.04,6862000
B22.SI,20110426,0.04,0.04,0.04,0.04,19256000
B22.SI,20110425,0.04,0.04,0.04,0.04,18539000
B22.SI,20110424,0.04,0.04,0.04,0.04,30688000
B22.SI,20110421,0.04,0.04,0.04,0.04,4436000
B22.SI,20110420,0.04,0.04,0.04,0.04,498000
B22.SI,20110419,0.04,0.04,0.04,0.04,3526000
B22.SI,20110418,0.04,0.04,0.04,0.04,5065000
B22.SI,20110417,0.04,0.04,0.04,0.04,14435000
B22.SI,20110414,0.04,0.04,0.04,0.04,10220000
B22.SI,20110413,0.04,0.04,0.04,0.04,7020000
B22.SI,20110412,0.04,0.04,0.04,0.04,1890000
B22.SI,20110411,0.04,0.04,0.04,0.04,1911000
B22.SI,20110410,0.04,0.04,0.04,0.04,3004000
B22.SI,20110407,0.04,0.04,0.04,0.04,000
B22.SI,20110406,0.04,0.04,0.04,0.04,981000
B22.SI,20110405,0.04,0.04,0.04,0.04,1582000
B22.SI,20110404,0.04,0.04,0.04,0.04,1630000
B22.SI,20110403,0.04,0.04,0.04,0.04,3992000
B22.SI,20110331,0.04,0.04,0.04,0.04,553000
B22.SI,20110330,0.04,0.04,0.04,0.04,1050000
B22.SI,20110329,0.04,0.04,0.04,0.04,3580000
B22.SI,20110328,0.04,0.04,0.04,0.04,3178000
B22.SI,20110327,0.04,0.04,0.04,0.04,1504000
B22.SI,20110324,0.04,0.04,0.04,0.04,2191000
B22.SI,20110323,0.04,0.04,0.04,0.04,442000
B22.SI,20110322,0.04,0.04,0.03,0.04,4237000
B22.SI,20110321,0.04,0.04,0.04,0.04,345000
B22.SI,20110320,0.04,0.04,0.04,0.04,3205000
B22.SI,20110317,0.04,0.04,0.04,0.04,2339000
B22.SI,20110316,0.04,0.04,0.04,0.04,961000
B22.SI,20110315,0.04,0.04,0.04,0.04,2543000
B22.SI,20110314,0.04,0.04,0.04,0.04,1900000
B22.SI,20110313,0.04,0.04,0.04,0.04,1741000
B22.SI,20110310,0.04,0.04,0.04,0.04,1750000
B22.SI,20110309,0.04,0.04,0.04,0.04,3524000
B22.SI,20110308,0.04,0.04,0.03,0.04,7631000
B22.SI,20110307,0.04,0.04,0.04,0.04,1780000
B22.SI,20110306,0.04,0.04,0.04,0.04,4891000
B22.SI,20110303,0.04,0.04,0.04,0.04,2181000
B22.SI,20110302,0.04,0.04,0.04,0.04,4376000
B22.SI,20110301,0.04,0.04,0.04,0.04,3121000
B22.SI,20110228,0.04,0.04,0.04,0.04,2248000
B22.SI,20110227,0.04,0.04,0.04,0.04,3811000
B22.SI,20110224,0.04,0.04,0.04,0.04,2185000
B22.SI,20110223,0.04,0.04,0.04,0.04,4972000
B22.SI,20110222,0.04,0.04,0.04,0.04,7686000
B22.SI,20110221,0.04,0.04,0.04,0.04,6454000
B22.SI,20110220,0.04,0.04,0.04,0.04,7992000
B22.SI,20110217,0.04,0.04,0.04,0.04,25395000
B22.SI,20110216,0.04,0.04,0.04,0.04,4435000
B22.SI,20110215,0.04,0.04,0.04,0.04,7975000
B22.SI,20110214,0.04,0.04,0.04,0.04,16801000
B22.SI,20110213,0.04,0.04,0.04,0.04,5631000
B22.SI,20110210,0.04,0.04,0.04,0.04,13848000
B22.SI,20110209,0.04,0.04,0.04,0.04,27880000
B22.SI,20110208,0.04,0.04,0.04,0.04,13050000
B22.SI,20110207,0.04,0.04,0.04,0.04,6790000
B22.SI,20110206,0.04,0.04,0.04,0.04,9761000
B22.SI,20110203,0.04,0.04,0.04,0.04,5820000
B22.SI,20110202,0.04,0.05,0.04,0.04,53581000
B22.SI,20110201,0.04,0.04,0.04,0.04,11287000
B22.SI,20110131,0.04,0.04,0.04,0.04,20686000
B22.SI,20110130,0.04,0.04,0.04,0.04,9126000
B22.SI,20110127,0.04,0.04,0.04,0.04,1583000
B22.SI,20110126,0.04,0.04,0.04,0.04,2579000
B22.SI,20110125,0.04,0.04,0.04,0.04,2484000
B22.SI,20110124,0.04,0.04,0.04,0.04,000
B22.SI,20110123,0.04,0.04,0.04,0.04,000
B22.SI,20110120,0.04,0.04,0.04,0.04,1571000
B22.SI,20110119,0.04,0.04,0.04,0.04,1450000
B22.SI,20110118,0.04,0.04,0.04,0.04,5200000
B22.SI,20110117,0.04,0.04,0.04,0.04,6887000
B22.SI,20110116,0.04,0.04,0.04,0.04,7673000
B22.SI,20110113,0.04,0.04,0.04,0.04,9046000
B22.SI,20110112,0.04,0.04,0.04,0.04,4120000
B22.SI,20110111,0.04,0.04,0.04,0.04,1806000
B22.SI,20110110,0.04,0.04,0.04,0.04,601000
B22.SI,20110109,0.04,0.04,0.04,0.04,2732000
B22.SI,20110106,0.04,0.04,0.04,0.04,437000
B22.SI,20110105,0.04,0.04,0.04,0.04,1031000
B22.SI,20110104,0.04,0.04,0.04,0.04,4054000
B22.SI,20110103,0.04,0.04,0.04,0.04,1328000
B22.SI,20110102,0.04,0.04,0.04,0.04,000
