H73.SI,20120604,0.23,0.23,0.23,0.23,41000
H73.SI,20120603,0.23,0.23,0.22,0.23,130000
H73.SI,20120531,0.23,0.23,0.23,0.23,45000
H73.SI,20120530,0.23,0.23,0.23,0.23,649000
H73.SI,20120529,0.23,0.23,0.23,0.23,150000
H73.SI,20120528,0.23,0.23,0.23,0.23,42000
H73.SI,20120527,0.23,0.23,0.23,0.23,848000
H73.SI,20120524,0.23,0.23,0.23,0.23,000
H73.SI,20120523,0.23,0.23,0.23,0.23,165000
H73.SI,20120522,0.23,0.23,0.23,0.23,526000
H73.SI,20120521,0.23,0.23,0.23,0.23,54000
H73.SI,20120520,0.23,0.23,0.23,0.23,290000
H73.SI,20120517,0.23,0.23,0.23,0.23,373000
H73.SI,20120516,0.23,0.23,0.23,0.23,336000
H73.SI,20120515,0.23,0.23,0.23,0.23,20000
H73.SI,20120514,0.23,0.23,0.23,0.23,147000
H73.SI,20120513,0.23,0.24,0.23,0.23,1045000
H73.SI,20120510,0.23,0.24,0.23,0.23,378000
H73.SI,20120509,0.23,0.23,0.23,0.23,246000
H73.SI,20120508,0.23,0.23,0.23,0.23,90000
H73.SI,20120507,0.23,0.23,0.23,0.23,219000
H73.SI,20120506,0.23,0.23,0.23,0.23,831000
H73.SI,20120503,0.23,0.23,0.23,0.23,134000
H73.SI,20120502,0.23,0.23,0.23,0.23,276000
H73.SI,20120501,0.23,0.23,0.23,0.23,000
H73.SI,20120430,0.22,0.23,0.22,0.23,402000
H73.SI,20120429,0.23,0.23,0.22,0.23,294000
H73.SI,20120426,0.23,0.23,0.23,0.23,38000
H73.SI,20120425,0.23,0.23,0.23,0.23,30000
H73.SI,20120424,0.23,0.23,0.23,0.23,380000
H73.SI,20120423,0.24,0.24,0.23,0.23,776000
H73.SI,20120422,0.24,0.25,0.23,0.23,2242000
H73.SI,20120419,0.22,0.22,0.22,0.22,131000
H73.SI,20120418,0.22,0.22,0.22,0.22,49000
H73.SI,20120417,0.22,0.22,0.22,0.22,33000
H73.SI,20120416,0.22,0.22,0.22,0.22,20000
H73.SI,20120415,0.22,0.22,0.21,0.22,67000
H73.SI,20120412,0.22,0.22,0.22,0.22,77000
H73.SI,20120411,0.22,0.22,0.22,0.22,224000
H73.SI,20120410,0.22,0.22,0.22,0.22,82000
H73.SI,20120409,0.22,0.22,0.22,0.22,178000
H73.SI,20120408,0.22,0.22,0.22,0.22,276000
H73.SI,20120405,0.22,0.22,0.22,0.22,75000
H73.SI,20120404,0.22,0.22,0.22,0.22,50000
H73.SI,20120403,0.22,0.22,0.22,0.22,305000
H73.SI,20120402,0.22,0.22,0.22,0.22,18000
H73.SI,20120401,0.22,0.23,0.22,0.22,754000
H73.SI,20120329,0.23,0.23,0.23,0.23,000
H73.SI,20120328,0.23,0.23,0.22,0.23,120000
H73.SI,20120327,0.23,0.23,0.23,0.23,368000
H73.SI,20120326,0.23,0.23,0.23,0.23,255000
H73.SI,20120325,0.23,0.23,0.22,0.23,114000
H73.SI,20120322,0.23,0.23,0.23,0.23,489000
H73.SI,20120321,0.23,0.23,0.23,0.23,657000
H73.SI,20120320,0.23,0.23,0.22,0.23,1008000
H73.SI,20120319,0.22,0.22,0.22,0.22,1000
H73.SI,20120318,0.22,0.22,0.22,0.22,380000
H73.SI,20120315,0.22,0.23,0.22,0.23,643000
H73.SI,20120314,0.22,0.22,0.22,0.22,55000
H73.SI,20120313,0.22,0.22,0.22,0.22,60000
H73.SI,20120312,0.22,0.22,0.22,0.22,266000
H73.SI,20120311,0.22,0.22,0.22,0.22,13000
H73.SI,20120308,0.22,0.22,0.22,0.22,217000
H73.SI,20120307,0.22,0.22,0.22,0.22,150000
H73.SI,20120306,0.22,0.22,0.22,0.22,000
H73.SI,20120305,0.22,0.22,0.22,0.22,77000
H73.SI,20120304,0.22,0.22,0.22,0.22,649000
H73.SI,20120301,0.22,0.22,0.22,0.22,770000
H73.SI,20120229,0.22,0.22,0.22,0.22,81000
H73.SI,20120228,0.22,0.22,0.22,0.22,400000
H73.SI,20120227,0.22,0.23,0.22,0.23,270000
H73.SI,20120226,0.22,0.22,0.22,0.22,163000
H73.SI,20120223,0.22,0.23,0.22,0.22,100000
H73.SI,20120222,0.22,0.22,0.22,0.22,115000
H73.SI,20120221,0.22,0.22,0.22,0.22,142000
H73.SI,20120220,0.23,0.23,0.22,0.22,163000
H73.SI,20120219,0.23,0.23,0.22,0.23,411000
H73.SI,20120216,0.23,0.23,0.23,0.23,427000
H73.SI,20120215,0.23,0.23,0.22,0.22,395000
H73.SI,20120214,0.22,0.23,0.22,0.23,255000
H73.SI,20120213,0.22,0.22,0.22,0.22,000
H73.SI,20120212,0.22,0.22,0.22,0.22,000
H73.SI,20120209,0.22,0.23,0.22,0.22,298000
H73.SI,20120208,0.22,0.23,0.22,0.23,366000
H73.SI,20120207,0.22,0.22,0.22,0.22,986000
H73.SI,20120206,0.23,0.23,0.22,0.22,987000
H73.SI,20120205,0.24,0.25,0.23,0.23,591000
H73.SI,20120202,0.23,0.25,0.23,0.24,642000
H73.SI,20120201,0.25,0.25,0.23,0.23,988000
H73.SI,20120131,0.26,0.26,0.25,0.25,1496000
H73.SI,20120130,0.27,0.28,0.25,0.26,9276000
H73.SI,20120129,0.20,0.25,0.20,0.25,5345000
H73.SI,20120126,0.20,0.20,0.19,0.20,398000
H73.SI,20120125,0.20,0.20,0.19,0.20,415000
H73.SI,20120124,0.19,0.20,0.19,0.20,941000
H73.SI,20120123,0.19,0.19,0.19,0.19,231000
H73.SI,20120122,0.19,0.19,0.19,0.19,408000
H73.SI,20120119,0.19,0.19,0.19,0.19,573000
H73.SI,20120118,0.19,0.19,0.19,0.19,359000
H73.SI,20120117,0.19,0.19,0.19,0.19,140000
H73.SI,20120116,0.19,0.19,0.19,0.19,358000
H73.SI,20120115,0.19,0.19,0.19,0.19,277000
H73.SI,20120112,0.19,0.20,0.19,0.20,650000
H73.SI,20120111,0.19,0.20,0.19,0.19,403000
H73.SI,20120110,0.19,0.19,0.19,0.19,206000
H73.SI,20120109,0.19,0.19,0.19,0.19,964000
H73.SI,20120108,0.19,0.19,0.19,0.19,651000
H73.SI,20120105,0.19,0.19,0.19,0.19,210000
H73.SI,20120104,0.19,0.20,0.19,0.19,1477000
H73.SI,20120103,0.19,0.19,0.19,0.19,659000
H73.SI,20120102,0.19,0.19,0.19,0.19,000
H73.SI,20120101,0.19,0.19,0.19,0.19,000
H73.SI,20111229,0.19,0.19,0.19,0.19,730000
H73.SI,20111228,0.20,0.20,0.19,0.19,277000
H73.SI,20111227,0.19,0.20,0.19,0.20,98000
H73.SI,20111226,0.18,0.18,0.18,0.18,000
H73.SI,20111225,0.18,0.18,0.18,0.18,000
H73.SI,20111222,0.18,0.18,0.18,0.18,5000
H73.SI,20111221,0.19,0.19,0.19,0.19,30000
H73.SI,20111220,0.19,0.19,0.18,0.18,24000
H73.SI,20111219,0.19,0.19,0.19,0.19,3000
H73.SI,20111218,0.19,0.19,0.19,0.19,113000
H73.SI,20111215,0.19,0.19,0.19,0.19,14000
H73.SI,20111214,0.19,0.19,0.19,0.19,345000
H73.SI,20111213,0.19,0.19,0.19,0.19,422000
H73.SI,20111212,0.19,0.19,0.19,0.19,446000
H73.SI,20111211,0.19,0.20,0.19,0.19,475000
H73.SI,20111208,0.19,0.19,0.19,0.19,505000
H73.SI,20111207,0.19,0.19,0.19,0.19,000
H73.SI,20111206,0.19,0.19,0.19,0.19,000
H73.SI,20111205,0.19,0.19,0.19,0.19,000
H73.SI,20111204,0.19,0.19,0.19,0.19,000
H73.SI,20111201,0.19,0.19,0.19,0.19,000
H73.SI,20111130,0.19,0.19,0.19,0.19,251000
H73.SI,20111129,0.19,0.19,0.19,0.19,000
H73.SI,20111128,0.19,0.19,0.19,0.19,6000
H73.SI,20111127,0.18,0.18,0.18,0.18,000
H73.SI,20111124,0.18,0.18,0.18,0.18,12000
H73.SI,20111123,0.18,0.18,0.18,0.18,000
H73.SI,20111122,0.18,0.18,0.18,0.18,11000
H73.SI,20111121,0.19,0.19,0.19,0.19,1000
H73.SI,20111120,0.19,0.19,0.18,0.19,71000
H73.SI,20111117,0.19,0.19,0.19,0.19,000
H73.SI,20111116,0.19,0.19,0.19,0.19,11000
H73.SI,20111115,0.19,0.19,0.19,0.19,28000
H73.SI,20111114,0.19,0.19,0.19,0.19,000
H73.SI,20111113,0.19,0.19,0.19,0.19,32000
H73.SI,20111110,0.19,0.19,0.19,0.19,000
H73.SI,20111109,0.19,0.19,0.19,0.19,33000
H73.SI,20111108,0.19,0.19,0.19,0.19,6000
H73.SI,20111107,0.19,0.19,0.19,0.19,29000
H73.SI,20111106,0.19,0.19,0.19,0.19,60000
H73.SI,20111103,0.20,0.20,0.19,0.19,693000
H73.SI,20111102,0.20,0.20,0.20,0.20,372000
H73.SI,20111101,0.20,0.20,0.20,0.20,286000
H73.SI,20111031,0.20,0.20,0.20,0.20,220000
H73.SI,20111030,0.20,0.20,0.20,0.20,000
H73.SI,20111027,0.20,0.20,0.20,0.20,000
H73.SI,20111026,0.20,0.20,0.20,0.20,347000
H73.SI,20111025,0.19,0.19,0.19,0.19,4000
H73.SI,20111024,0.20,0.20,0.20,0.20,129000
H73.SI,20111023,0.20,0.20,0.20,0.20,517000
H73.SI,20111020,0.20,0.20,0.20,0.20,107000
H73.SI,20111019,0.19,0.20,0.19,0.20,664000
H73.SI,20111018,0.19,0.19,0.19,0.19,440000
H73.SI,20111017,0.19,0.19,0.19,0.19,35000
H73.SI,20111016,0.19,0.19,0.19,0.19,116000
H73.SI,20111013,0.19,0.19,0.19,0.19,164000
H73.SI,20111012,0.19,0.19,0.19,0.19,68000
H73.SI,20111011,0.19,0.19,0.19,0.19,000
H73.SI,20111010,0.19,0.19,0.19,0.19,000
H73.SI,20111009,0.19,0.19,0.19,0.19,32000
H73.SI,20111006,0.19,0.19,0.19,0.19,50000
H73.SI,20111005,0.19,0.19,0.19,0.19,35000
H73.SI,20111004,0.19,0.19,0.19,0.19,6000
H73.SI,20111003,0.19,0.19,0.19,0.19,65000
H73.SI,20111002,0.19,0.19,0.19,0.19,24000
H73.SI,20110929,0.18,0.19,0.18,0.19,237000
H73.SI,20110928,0.19,0.19,0.19,0.19,000
H73.SI,20110927,0.19,0.19,0.19,0.19,1000
H73.SI,20110926,0.18,0.19,0.18,0.19,13000
H73.SI,20110925,0.19,0.19,0.19,0.19,000
H73.SI,20110922,0.19,0.19,0.19,0.19,000
H73.SI,20110921,0.19,0.19,0.19,0.19,26000
H73.SI,20110920,0.19,0.19,0.19,0.19,87000
H73.SI,20110919,0.18,0.18,0.18,0.18,7000
H73.SI,20110918,0.19,0.19,0.19,0.19,000
H73.SI,20110915,0.19,0.19,0.19,0.19,23000
H73.SI,20110914,0.19,0.19,0.19,0.19,000
H73.SI,20110913,0.19,0.19,0.19,0.19,000
H73.SI,20110912,0.19,0.19,0.19,0.19,000
H73.SI,20110911,0.19,0.19,0.19,0.19,88000
H73.SI,20110908,0.19,0.19,0.19,0.19,51000
H73.SI,20110907,0.19,0.19,0.19,0.19,000
H73.SI,20110906,0.19,0.19,0.19,0.19,85000
H73.SI,20110905,0.19,0.19,0.19,0.19,000
H73.SI,20110904,0.19,0.19,0.19,0.19,49000
H73.SI,20110901,0.19,0.19,0.19,0.19,000
H73.SI,20110831,0.19,0.19,0.19,0.19,100000
H73.SI,20110830,0.18,0.19,0.18,0.19,218000
H73.SI,20110829,0.19,0.19,0.19,0.19,000
H73.SI,20110828,0.19,0.19,0.19,0.19,000
H73.SI,20110825,0.19,0.19,0.19,0.19,37000
H73.SI,20110824,0.19,0.19,0.19,0.19,115000
H73.SI,20110823,0.19,0.19,0.19,0.19,22000
H73.SI,20110822,0.19,0.19,0.19,0.19,204000
H73.SI,20110821,0.19,0.19,0.19,0.19,000
H73.SI,20110818,0.19,0.19,0.19,0.19,000
H73.SI,20110817,0.19,0.19,0.19,0.19,20000
H73.SI,20110816,0.19,0.19,0.19,0.19,43000
H73.SI,20110815,0.19,0.19,0.19,0.19,11000
H73.SI,20110814,0.19,0.19,0.19,0.19,151000
H73.SI,20110811,0.19,0.19,0.19,0.19,19000
H73.SI,20110810,0.19,0.19,0.19,0.19,000
H73.SI,20110809,0.19,0.19,0.18,0.19,97000
H73.SI,20110808,0.18,0.18,0.18,0.18,31000
H73.SI,20110807,0.19,0.19,0.18,0.18,122000
H73.SI,20110804,0.19,0.19,0.19,0.19,126000
H73.SI,20110803,0.19,0.19,0.19,0.19,5000
H73.SI,20110802,0.18,0.19,0.18,0.19,21000
H73.SI,20110801,0.18,0.18,0.18,0.18,10000
H73.SI,20110731,0.19,0.19,0.18,0.18,70000
H73.SI,20110728,0.18,0.19,0.18,0.19,30000
H73.SI,20110727,0.18,0.19,0.18,0.19,130000
H73.SI,20110726,0.19,0.19,0.18,0.18,75000
H73.SI,20110725,0.18,0.19,0.18,0.19,46000
H73.SI,20110724,0.19,0.19,0.19,0.19,000
H73.SI,20110721,0.19,0.19,0.19,0.19,000
H73.SI,20110720,0.19,0.19,0.19,0.19,3000
H73.SI,20110719,0.19,0.19,0.19,0.19,27000
H73.SI,20110718,0.19,0.19,0.19,0.19,171000
H73.SI,20110717,0.19,0.19,0.19,0.19,11000
H73.SI,20110714,0.19,0.19,0.19,0.19,190000
H73.SI,20110713,0.19,0.19,0.19,0.19,000
H73.SI,20110712,0.19,0.19,0.19,0.19,227000
H73.SI,20110711,0.18,0.18,0.18,0.18,120000
H73.SI,20110710,0.18,0.18,0.18,0.18,32000
H73.SI,20110707,0.18,0.18,0.18,0.18,000
H73.SI,20110706,0.18,0.18,0.18,0.18,162000
H73.SI,20110705,0.19,0.19,0.19,0.19,20000
H73.SI,20110704,0.19,0.19,0.19,0.19,16000
H73.SI,20110703,0.18,0.19,0.18,0.19,29000
H73.SI,20110630,0.19,0.19,0.19,0.19,158000
H73.SI,20110629,0.18,0.18,0.18,0.18,84000
H73.SI,20110628,0.18,0.18,0.18,0.18,97000
H73.SI,20110627,0.19,0.19,0.19,0.19,000
H73.SI,20110626,0.19,0.19,0.19,0.19,000
H73.SI,20110623,0.18,0.19,0.18,0.19,53000
H73.SI,20110622,0.19,0.19,0.19,0.19,000
H73.SI,20110621,0.19,0.19,0.19,0.19,11000
H73.SI,20110620,0.18,0.18,0.18,0.18,000
H73.SI,20110619,0.18,0.18,0.18,0.18,13000
H73.SI,20110616,0.18,0.18,0.18,0.18,000
H73.SI,20110615,0.18,0.18,0.18,0.18,10000
H73.SI,20110614,0.19,0.19,0.19,0.19,000
H73.SI,20110613,0.19,0.19,0.19,0.19,000
H73.SI,20110612,0.19,0.19,0.19,0.19,000
H73.SI,20110609,0.18,0.19,0.18,0.19,37000
H73.SI,20110608,0.19,0.19,0.19,0.19,119000
H73.SI,20110607,0.17,0.17,0.17,0.17,000
H73.SI,20110606,0.17,0.19,0.17,0.17,27000
H73.SI,20110605,0.17,0.18,0.16,0.18,154000
H73.SI,20110602,0.18,0.18,0.18,0.18,000
H73.SI,20110601,0.18,0.18,0.18,0.18,000
H73.SI,20110531,0.18,0.18,0.18,0.18,000
H73.SI,20110530,0.18,0.18,0.18,0.18,10000
H73.SI,20110529,0.18,0.18,0.18,0.18,000
H73.SI,20110526,0.18,0.18,0.18,0.18,450000
H73.SI,20110525,0.18,0.18,0.18,0.18,000
H73.SI,20110524,0.18,0.18,0.18,0.18,000
H73.SI,20110523,0.18,0.18,0.18,0.18,30000
H73.SI,20110522,0.18,0.19,0.18,0.19,103000
H73.SI,20110519,0.18,0.19,0.18,0.19,706000
H73.SI,20110518,0.19,0.19,0.19,0.19,21000
H73.SI,20110517,0.18,0.19,0.18,0.19,30000
H73.SI,20110516,0.18,0.19,0.18,0.19,117000
H73.SI,20110515,0.19,0.19,0.19,0.19,7000
H73.SI,20110512,0.20,0.20,0.20,0.20,30000
H73.SI,20110511,0.19,0.19,0.19,0.19,66000
H73.SI,20110510,0.19,0.20,0.19,0.19,213000
H73.SI,20110509,0.19,0.19,0.19,0.19,92000
H73.SI,20110508,0.19,0.19,0.19,0.19,50000
H73.SI,20110505,0.20,0.20,0.20,0.20,000
H73.SI,20110504,0.19,0.20,0.19,0.20,21000
H73.SI,20110503,0.19,0.20,0.19,0.19,312000
H73.SI,20110502,0.20,0.20,0.20,0.20,000
H73.SI,20110501,0.20,0.20,0.19,0.19,60000
H73.SI,20110428,0.20,0.20,0.20,0.20,000
H73.SI,20110427,0.19,0.20,0.19,0.20,43000
H73.SI,20110426,0.19,0.20,0.19,0.20,307000
H73.SI,20110425,0.19,0.19,0.19,0.19,85000
H73.SI,20110424,0.20,0.20,0.19,0.19,115000
H73.SI,20110421,0.19,0.19,0.19,0.19,30000
H73.SI,20110420,0.19,0.19,0.19,0.19,35000
H73.SI,20110419,0.19,0.19,0.19,0.19,82000
H73.SI,20110418,0.19,0.19,0.19,0.19,152000
H73.SI,20110417,0.19,0.19,0.19,0.19,298000
H73.SI,20110414,0.20,0.20,0.20,0.20,20000
H73.SI,20110413,0.20,0.20,0.19,0.20,215000
H73.SI,20110412,0.20,0.20,0.19,0.19,50000
H73.SI,20110411,0.19,0.19,0.19,0.19,19000
H73.SI,20110410,0.19,0.20,0.19,0.20,81000
H73.SI,20110407,0.20,0.20,0.20,0.20,000
H73.SI,20110406,0.20,0.20,0.20,0.20,75000
H73.SI,20110405,0.20,0.20,0.20,0.20,160000
H73.SI,20110404,0.20,0.20,0.20,0.20,70000
H73.SI,20110403,0.20,0.20,0.20,0.20,12000
H73.SI,20110331,0.20,0.20,0.20,0.20,261000
H73.SI,20110330,0.20,0.20,0.20,0.20,000
H73.SI,20110329,0.21,0.21,0.21,0.21,1000
H73.SI,20110328,0.20,0.21,0.20,0.21,584000
H73.SI,20110327,0.21,0.21,0.21,0.21,12000
H73.SI,20110324,0.20,0.21,0.20,0.21,156000
H73.SI,20110323,0.21,0.21,0.21,0.21,20000
H73.SI,20110322,0.20,0.21,0.20,0.21,62000
H73.SI,20110321,0.21,0.21,0.21,0.21,1000
H73.SI,20110320,0.20,0.20,0.20,0.20,14000
H73.SI,20110317,0.20,0.20,0.20,0.20,5000
H73.SI,20110316,0.20,0.20,0.20,0.20,77000
H73.SI,20110315,0.21,0.21,0.20,0.20,108000
H73.SI,20110314,0.20,0.21,0.20,0.21,64000
H73.SI,20110313,0.20,0.20,0.20,0.20,10000
H73.SI,20110310,0.20,0.20,0.20,0.20,33000
H73.SI,20110309,0.20,0.20,0.20,0.20,000
H73.SI,20110308,0.20,0.20,0.20,0.20,78000
H73.SI,20110307,0.21,0.21,0.20,0.20,149000
H73.SI,20110306,0.21,0.21,0.20,0.21,365000
H73.SI,20110303,0.20,0.20,0.20,0.20,39000
H73.SI,20110302,0.20,0.20,0.20,0.20,7000
H73.SI,20110301,0.20,0.20,0.20,0.20,36000
H73.SI,20110228,0.20,0.20,0.20,0.20,134000
H73.SI,20110227,0.20,0.20,0.20,0.20,15000
H73.SI,20110224,0.21,0.21,0.20,0.21,276000
H73.SI,20110223,0.20,0.21,0.20,0.21,116000
H73.SI,20110222,0.21,0.21,0.21,0.21,000
H73.SI,20110221,0.21,0.21,0.20,0.21,370000
H73.SI,20110220,0.21,0.21,0.21,0.21,367000
H73.SI,20110217,0.21,0.21,0.21,0.21,181000
H73.SI,20110216,0.22,0.22,0.21,0.22,151000
H73.SI,20110215,0.21,0.22,0.21,0.22,923000
H73.SI,20110214,0.22,0.22,0.21,0.21,75000
H73.SI,20110213,0.22,0.22,0.21,0.22,569000
H73.SI,20110210,0.22,0.23,0.22,0.22,396000
H73.SI,20110209,0.20,0.21,0.20,0.21,277000
H73.SI,20110208,0.20,0.20,0.20,0.20,161000
H73.SI,20110207,0.20,0.20,0.20,0.20,212000
H73.SI,20110206,0.20,0.20,0.19,0.19,45000
H73.SI,20110203,0.20,0.20,0.20,0.20,41000
H73.SI,20110202,0.19,0.20,0.19,0.20,69000
H73.SI,20110201,0.19,0.19,0.19,0.19,106000
H73.SI,20110131,0.19,0.19,0.19,0.19,135000
H73.SI,20110130,0.19,0.19,0.19,0.19,85000
H73.SI,20110127,0.19,0.19,0.19,0.19,206000
H73.SI,20110126,0.19,0.19,0.19,0.19,110000
H73.SI,20110125,0.19,0.19,0.19,0.19,60000
H73.SI,20110124,0.19,0.19,0.19,0.19,000
H73.SI,20110123,0.19,0.19,0.19,0.19,000
H73.SI,20110120,0.19,0.19,0.19,0.19,268000
H73.SI,20110119,0.19,0.19,0.18,0.19,76000
H73.SI,20110118,0.19,0.19,0.19,0.19,1000
H73.SI,20110117,0.19,0.19,0.19,0.19,10000
H73.SI,20110116,0.19,0.19,0.19,0.19,000
H73.SI,20110113,0.19,0.19,0.19,0.19,000
H73.SI,20110112,0.19,0.19,0.19,0.19,000
H73.SI,20110111,0.17,0.19,0.17,0.19,8000
H73.SI,20110110,0.19,0.19,0.19,0.19,000
H73.SI,20110109,0.17,0.19,0.17,0.19,4000
H73.SI,20110106,0.19,0.19,0.19,0.19,000
H73.SI,20110105,0.18,0.19,0.18,0.19,11000
H73.SI,20110104,0.19,0.19,0.19,0.19,000
H73.SI,20110103,0.19,0.19,0.19,0.19,50000
H73.SI,20110102,0.18,0.18,0.18,0.18,000
