I03.SI,20120606,0.098,0.099,0.098,0.099,1620000
I03.SI,20120604,0.10,0.10,0.10,0.10,3466000
I03.SI,20120603,0.10,0.10,0.09,0.10,3006000
I03.SI,20120531,0.10,0.10,0.09,0.10,4959000
I03.SI,20120530,0.10,0.10,0.10,0.10,5924000
I03.SI,20120529,0.10,0.10,0.10,0.10,17835000
I03.SI,20120528,0.10,0.10,0.10,0.10,5661000
I03.SI,20120527,0.09,0.10,0.09,0.09,3390000
I03.SI,20120524,0.09,0.09,0.09,0.09,000
I03.SI,20120523,0.10,0.10,0.09,0.09,6744000
I03.SI,20120522,0.10,0.10,0.10,0.10,12667000
I03.SI,20120521,0.09,0.10,0.09,0.10,2277000
I03.SI,20120520,0.10,0.10,0.09,0.09,6064000
I03.SI,20120517,0.10,0.10,0.10,0.10,4067000
I03.SI,20120516,0.10,0.10,0.10,0.10,4454000
I03.SI,20120515,0.10,0.10,0.10,0.10,2571000
I03.SI,20120514,0.10,0.10,0.10,0.10,1337000
I03.SI,20120513,0.10,0.10,0.10,0.10,4323000
I03.SI,20120510,0.10,0.10,0.10,0.10,9783000
I03.SI,20120509,0.10,0.10,0.10,0.10,9666000
I03.SI,20120508,0.10,0.10,0.10,0.10,4069000
I03.SI,20120507,0.10,0.10,0.10,0.10,2826000
I03.SI,20120506,0.10,0.10,0.10,0.10,1728000
I03.SI,20120503,0.10,0.10,0.10,0.10,2860000
I03.SI,20120502,0.10,0.10,0.10,0.10,5011000
I03.SI,20120501,0.10,0.10,0.10,0.10,000
I03.SI,20120430,0.10,0.10,0.10,0.10,2953000
I03.SI,20120429,0.10,0.10,0.10,0.10,6579000
I03.SI,20120426,0.10,0.10,0.10,0.10,7532000
I03.SI,20120425,0.10,0.10,0.10,0.10,4797000
I03.SI,20120424,0.10,0.10,0.10,0.10,2921000
I03.SI,20120423,0.10,0.10,0.10,0.10,2768000
I03.SI,20120422,0.10,0.10,0.10,0.10,3058000
I03.SI,20120419,0.10,0.10,0.10,0.10,1280000
I03.SI,20120418,0.10,0.10,0.10,0.10,2117000
I03.SI,20120417,0.10,0.10,0.10,0.10,10446000
I03.SI,20120416,0.10,0.10,0.10,0.10,3485000
I03.SI,20120415,0.10,0.10,0.10,0.10,3755000
I03.SI,20120412,0.10,0.10,0.10,0.10,1957000
I03.SI,20120411,0.10,0.10,0.10,0.10,8106000
I03.SI,20120410,0.10,0.10,0.10,0.10,3199000
I03.SI,20120409,0.10,0.10,0.10,0.10,5421000
I03.SI,20120408,0.10,0.10,0.10,0.10,3403000
I03.SI,20120405,0.10,0.10,0.10,0.10,4186000
I03.SI,20120404,0.10,0.10,0.10,0.10,4342000
I03.SI,20120403,0.10,0.10,0.10,0.10,6558000
I03.SI,20120402,0.10,0.11,0.10,0.10,12964000
I03.SI,20120401,0.10,0.11,0.10,0.10,6914000
I03.SI,20120329,0.10,0.10,0.10,0.10,000
I03.SI,20120328,0.10,0.11,0.10,0.10,3610000
I03.SI,20120327,0.11,0.11,0.10,0.11,9834000
I03.SI,20120326,0.11,0.11,0.10,0.11,8609000
I03.SI,20120325,0.10,0.11,0.10,0.11,52583000
I03.SI,20120322,0.10,0.10,0.10,0.10,9511000
I03.SI,20120321,0.10,0.10,0.10,0.10,25649000
I03.SI,20120320,0.09,0.10,0.09,0.10,9891000
I03.SI,20120319,0.09,0.09,0.09,0.09,4040000
I03.SI,20120318,0.09,0.09,0.09,0.09,5227000
I03.SI,20120315,0.09,0.10,0.09,0.09,15634000
I03.SI,20120314,0.09,0.09,0.09,0.09,7474000
I03.SI,20120313,0.09,0.09,0.09,0.09,4757000
I03.SI,20120312,0.09,0.10,0.09,0.09,9791000
I03.SI,20120311,0.11,0.11,0.09,0.09,15792000
I03.SI,20120308,0.11,0.11,0.11,0.11,15731000
I03.SI,20120307,0.12,0.12,0.11,0.11,14457000
I03.SI,20120306,0.12,0.12,0.12,0.12,16698000
I03.SI,20120305,0.11,0.12,0.11,0.12,17655000
I03.SI,20120304,0.12,0.12,0.11,0.11,18237000
I03.SI,20120301,0.13,0.13,0.12,0.12,30152000
I03.SI,20120229,0.13,0.13,0.13,0.13,16778000
I03.SI,20120228,0.13,0.13,0.13,0.13,36850000
I03.SI,20120227,0.13,0.13,0.13,0.13,42369000
I03.SI,20120226,0.13,0.13,0.13,0.13,20448000
I03.SI,20120223,0.13,0.13,0.13,0.13,21487000
I03.SI,20120222,0.13,0.13,0.13,0.13,18357000
I03.SI,20120221,0.14,0.14,0.13,0.13,33280000
I03.SI,20120220,0.13,0.13,0.13,0.13,70869000
I03.SI,20120219,0.13,0.13,0.13,0.13,54823000
I03.SI,20120216,0.13,0.13,0.13,0.13,13928000
I03.SI,20120215,0.13,0.13,0.13,0.13,21907000
I03.SI,20120214,0.13,0.13,0.13,0.13,32307000
I03.SI,20120213,0.13,0.13,0.13,0.13,000
I03.SI,20120212,0.13,0.13,0.13,0.13,000
I03.SI,20120209,0.13,0.13,0.13,0.13,15324000
I03.SI,20120208,0.13,0.13,0.13,0.13,29705000
I03.SI,20120207,0.13,0.13,0.13,0.13,22665000
I03.SI,20120206,0.13,0.13,0.13,0.13,28433000
I03.SI,20120205,0.14,0.14,0.13,0.13,35868000
I03.SI,20120202,0.13,0.13,0.13,0.13,19041000
I03.SI,20120201,0.13,0.14,0.13,0.13,41926000
I03.SI,20120131,0.14,0.14,0.13,0.13,18680000
I03.SI,20120130,0.13,0.14,0.13,0.13,167682000
I03.SI,20120129,0.13,0.13,0.13,0.13,13393000
I03.SI,20120126,0.13,0.13,0.13,0.13,38257000
I03.SI,20120125,0.13,0.14,0.13,0.13,57397000
I03.SI,20120124,0.13,0.14,0.13,0.13,35366000
I03.SI,20120123,0.14,0.14,0.13,0.13,18339000
I03.SI,20120122,0.14,0.14,0.14,0.14,14551000
I03.SI,20120119,0.14,0.14,0.14,0.14,20833000
I03.SI,20120118,0.15,0.15,0.13,0.14,173021000
I03.SI,20120117,0.13,0.14,0.13,0.14,349906000
I03.SI,20120116,0.13,0.13,0.12,0.13,42639000
I03.SI,20120115,0.13,0.13,0.13,0.13,19526000
I03.SI,20120112,0.13,0.13,0.13,0.13,25181000
I03.SI,20120111,0.13,0.14,0.13,0.13,26978000
I03.SI,20120110,0.13,0.14,0.13,0.13,119105000
I03.SI,20120109,0.13,0.14,0.13,0.13,83744000
I03.SI,20120108,0.13,0.14,0.13,0.13,82180000
I03.SI,20120105,0.13,0.13,0.13,0.13,33817000
I03.SI,20120104,0.13,0.13,0.13,0.13,49014000
I03.SI,20120103,0.13,0.14,0.13,0.13,44986000
I03.SI,20120102,0.13,0.13,0.13,0.13,000
I03.SI,20120101,0.13,0.13,0.13,0.13,32671000
I03.SI,20111229,0.13,0.14,0.13,0.13,100860000
I03.SI,20111228,0.14,0.14,0.12,0.13,221208000
I03.SI,20111227,0.10,0.14,0.10,0.14,309360000
I03.SI,20111226,0.10,0.10,0.10,0.10,000
I03.SI,20111225,0.09,0.10,0.09,0.10,72207000
I03.SI,20111222,0.09,0.10,0.09,0.09,86414000
I03.SI,20111221,0.09,0.09,0.09,0.09,5202000
I03.SI,20111220,0.09,0.09,0.09,0.09,22936000
I03.SI,20111219,0.09,0.09,0.09,0.09,12710000
I03.SI,20111218,0.09,0.09,0.09,0.09,8414000
I03.SI,20111215,0.09,0.09,0.09,0.09,9146000
I03.SI,20111214,0.09,0.09,0.09,0.09,6892000
I03.SI,20111213,0.09,0.09,0.09,0.09,13153000
I03.SI,20111212,0.09,0.09,0.09,0.09,54001000
I03.SI,20111211,0.08,0.09,0.08,0.09,91330000
I03.SI,20111208,0.08,0.08,0.08,0.08,15397000
I03.SI,20111207,0.08,0.08,0.08,0.08,6717000
I03.SI,20111206,0.08,0.08,0.08,0.08,15583000
I03.SI,20111205,0.08,0.08,0.08,0.08,7522000
I03.SI,20111204,0.08,0.08,0.08,0.08,1809000
I03.SI,20111201,0.08,0.08,0.08,0.08,4913000
I03.SI,20111130,0.08,0.08,0.08,0.08,5423000
I03.SI,20111129,0.08,0.08,0.08,0.08,1519000
I03.SI,20111128,0.08,0.08,0.08,0.08,1191000
I03.SI,20111127,0.08,0.08,0.08,0.08,1750000
I03.SI,20111124,0.08,0.09,0.08,0.08,15738000
I03.SI,20111123,0.08,0.08,0.08,0.08,2612000
I03.SI,20111122,0.08,0.08,0.08,0.08,1400000
I03.SI,20111121,0.08,0.08,0.08,0.08,11407000
I03.SI,20111120,0.08,0.08,0.07,0.08,2366000
I03.SI,20111117,0.08,0.08,0.08,0.08,1430000
I03.SI,20111116,0.08,0.08,0.08,0.08,4375000
I03.SI,20111115,0.08,0.08,0.08,0.08,881000
I03.SI,20111114,0.08,0.08,0.08,0.08,000
I03.SI,20111113,0.08,0.08,0.08,0.08,927000
I03.SI,20111110,0.08,0.08,0.08,0.08,363000
I03.SI,20111109,0.08,0.08,0.08,0.08,2136000
I03.SI,20111108,0.08,0.08,0.08,0.08,3825000
I03.SI,20111107,0.08,0.08,0.08,0.08,2056000
I03.SI,20111106,0.08,0.08,0.08,0.08,1209000
I03.SI,20111103,0.08,0.08,0.08,0.08,1490000
I03.SI,20111102,0.08,0.08,0.08,0.08,2184000
I03.SI,20111101,0.08,0.08,0.08,0.08,3347000
I03.SI,20111031,0.08,0.08,0.08,0.08,2957000
I03.SI,20111030,0.08,0.08,0.08,0.08,2353000
I03.SI,20111027,0.08,0.08,0.08,0.08,000
I03.SI,20111026,0.08,0.08,0.08,0.08,1171000
I03.SI,20111025,0.09,0.09,0.08,0.09,4413000
I03.SI,20111024,0.09,0.09,0.08,0.08,3556000
I03.SI,20111023,0.09,0.09,0.09,0.09,2589000
I03.SI,20111020,0.09,0.09,0.09,0.09,4598000
I03.SI,20111019,0.09,0.09,0.09,0.09,5718000
I03.SI,20111018,0.09,0.09,0.09,0.09,1679000
I03.SI,20111017,0.09,0.09,0.09,0.09,7253000
I03.SI,20111016,0.09,0.09,0.09,0.09,613000
I03.SI,20111013,0.09,0.09,0.09,0.09,14186000
I03.SI,20111012,0.09,0.09,0.09,0.09,6618000
I03.SI,20111011,0.09,0.09,0.09,0.09,6787000
I03.SI,20111010,0.09,0.09,0.09,0.09,7598000
I03.SI,20111009,0.09,0.09,0.09,0.09,6205000
I03.SI,20111006,0.09,0.09,0.09,0.09,1882000
I03.SI,20111005,0.09,0.09,0.09,0.09,17818000
I03.SI,20111004,0.09,0.09,0.09,0.09,5563000
I03.SI,20111003,0.09,0.09,0.09,0.09,4008000
I03.SI,20111002,0.09,0.09,0.09,0.09,12361000
I03.SI,20110929,0.09,0.09,0.09,0.09,5495000
I03.SI,20110928,0.09,0.09,0.09,0.09,12101000
I03.SI,20110927,0.09,0.09,0.09,0.09,7227000
I03.SI,20110926,0.09,0.09,0.09,0.09,10993000
I03.SI,20110925,0.09,0.09,0.09,0.09,10559000
I03.SI,20110922,0.09,0.09,0.09,0.09,3020000
I03.SI,20110921,0.09,0.09,0.09,0.09,5077000
I03.SI,20110920,0.09,0.09,0.09,0.09,5945000
I03.SI,20110919,0.09,0.09,0.09,0.09,7447000
I03.SI,20110918,0.09,0.10,0.09,0.09,36219000
I03.SI,20110915,0.09,0.09,0.09,0.09,16517000
I03.SI,20110914,0.09,0.09,0.09,0.09,11154000
I03.SI,20110913,0.09,0.09,0.09,0.09,6740000
I03.SI,20110912,0.09,0.09,0.09,0.09,11035000
I03.SI,20110911,0.09,0.09,0.09,0.09,2527000
I03.SI,20110908,0.09,0.09,0.09,0.09,4400000
I03.SI,20110907,0.09,0.09,0.09,0.09,5979000
I03.SI,20110906,0.09,0.09,0.09,0.09,4982000
I03.SI,20110905,0.09,0.09,0.09,0.09,3030000
I03.SI,20110904,0.09,0.09,0.09,0.09,2685000
I03.SI,20110901,0.09,0.09,0.09,0.09,2155000
I03.SI,20110831,0.09,0.09,0.09,0.09,7096000
I03.SI,20110830,0.09,0.09,0.09,0.09,11869000
I03.SI,20110829,0.09,0.09,0.09,0.09,5668000
I03.SI,20110828,0.09,0.09,0.09,0.09,7942000
I03.SI,20110825,0.09,0.09,0.09,0.09,7560000
I03.SI,20110824,0.09,0.09,0.09,0.09,11394000
I03.SI,20110823,0.09,0.09,0.09,0.09,5274000
I03.SI,20110822,0.09,0.09,0.09,0.09,3471000
I03.SI,20110821,0.09,0.09,0.09,0.09,000
I03.SI,20110818,0.09,0.09,0.09,0.09,5716000
I03.SI,20110817,0.09,0.09,0.09,0.09,31098000
I03.SI,20110816,0.09,0.09,0.09,0.09,9722000
I03.SI,20110815,0.09,0.09,0.09,0.09,15975000
I03.SI,20110814,0.09,0.09,0.09,0.09,2773000
I03.SI,20110811,0.09,0.09,0.09,0.09,4256000
I03.SI,20110810,0.09,0.09,0.09,0.09,000
I03.SI,20110809,0.09,0.09,0.09,0.09,5393000
I03.SI,20110808,0.09,0.09,0.09,0.09,43473000
I03.SI,20110807,0.09,0.09,0.09,0.09,6020000
I03.SI,20110804,0.09,0.09,0.09,0.09,5117000
I03.SI,20110803,0.09,0.09,0.09,0.09,8417000
I03.SI,20110802,0.09,0.09,0.09,0.09,21104000
I03.SI,20110801,0.09,0.09,0.09,0.09,8252000
I03.SI,20110731,0.09,0.09,0.09,0.09,5183000
I03.SI,20110728,0.09,0.09,0.09,0.09,5897000
I03.SI,20110727,0.09,0.09,0.09,0.09,11631000
I03.SI,20110726,0.09,0.09,0.09,0.09,13555000
I03.SI,20110725,0.09,0.09,0.09,0.09,4182000
I03.SI,20110724,0.09,0.09,0.09,0.09,4812000
I03.SI,20110721,0.09,0.09,0.09,0.09,8408000
I03.SI,20110720,0.09,0.09,0.09,0.09,9754000
I03.SI,20110719,0.09,0.09,0.09,0.09,10308000
I03.SI,20110718,0.09,0.09,0.09,0.09,8033000
I03.SI,20110717,0.09,0.09,0.09,0.09,4617000
I03.SI,20110714,0.09,0.10,0.09,0.09,9491000
I03.SI,20110713,0.10,0.10,0.09,0.09,54463000
I03.SI,20110712,0.09,0.10,0.09,0.09,62762000
I03.SI,20110711,0.08,0.09,0.08,0.09,2924000
I03.SI,20110710,0.09,0.09,0.08,0.08,2203000
I03.SI,20110707,0.09,0.09,0.09,0.09,4337000
I03.SI,20110706,0.09,0.09,0.09,0.09,7310000
I03.SI,20110705,0.08,0.09,0.08,0.09,32123000
I03.SI,20110704,0.08,0.08,0.08,0.08,1650000
I03.SI,20110703,0.08,0.08,0.08,0.08,4548000
I03.SI,20110630,0.08,0.09,0.08,0.08,5214000
I03.SI,20110629,0.08,0.08,0.08,0.08,6671000
I03.SI,20110628,0.08,0.09,0.08,0.08,8935000
I03.SI,20110627,0.08,0.08,0.08,0.08,3114000
I03.SI,20110626,0.09,0.09,0.08,0.08,1306000
I03.SI,20110623,0.08,0.09,0.08,0.09,5229000
I03.SI,20110622,0.09,0.09,0.08,0.08,3059000
I03.SI,20110621,0.09,0.09,0.09,0.09,17234000
I03.SI,20110620,0.08,0.09,0.08,0.09,20365000
I03.SI,20110619,0.08,0.08,0.08,0.08,10615000
I03.SI,20110616,0.08,0.08,0.08,0.08,5380000
I03.SI,20110615,0.08,0.08,0.08,0.08,3218000
I03.SI,20110614,0.08,0.08,0.08,0.08,2839000
I03.SI,20110613,0.08,0.08,0.08,0.08,6348000
I03.SI,20110612,0.08,0.08,0.08,0.08,7501000
I03.SI,20110609,0.08,0.08,0.08,0.08,4926000
I03.SI,20110608,0.08,0.08,0.08,0.08,9604000
I03.SI,20110607,0.08,0.08,0.08,0.08,8878000
I03.SI,20110606,0.08,0.08,0.08,0.08,7517000
I03.SI,20110605,0.08,0.08,0.08,0.08,5881000
I03.SI,20110602,0.09,0.09,0.08,0.08,8896000
I03.SI,20110601,0.08,0.09,0.08,0.09,7357000
I03.SI,20110531,0.09,0.09,0.08,0.08,19720000
I03.SI,20110530,0.08,0.09,0.08,0.09,24606000
I03.SI,20110529,0.09,0.09,0.08,0.08,6784000
I03.SI,20110526,0.09,0.09,0.08,0.09,3055000
I03.SI,20110525,0.09,0.09,0.08,0.09,6789000
I03.SI,20110524,0.09,0.09,0.09,0.09,10905000
I03.SI,20110523,0.09,0.09,0.09,0.09,37090000
I03.SI,20110522,0.08,0.09,0.08,0.09,18121000
I03.SI,20110519,0.08,0.09,0.08,0.08,22176000
I03.SI,20110518,0.09,0.09,0.09,0.09,13664000
I03.SI,20110517,0.09,0.09,0.09,0.09,16757000
I03.SI,20110516,0.09,0.09,0.09,0.09,26121000
I03.SI,20110515,0.10,0.11,0.09,0.09,75553000
I03.SI,20110512,0.11,0.11,0.10,0.10,19738000
I03.SI,20110511,0.11,0.11,0.11,0.11,19382000
I03.SI,20110510,0.11,0.11,0.11,0.11,16043000
I03.SI,20110509,0.11,0.12,0.11,0.11,24845000
I03.SI,20110508,0.11,0.12,0.11,0.11,42882000
I03.SI,20110505,0.12,0.13,0.12,0.12,36671000
I03.SI,20110504,0.13,0.13,0.12,0.12,60825000
I03.SI,20110503,0.11,0.13,0.11,0.13,65970000
I03.SI,20110502,0.11,0.11,0.11,0.11,000
I03.SI,20110501,0.11,0.12,0.11,0.11,28150000
I03.SI,20110428,0.13,0.14,0.11,0.11,108815000
I03.SI,20110427,0.13,0.14,0.12,0.14,345311000
I03.SI,20110426,0.09,0.12,0.09,0.12,178167000
I03.SI,20110425,0.09,0.09,0.09,0.09,5743000
I03.SI,20110424,0.09,0.10,0.09,0.09,10103000
I03.SI,20110421,0.09,0.10,0.09,0.09,41122000
I03.SI,20110420,0.09,0.09,0.09,0.09,15425000
I03.SI,20110419,0.09,0.09,0.09,0.09,12103000
I03.SI,20110418,0.09,0.09,0.09,0.09,2579000
I03.SI,20110417,0.09,0.10,0.09,0.09,4386000
I03.SI,20110414,0.10,0.10,0.09,0.09,3423000
I03.SI,20110413,0.10,0.10,0.10,0.10,12634000
I03.SI,20110412,0.09,0.10,0.09,0.10,124275000
I03.SI,20110411,0.09,0.09,0.09,0.09,2736000
I03.SI,20110410,0.09,0.09,0.09,0.09,1130000
I03.SI,20110407,0.09,0.09,0.09,0.09,000
I03.SI,20110406,0.09,0.09,0.08,0.09,3864000
I03.SI,20110405,0.09,0.09,0.09,0.09,890000
I03.SI,20110404,0.09,0.09,0.09,0.09,1768000
I03.SI,20110403,0.09,0.09,0.09,0.09,888000
I03.SI,20110331,0.09,0.09,0.09,0.09,2110000
I03.SI,20110330,0.09,0.09,0.09,0.09,5507000
I03.SI,20110329,0.09,0.09,0.09,0.09,625000
I03.SI,20110328,0.09,0.09,0.09,0.09,4865000
I03.SI,20110327,0.09,0.09,0.08,0.09,1142000
I03.SI,20110324,0.09,0.09,0.09,0.09,1562000
I03.SI,20110323,0.09,0.09,0.09,0.09,1679000
I03.SI,20110322,0.09,0.09,0.09,0.09,1854000
I03.SI,20110321,0.09,0.09,0.09,0.09,1679000
I03.SI,20110320,0.09,0.09,0.09,0.09,1897000
I03.SI,20110317,0.09,0.09,0.09,0.09,2275000
I03.SI,20110316,0.09,0.09,0.09,0.09,2557000
I03.SI,20110315,0.09,0.09,0.09,0.09,6717000
I03.SI,20110314,0.09,0.09,0.09,0.09,4211000
I03.SI,20110313,0.09,0.09,0.08,0.09,3081000
I03.SI,20110310,0.09,0.09,0.09,0.09,3088000
I03.SI,20110309,0.09,0.09,0.09,0.09,9037000
I03.SI,20110308,0.08,0.09,0.08,0.09,6335000
I03.SI,20110307,0.09,0.09,0.08,0.08,1673000
I03.SI,20110306,0.09,0.10,0.09,0.09,7555000
I03.SI,20110303,0.08,0.10,0.08,0.09,26744000
I03.SI,20110302,0.08,0.08,0.08,0.08,3527000
I03.SI,20110301,0.08,0.09,0.08,0.09,2931000
I03.SI,20110228,0.08,0.09,0.08,0.08,1916000
I03.SI,20110227,0.08,0.09,0.08,0.08,6418000
I03.SI,20110224,0.09,0.09,0.08,0.08,3682000
I03.SI,20110223,0.09,0.09,0.08,0.09,5657000
I03.SI,20110222,0.09,0.09,0.09,0.09,2446000
I03.SI,20110221,0.10,0.10,0.09,0.09,7385000
I03.SI,20110220,0.10,0.10,0.09,0.09,5711000
I03.SI,20110217,0.10,0.10,0.10,0.10,2627000
I03.SI,20110216,0.10,0.10,0.10,0.10,4562000
I03.SI,20110215,0.10,0.10,0.10,0.10,10547000
I03.SI,20110214,0.10,0.10,0.10,0.10,8561000
I03.SI,20110213,0.09,0.11,0.09,0.10,31514000
I03.SI,20110210,0.09,0.09,0.09,0.09,8668000
I03.SI,20110209,0.09,0.09,0.09,0.09,9769000
I03.SI,20110208,0.08,0.09,0.08,0.09,24160000
I03.SI,20110207,0.08,0.08,0.08,0.08,5074000
I03.SI,20110206,0.08,0.08,0.08,0.08,4838000
I03.SI,20110203,0.08,0.08,0.08,0.08,4987000
I03.SI,20110202,0.08,0.08,0.08,0.08,3284000
I03.SI,20110201,0.08,0.08,0.07,0.08,3032000
I03.SI,20110131,0.07,0.08,0.07,0.08,9333000
I03.SI,20110130,0.07,0.07,0.07,0.07,2776000
I03.SI,20110127,0.07,0.07,0.07,0.07,16601000
I03.SI,20110126,0.07,0.07,0.07,0.07,3822000
I03.SI,20110125,0.07,0.07,0.07,0.07,1598000
I03.SI,20110124,0.07,0.07,0.07,0.07,000
I03.SI,20110123,0.07,0.07,0.07,0.07,000
I03.SI,20110120,0.07,0.07,0.06,0.07,3625000
I03.SI,20110119,0.06,0.07,0.06,0.06,2489000
I03.SI,20110118,0.06,0.07,0.06,0.06,8288000
I03.SI,20110117,0.06,0.06,0.06,0.06,565000
I03.SI,20110116,0.06,0.06,0.06,0.06,533000
I03.SI,20110113,0.07,0.07,0.06,0.06,1730000
I03.SI,20110112,0.06,0.07,0.06,0.06,14862000
I03.SI,20110111,0.06,0.06,0.06,0.06,4777000
I03.SI,20110110,0.06,0.06,0.06,0.06,121000
I03.SI,20110109,0.06,0.06,0.06,0.06,426000
I03.SI,20110106,0.06,0.06,0.06,0.06,249000
I03.SI,20110105,0.06,0.06,0.06,0.06,501000
I03.SI,20110104,0.06,0.06,0.06,0.06,967000
I03.SI,20110103,0.06,0.06,0.06,0.06,209000
I03.SI,20110102,0.06,0.06,0.06,0.06,000
I03.SI,20101230,0.06,0.06,0.06,0.06,320000
I03.SI,20101229,0.06,0.06,0.06,0.06,3611000
I03.SI,20101228,0.05,0.06,0.05,0.06,170000
I03.SI,20101227,0.06,0.06,0.06,0.06,630000
I03.SI,20101226,0.05,0.05,0.05,0.05,000
I03.SI,20101223,0.05,0.06,0.05,0.05,300000
I03.SI,20101222,0.05,0.06,0.05,0.05,260000
I03.SI,20101221,0.06,0.06,0.05,0.05,460000
I03.SI,20101220,0.05,0.06,0.05,0.06,100000
I03.SI,20101219,0.06,0.06,0.05,0.05,249000
I03.SI,20101216,0.05,0.05,0.05,0.05,590000
I03.SI,20101215,0.05,0.05,0.05,0.05,660000
I03.SI,20101214,0.06,0.06,0.05,0.05,875000
I03.SI,20101213,0.06,0.06,0.06,0.06,740000
I03.SI,20101212,0.06,0.06,0.06,0.06,461000
I03.SI,20101209,0.06,0.06,0.06,0.06,496000
I03.SI,20101208,0.06,0.06,0.06,0.06,930000
I03.SI,20101207,0.06,0.06,0.06,0.06,4071000
I03.SI,20101206,0.06,0.06,0.06,0.06,3259000
I03.SI,20101205,0.06,0.06,0.06,0.06,1401000
I03.SI,20101202,0.06,0.06,0.06,0.06,2621000
I03.SI,20101201,0.06,0.06,0.06,0.06,2512000
I03.SI,20101130,0.06,0.06,0.06,0.06,4417000
I03.SI,20101129,0.06,0.06,0.06,0.06,7023000
I03.SI,20101128,0.06,0.06,0.06,0.06,1319000
I03.SI,20101125,0.06,0.06,0.06,0.06,4330000
I03.SI,20101124,0.07,0.07,0.06,0.06,2776000
I03.SI,20101123,0.06,0.07,0.06,0.07,38448000
I03.SI,20101122,0.06,0.06,0.06,0.06,6175000
I03.SI,20101121,0.06,0.06,0.06,0.06,1107000
I03.SI,20101118,0.06,0.06,0.06,0.06,1072000
I03.SI,20101117,0.06,0.06,0.06,0.06,4669000
I03.SI,20101116,0.06,0.06,0.05,0.06,325000
I03.SI,20101115,0.06,0.06,0.06,0.06,5000
I03.SI,20101114,0.06,0.06,0.05,0.06,553000
I03.SI,20101111,0.05,0.06,0.05,0.05,501000
I03.SI,20101110,0.05,0.05,0.05,0.05,330000
I03.SI,20101109,0.06,0.06,0.06,0.06,30000
I03.SI,20101108,0.06,0.06,0.06,0.06,100000
I03.SI,20101104,0.06,0.06,0.06,0.06,430000
I03.SI,20101103,0.06,0.06,0.06,0.06,227000
I03.SI,20101102,0.06,0.06,0.06,0.06,442000
I03.SI,20101101,0.06,0.06,0.05,0.05,500000
I03.SI,20101031,0.06,0.06,0.06,0.06,400000
I03.SI,20101028,0.06,0.06,0.06,0.06,1368000
I03.SI,20101027,0.06,0.06,0.06,0.06,969000
I03.SI,20101025,0.06,0.06,0.06,0.06,395000
I03.SI,20101024,0.06,0.06,0.06,0.06,770000
I03.SI,20101021,0.06,0.06,0.06,0.06,650000
I03.SI,20101020,0.06,0.06,0.06,0.06,10000
I03.SI,20101019,0.06,0.06,0.06,0.06,90000
I03.SI,20101018,0.06,0.06,0.06,0.06,1777000
I03.SI,20101017,0.06,0.07,0.06,0.06,3690000
I03.SI,20101014,0.05,0.06,0.05,0.06,5135000
I03.SI,20101013,0.05,0.05,0.05,0.05,520000
I03.SI,20101012,0.05,0.05,0.05,0.05,51000
I03.SI,20101011,0.05,0.05,0.05,0.05,746000
I03.SI,20101010,0.05,0.05,0.05,0.05,620000
I03.SI,20101007,0.05,0.05,0.05,0.05,895000
I03.SI,20101006,0.05,0.05,0.05,0.05,524000
I03.SI,20101005,0.05,0.05,0.05,0.05,809000
I03.SI,20101004,0.05,0.05,0.04,0.05,1490000
I03.SI,20101003,0.05,0.05,0.05,0.05,735000
I03.SI,20100930,0.05,0.05,0.05,0.05,250000
I03.SI,20100929,0.05,0.05,0.05,0.05,164000
I03.SI,20100928,0.05,0.05,0.05,0.05,260000
I03.SI,20100927,0.05,0.06,0.05,0.06,728000
I03.SI,20100926,0.05,0.05,0.05,0.05,732000
I03.SI,20100923,0.06,0.06,0.06,0.06,131000
I03.SI,20100922,0.06,0.06,0.06,0.06,80000
I03.SI,20100921,0.06,0.06,0.06,0.06,389000
I03.SI,20100920,0.06,0.06,0.06,0.06,170000
I03.SI,20100919,0.06,0.06,0.06,0.06,518000
I03.SI,20100916,0.06,0.06,0.06,0.06,215000
I03.SI,20100915,0.06,0.06,0.06,0.06,630000
I03.SI,20100914,0.06,0.06,0.06,0.06,68000
I03.SI,20100913,0.06,0.06,0.06,0.06,160000
I03.SI,20100912,0.06,0.06,0.06,0.06,543000
I03.SI,20100909,0.06,0.06,0.06,0.06,62000
I03.SI,20100908,0.06,0.06,0.06,0.06,1085000
I03.SI,20100907,0.06,0.06,0.06,0.06,784000
I03.SI,20100906,0.06,0.06,0.06,0.06,285000
I03.SI,20100905,0.06,0.06,0.06,0.06,182000
I03.SI,20100902,0.06,0.06,0.06,0.06,202000
I03.SI,20100901,0.06,0.06,0.06,0.06,2346000
I03.SI,20100831,0.06,0.06,0.06,0.06,2311000
I03.SI,20100829,0.06,0.06,0.06,0.06,671000
I03.SI,20100826,0.06,0.06,0.06,0.06,488000
I03.SI,20100825,0.06,0.06,0.06,0.06,680000
I03.SI,20100824,0.06,0.06,0.06,0.06,772000
I03.SI,20100823,0.06,0.06,0.06,0.06,699000
I03.SI,20100822,0.06,0.06,0.05,0.06,1522000
I03.SI,20100819,0.06,0.06,0.06,0.06,479000
I03.SI,20100818,0.06,0.06,0.06,0.06,540000
I03.SI,20100817,0.06,0.06,0.06,0.06,909000
I03.SI,20100816,0.06,0.06,0.06,0.06,1649000
I03.SI,20100815,0.06,0.06,0.06,0.06,940000
I03.SI,20100812,0.06,0.06,0.06,0.06,1370000
I03.SI,20100811,0.06,0.06,0.06,0.06,2781000
I03.SI,20100810,0.07,0.07,0.06,0.07,1399000
I03.SI,20100808,0.08,0.08,0.07,0.07,1982000
I03.SI,20100805,0.08,0.08,0.08,0.08,1326000
I03.SI,20100804,0.08,0.08,0.08,0.08,40000
I03.SI,20100803,0.08,0.09,0.08,0.08,1062000
I03.SI,20100802,0.09,0.09,0.08,0.08,477000
I03.SI,20100801,0.09,0.09,0.08,0.08,635000
I03.SI,20100729,0.09,0.09,0.09,0.09,644000
I03.SI,20100728,0.08,0.09,0.08,0.09,753000
I03.SI,20100727,0.09,0.09,0.08,0.09,521000
I03.SI,20100726,0.08,0.09,0.08,0.09,2513000
I03.SI,20100725,0.08,0.08,0.08,0.08,661000
I03.SI,20100722,0.08,0.09,0.08,0.09,967000
I03.SI,20100721,0.08,0.08,0.08,0.08,1787000
I03.SI,20100720,0.08,0.08,0.08,0.08,1405000
I03.SI,20100719,0.08,0.08,0.08,0.08,1590000
I03.SI,20100718,0.09,0.09,0.08,0.08,1499000
I03.SI,20100715,0.09,0.09,0.09,0.09,1010000
I03.SI,20100714,0.09,0.09,0.09,0.09,353000
I03.SI,20100713,0.09,0.09,0.09,0.09,533000
I03.SI,20100712,0.09,0.09,0.09,0.09,370000
I03.SI,20100711,0.10,0.10,0.09,0.09,461000
I03.SI,20100708,0.10,0.10,0.10,0.10,430000
I03.SI,20100707,0.10,0.10,0.10,0.10,940000
I03.SI,20100706,0.10,0.10,0.10,0.10,455000
I03.SI,20100705,0.10,0.10,0.10,0.10,255000
I03.SI,20100704,0.10,0.10,0.10,0.10,180000
I03.SI,20100701,0.10,0.10,0.10,0.10,1453000
I03.SI,20100630,0.10,0.10,0.10,0.10,3246000
I03.SI,20100629,0.09,0.09,0.09,0.09,243000
I03.SI,20100628,0.09,0.10,0.09,0.09,220000
I03.SI,20100627,0.09,0.09,0.09,0.09,1000000
I03.SI,20100624,0.10,0.10,0.09,0.10,230000
I03.SI,20100623,0.09,0.09,0.09,0.09,16000
I03.SI,20100622,0.10,0.10,0.09,0.09,215000
I03.SI,20100621,0.10,0.10,0.09,0.09,2186000
I03.SI,20100620,0.09,0.10,0.09,0.09,310000
I03.SI,20100617,0.09,0.09,0.09,0.09,378000
I03.SI,20100616,0.10,0.10,0.09,0.09,136000
I03.SI,20100615,0.10,0.10,0.10,0.10,279000
I03.SI,20100614,0.10,0.10,0.10,0.10,869000
I03.SI,20100613,0.10,0.10,0.10,0.10,2442000
I03.SI,20100610,0.10,0.10,0.10,0.10,600000
I03.SI,20100609,0.10,0.10,0.10,0.10,221000
I03.SI,20100608,0.10,0.10,0.10,0.10,82000
I03.SI,20100607,0.10,0.10,0.10,0.10,825000
I03.SI,20100606,0.10,0.10,0.10,0.10,112000
I03.SI,20100603,0.10,0.10,0.10,0.10,769000
I03.SI,20100602,0.10,0.10,0.10,0.10,1745000
I03.SI,20100601,0.10,0.11,0.10,0.10,502000
I03.SI,20100531,0.10,0.10,0.10,0.10,1246000
I03.SI,20100530,0.10,0.10,0.10,0.10,470000
I03.SI,20100527,0.10,0.11,0.10,0.11,168000
I03.SI,20100526,0.10,0.11,0.10,0.10,192000
I03.SI,20100525,0.10,0.11,0.10,0.11,3559000
I03.SI,20100524,0.10,0.10,0.10,0.10,578000
I03.SI,20100523,0.11,0.11,0.10,0.10,4268000
I03.SI,20100520,0.11,0.11,0.10,0.10,760000
I03.SI,20100519,0.11,0.12,0.10,0.10,2622000
I03.SI,20100518,0.10,0.11,0.10,0.10,329000
I03.SI,20100516,0.11,0.11,0.10,0.10,538000
I03.SI,20100513,0.11,0.12,0.11,0.11,55000
I03.SI,20100512,0.11,0.11,0.11,0.11,302000
I03.SI,20100511,0.12,0.12,0.12,0.12,761000
I03.SI,20100510,0.10,0.12,0.10,0.12,7515000
I03.SI,20100509,0.10,0.10,0.10,0.10,668000
I03.SI,20100506,0.10,0.10,0.10,0.10,327000
I03.SI,20100505,0.10,0.10,0.10,0.10,794000
I03.SI,20100504,0.10,0.10,0.10,0.10,572000
I03.SI,20100503,0.11,0.11,0.10,0.10,379000
I03.SI,20100429,0.11,0.11,0.11,0.11,1477000
I03.SI,20100428,0.11,0.11,0.11,0.11,1246000
I03.SI,20100427,0.12,0.12,0.12,0.12,2585000
I03.SI,20100426,0.12,0.12,0.11,0.11,326000
I03.SI,20100425,0.12,0.12,0.11,0.11,1089000
I03.SI,20100421,0.12,0.12,0.12,0.12,591000
I03.SI,20100420,0.12,0.12,0.12,0.12,936000
I03.SI,20100419,0.12,0.12,0.12,0.12,4070000
I03.SI,20100418,0.12,0.12,0.12,0.12,402000
I03.SI,20100415,0.12,0.12,0.12,0.12,2860000
I03.SI,20100414,0.12,0.12,0.12,0.12,3167000
I03.SI,20100413,0.12,0.12,0.12,0.12,1565000
I03.SI,20100412,0.12,0.12,0.12,0.12,1291000
I03.SI,20100411,0.13,0.13,0.12,0.12,1248000
I03.SI,20100408,0.12,0.13,0.12,0.13,3406000
I03.SI,20100407,0.13,0.13,0.12,0.12,15041000
I03.SI,20100406,0.12,0.12,0.11,0.12,8115000
I03.SI,20100405,0.11,0.12,0.11,0.12,19444000
I03.SI,20100404,0.10,0.10,0.10,0.10,336000
I03.SI,20100401,0.10,0.10,0.10,0.10,277000
I03.SI,20100331,0.10,0.10,0.10,0.10,1618000
I03.SI,20100330,0.10,0.11,0.10,0.11,530000
I03.SI,20100329,0.10,0.10,0.10,0.10,714000
I03.SI,20100328,0.10,0.11,0.10,0.10,1609000
I03.SI,20100325,0.10,0.11,0.10,0.10,820000
I03.SI,20100324,0.11,0.11,0.10,0.11,479000
I03.SI,20100323,0.10,0.10,0.10,0.10,2976000
I03.SI,20100322,0.10,0.10,0.10,0.10,860000
I03.SI,20100321,0.10,0.11,0.10,0.10,7056000
I03.SI,20100318,0.10,0.10,0.10,0.10,2583000
I03.SI,20100317,0.10,0.10,0.10,0.10,689000
I03.SI,20100316,0.10,0.10,0.10,0.10,761000
I03.SI,20100315,0.10,0.10,0.10,0.10,7419000
I03.SI,20100314,0.11,0.11,0.11,0.11,310000
I03.SI,20100311,0.10,0.12,0.10,0.11,20646000
I03.SI,20100310,0.11,0.11,0.10,0.10,827000
I03.SI,20100309,0.11,0.11,0.10,0.10,2294000
I03.SI,20100308,0.10,0.11,0.10,0.10,2317000
I03.SI,20100307,0.10,0.10,0.10,0.10,322000
I03.SI,20100304,0.10,0.11,0.10,0.10,502000
I03.SI,20100303,0.10,0.10,0.10,0.10,4009000
I03.SI,20100302,0.10,0.10,0.10,0.10,2287000
I03.SI,20100301,0.10,0.11,0.10,0.10,5832000
I03.SI,20100228,0.10,0.10,0.10,0.10,1649000
I03.SI,20100225,0.10,0.10,0.10,0.10,2388000
I03.SI,20100224,0.10,0.10,0.10,0.10,1194000
I03.SI,20100223,0.10,0.10,0.10,0.10,6930000
I03.SI,20100222,0.11,0.11,0.10,0.10,7019000
I03.SI,20100221,0.12,0.12,0.11,0.12,4623000
I03.SI,20100218,0.12,0.12,0.12,0.12,653000
I03.SI,20100217,0.12,0.12,0.12,0.12,839000
I03.SI,20100216,0.12,0.12,0.12,0.12,1191000
I03.SI,20100215,0.13,0.13,0.12,0.12,7914000
I03.SI,20100214,0.12,0.12,0.12,0.12,1352000
I03.SI,20100211,0.13,0.13,0.12,0.12,1450000
I03.SI,20100210,0.13,0.13,0.12,0.12,1669000
I03.SI,20100209,0.13,0.13,0.12,0.13,1522000
I03.SI,20100208,0.13,0.14,0.13,0.13,1482000
I03.SI,20100207,0.13,0.14,0.12,0.13,4067000
I03.SI,20100202,0.13,0.14,0.13,0.13,2008000
I03.SI,20100201,0.13,0.13,0.13,0.13,3650000
I03.SI,20100131,0.13,0.14,0.13,0.13,7975000
I03.SI,20100128,0.13,0.14,0.13,0.14,830000
I03.SI,20100127,0.14,0.14,0.13,0.13,950000
I03.SI,20100126,0.13,0.14,0.13,0.14,45514000
I03.SI,20100125,0.14,0.14,0.12,0.12,2771000
I03.SI,20100124,0.13,0.13,0.13,0.13,6497000
I03.SI,20100121,0.13,0.14,0.13,0.13,2924000
I03.SI,20100120,0.14,0.14,0.13,0.13,3136000
I03.SI,20100119,0.14,0.14,0.13,0.14,1221000
I03.SI,20100118,0.14,0.14,0.13,0.14,1357000
I03.SI,20100117,0.14,0.14,0.14,0.14,2347000
I03.SI,20100114,0.14,0.14,0.13,0.14,7404000
I03.SI,20100113,0.14,0.14,0.14,0.14,7885000
I03.SI,20100112,0.14,0.14,0.14,0.14,1829000
I03.SI,20100111,0.14,0.14,0.14,0.14,2944000
I03.SI,20100110,0.14,0.14,0.14,0.14,3148000
I03.SI,20100107,0.14,0.14,0.14,0.14,3932000
I03.SI,20100106,0.14,0.14,0.14,0.14,9133000
I03.SI,20100105,0.14,0.14,0.14,0.14,5590000
I03.SI,20100104,0.14,0.14,0.14,0.14,10537000
I03.SI,20100103,0.14,0.14,0.14,0.14,13738000
