M14.SI,20120605,0.29,0.31,0.29,0.30,353000
M14.SI,20120604,0.29,0.29,0.28,0.29,206000
M14.SI,20120603,0.29,0.29,0.28,0.28,50000
M14.SI,20120531,0.29,0.29,0.28,0.29,43000
M14.SI,20120530,0.29,0.29,0.28,0.29,75000
M14.SI,20120529,0.29,0.29,0.29,0.29,000
M14.SI,20120528,0.29,0.29,0.29,0.29,52000
M14.SI,20120527,0.28,0.28,0.28,0.28,53000
M14.SI,20120524,0.28,0.28,0.28,0.28,000
M14.SI,20120523,0.28,0.28,0.28,0.28,373000
M14.SI,20120522,0.28,0.29,0.28,0.28,97000
M14.SI,20120521,0.28,0.28,0.28,0.28,97000
M14.SI,20120520,0.29,0.29,0.29,0.29,50000
M14.SI,20120517,0.28,0.28,0.28,0.28,000
M14.SI,20120516,0.28,0.28,0.28,0.28,310000
M14.SI,20120515,0.28,0.28,0.28,0.28,52000
M14.SI,20120514,0.28,0.28,0.28,0.28,000
M14.SI,20120513,0.28,0.28,0.28,0.28,66000
M14.SI,20120510,0.29,0.30,0.28,0.28,72000
M14.SI,20120509,0.28,0.29,0.28,0.28,146000
M14.SI,20120508,0.28,0.28,0.28,0.28,31000
M14.SI,20120507,0.28,0.28,0.26,0.28,61000
M14.SI,20120506,0.29,0.29,0.29,0.29,277000
M14.SI,20120503,0.29,0.29,0.29,0.29,117000
M14.SI,20120502,0.30,0.30,0.29,0.29,41000
M14.SI,20120501,0.29,0.29,0.29,0.29,000
M14.SI,20120430,0.30,0.30,0.29,0.29,173000
M14.SI,20120429,0.30,0.30,0.29,0.29,153000
M14.SI,20120426,0.30,0.31,0.29,0.31,72000
M14.SI,20120425,0.31,0.31,0.29,0.30,136000
M14.SI,20120424,0.31,0.31,0.31,0.31,50000
M14.SI,20120423,0.29,0.30,0.29,0.30,36000
M14.SI,20120422,0.31,0.31,0.29,0.29,39000
M14.SI,20120419,0.31,0.31,0.30,0.31,291000
M14.SI,20120418,0.30,0.30,0.29,0.29,103000
M14.SI,20120417,0.31,0.31,0.30,0.30,11000
M14.SI,20120416,0.30,0.31,0.30,0.31,35000
M14.SI,20120415,0.30,0.30,0.30,0.30,130000
M14.SI,20120412,0.31,0.31,0.31,0.31,000
M14.SI,20120411,0.31,0.31,0.30,0.31,57000
M14.SI,20120410,0.31,0.31,0.31,0.31,82000
M14.SI,20120409,0.31,0.31,0.31,0.31,000
M14.SI,20120408,0.31,0.31,0.31,0.31,12000
M14.SI,20120405,0.31,0.31,0.30,0.31,180000
M14.SI,20120404,0.31,0.31,0.31,0.31,1000
M14.SI,20120403,0.31,0.31,0.31,0.31,69000
M14.SI,20120402,0.31,0.31,0.31,0.31,152000
M14.SI,20120401,0.31,0.31,0.31,0.31,182000
M14.SI,20120329,0.31,0.31,0.31,0.31,000
M14.SI,20120328,0.31,0.31,0.31,0.31,61000
M14.SI,20120327,0.31,0.32,0.31,0.31,192000
M14.SI,20120326,0.31,0.31,0.31,0.31,152000
M14.SI,20120325,0.32,0.32,0.31,0.32,121000
M14.SI,20120322,0.31,0.32,0.31,0.32,86000
M14.SI,20120321,0.30,0.31,0.30,0.31,185000
M14.SI,20120320,0.31,0.31,0.31,0.31,102000
M14.SI,20120319,0.31,0.31,0.31,0.31,122000
M14.SI,20120318,0.30,0.30,0.30,0.30,20000
M14.SI,20120315,0.31,0.31,0.31,0.31,130000
M14.SI,20120314,0.31,0.31,0.30,0.31,540000
M14.SI,20120313,0.31,0.31,0.31,0.31,49000
M14.SI,20120312,0.31,0.31,0.31,0.31,109000
M14.SI,20120311,0.31,0.31,0.31,0.31,000
M14.SI,20120308,0.31,0.31,0.31,0.31,90000
M14.SI,20120307,0.32,0.32,0.31,0.31,120000
M14.SI,20120306,0.33,0.34,0.32,0.32,93000
M14.SI,20120305,0.32,0.33,0.32,0.33,80000
M14.SI,20120304,0.32,0.32,0.31,0.31,54000
M14.SI,20120301,0.32,0.32,0.31,0.31,230000
M14.SI,20120229,0.34,0.34,0.32,0.32,285000
M14.SI,20120228,0.36,0.36,0.32,0.34,916000
M14.SI,20120227,0.37,0.37,0.37,0.37,27000
M14.SI,20120226,0.37,0.38,0.37,0.38,40000
M14.SI,20120223,0.37,0.37,0.37,0.37,000
M14.SI,20120222,0.38,0.38,0.37,0.37,241000
M14.SI,20120221,0.38,0.38,0.38,0.38,152000
M14.SI,20120220,0.38,0.38,0.37,0.38,84000
M14.SI,20120219,0.38,0.38,0.38,0.38,216000
M14.SI,20120216,0.38,0.38,0.38,0.38,57000
M14.SI,20120215,0.38,0.38,0.38,0.38,5000
M14.SI,20120214,0.37,0.38,0.37,0.38,33000
M14.SI,20120213,0.37,0.37,0.37,0.37,000
M14.SI,20120212,0.37,0.37,0.37,0.37,000
M14.SI,20120209,0.37,0.37,0.37,0.37,42000
M14.SI,20120208,0.38,0.38,0.37,0.37,104000
M14.SI,20120207,0.38,0.38,0.37,0.37,51000
M14.SI,20120206,0.37,0.37,0.37,0.37,41000
M14.SI,20120205,0.38,0.38,0.38,0.38,136000
M14.SI,20120202,0.38,0.38,0.38,0.38,30000
M14.SI,20120201,0.38,0.38,0.38,0.38,120000
M14.SI,20120131,0.38,0.38,0.38,0.38,125000
M14.SI,20120130,0.38,0.38,0.38,0.38,194000
M14.SI,20120129,0.37,0.38,0.37,0.38,193000
M14.SI,20120126,0.37,0.37,0.37,0.37,111000
M14.SI,20120125,0.36,0.37,0.36,0.37,423000
M14.SI,20120124,0.37,0.37,0.37,0.37,5000
M14.SI,20120123,0.37,0.37,0.37,0.37,50000
M14.SI,20120122,0.37,0.37,0.37,0.37,71000
M14.SI,20120119,0.37,0.38,0.37,0.37,61000
M14.SI,20120118,0.38,0.38,0.37,0.37,114000
M14.SI,20120117,0.38,0.38,0.37,0.38,377000
M14.SI,20120116,0.37,0.38,0.37,0.37,73000
M14.SI,20120115,0.38,0.38,0.37,0.38,365000
M14.SI,20120112,0.37,0.38,0.37,0.38,333000
M14.SI,20120111,0.38,0.38,0.37,0.38,166000
M14.SI,20120110,0.38,0.38,0.37,0.37,128000
M14.SI,20120109,0.38,0.38,0.37,0.37,1077000
M14.SI,20120108,0.36,0.38,0.36,0.38,256000
M14.SI,20120105,0.35,0.36,0.35,0.35,151000
M14.SI,20120104,0.35,0.36,0.35,0.35,194000
M14.SI,20120103,0.35,0.35,0.35,0.35,318000
M14.SI,20120102,0.34,0.34,0.34,0.34,000
M14.SI,20120101,0.34,0.35,0.34,0.34,63000
M14.SI,20111229,0.34,0.34,0.34,0.34,30000
M14.SI,20111228,0.34,0.34,0.34,0.34,128000
M14.SI,20111227,0.34,0.34,0.34,0.34,161000
M14.SI,20111226,0.34,0.34,0.34,0.34,000
M14.SI,20111225,0.34,0.34,0.34,0.34,25000
M14.SI,20111222,0.34,0.34,0.34,0.34,20000
M14.SI,20111221,0.34,0.34,0.33,0.33,112000
M14.SI,20111220,0.33,0.33,0.33,0.33,16000
M14.SI,20111219,0.32,0.32,0.32,0.32,000
M14.SI,20111218,0.32,0.32,0.32,0.32,000
M14.SI,20111215,0.32,0.32,0.32,0.32,2000
M14.SI,20111214,0.34,0.34,0.33,0.33,56000
M14.SI,20111213,0.33,0.33,0.33,0.33,000
M14.SI,20111212,0.34,0.34,0.33,0.33,178000
M14.SI,20111211,0.33,0.34,0.33,0.34,54000
M14.SI,20111208,0.32,0.32,0.32,0.32,000
M14.SI,20111207,0.33,0.33,0.32,0.32,66000
M14.SI,20111206,0.32,0.33,0.32,0.33,80000
M14.SI,20111205,0.31,0.31,0.31,0.31,000
M14.SI,20111204,0.32,0.32,0.31,0.31,25000
M14.SI,20111201,0.32,0.32,0.32,0.32,000
M14.SI,20111130,0.31,0.32,0.31,0.31,71000
M14.SI,20111129,0.31,0.31,0.31,0.31,285000
M14.SI,20111128,0.31,0.31,0.31,0.31,000
M14.SI,20111127,0.31,0.31,0.31,0.31,000
M14.SI,20111124,0.31,0.31,0.31,0.31,42000
M14.SI,20111123,0.30,0.30,0.30,0.30,25000
M14.SI,20111122,0.30,0.30,0.30,0.30,000
M14.SI,20111121,0.30,0.30,0.30,0.30,000
M14.SI,20111120,0.30,0.30,0.30,0.30,100000
M14.SI,20111117,0.30,0.31,0.30,0.30,129000
M14.SI,20111116,0.31,0.31,0.30,0.30,67000
M14.SI,20111115,0.31,0.31,0.31,0.31,50000
M14.SI,20111114,0.31,0.31,0.31,0.31,000
M14.SI,20111113,0.32,0.32,0.31,0.31,160000
M14.SI,20111110,0.31,0.32,0.31,0.32,16000
M14.SI,20111109,0.32,0.32,0.31,0.31,410000
M14.SI,20111108,0.32,0.32,0.32,0.32,29000
M14.SI,20111107,0.32,0.32,0.32,0.32,60000
M14.SI,20111106,0.33,0.33,0.33,0.33,20000
M14.SI,20111103,0.32,0.32,0.32,0.32,10000
M14.SI,20111102,0.33,0.33,0.32,0.32,203000
M14.SI,20111101,0.33,0.33,0.32,0.32,20000
M14.SI,20111031,0.32,0.32,0.32,0.32,000
M14.SI,20111030,0.32,0.32,0.32,0.32,000
M14.SI,20111027,0.32,0.32,0.32,0.32,000
M14.SI,20111026,0.32,0.32,0.32,0.32,113000
M14.SI,20111025,0.33,0.33,0.33,0.33,10000
M14.SI,20111024,0.34,0.34,0.34,0.34,2000
M14.SI,20111023,0.33,0.33,0.32,0.32,5000
M14.SI,20111020,0.33,0.33,0.33,0.33,000
M14.SI,20111019,0.33,0.34,0.33,0.33,30000
M14.SI,20111018,0.33,0.33,0.32,0.32,81000
M14.SI,20111017,0.33,0.33,0.33,0.33,36000
M14.SI,20111016,0.34,0.34,0.33,0.34,66000
M14.SI,20111013,0.32,0.33,0.32,0.33,209000
M14.SI,20111012,0.34,0.34,0.33,0.34,52000
M14.SI,20111011,0.34,0.34,0.33,0.33,61000
M14.SI,20111010,0.34,0.34,0.34,0.34,87000
M14.SI,20111009,0.34,0.34,0.34,0.34,47000
M14.SI,20111006,0.34,0.34,0.34,0.34,90000
M14.SI,20111005,0.34,0.34,0.33,0.33,141000
M14.SI,20111004,0.34,0.34,0.33,0.33,40000
M14.SI,20111003,0.34,0.34,0.33,0.34,61000
M14.SI,20111002,0.34,0.34,0.33,0.33,151000
M14.SI,20110929,0.34,0.34,0.33,0.34,137000
M14.SI,20110928,0.34,0.34,0.33,0.34,165000
M14.SI,20110927,0.34,0.34,0.33,0.33,140000
M14.SI,20110926,0.34,0.34,0.34,0.34,142000
M14.SI,20110925,0.34,0.34,0.34,0.34,241000
M14.SI,20110922,0.34,0.35,0.34,0.35,29000
M14.SI,20110921,0.35,0.37,0.34,0.35,675000
M14.SI,20110920,0.34,0.36,0.34,0.35,700000
M14.SI,20110919,0.34,0.34,0.32,0.34,234000
M14.SI,20110918,0.33,0.34,0.33,0.34,416000
M14.SI,20110915,0.34,0.34,0.32,0.33,946000
M14.SI,20110914,0.33,0.33,0.32,0.32,991000
M14.SI,20110913,0.34,0.34,0.32,0.33,695000
M14.SI,20110912,0.35,0.35,0.34,0.34,61000
M14.SI,20110911,0.35,0.35,0.34,0.35,377000
M14.SI,20110908,0.35,0.35,0.34,0.35,867000
M14.SI,20110907,0.36,0.36,0.36,0.36,000
M14.SI,20110906,0.37,0.37,0.36,0.36,28000
M14.SI,20110905,0.36,0.36,0.36,0.36,000
M14.SI,20110904,0.36,0.36,0.35,0.36,81000
M14.SI,20110901,0.35,0.35,0.35,0.35,1000
M14.SI,20110831,0.37,0.37,0.37,0.37,000
M14.SI,20110830,0.37,0.37,0.37,0.37,000
M14.SI,20110829,0.37,0.37,0.37,0.37,10000
M14.SI,20110828,0.36,0.36,0.36,0.36,49000
M14.SI,20110825,0.36,0.36,0.36,0.36,36000
M14.SI,20110824,0.37,0.38,0.35,0.35,44000
M14.SI,20110823,0.35,0.35,0.35,0.35,2000
M14.SI,20110822,0.35,0.36,0.35,0.35,30000
M14.SI,20110821,0.35,0.35,0.35,0.35,000
M14.SI,20110818,0.35,0.35,0.35,0.35,297000
M14.SI,20110817,0.38,0.38,0.35,0.35,847000
M14.SI,20110816,0.38,0.38,0.38,0.38,114000
M14.SI,20110815,0.39,0.40,0.38,0.39,108000
M14.SI,20110814,0.38,0.38,0.38,0.38,1000
M14.SI,20110811,0.40,0.40,0.38,0.38,157000
M14.SI,20110810,0.38,0.38,0.38,0.38,000
M14.SI,20110809,0.39,0.40,0.38,0.38,48000
M14.SI,20110808,0.39,0.39,0.38,0.38,44000
M14.SI,20110807,0.38,0.38,0.38,0.38,261000
M14.SI,20110804,0.38,0.38,0.38,0.38,1000
M14.SI,20110803,0.38,0.38,0.38,0.38,40000
M14.SI,20110802,0.39,0.39,0.38,0.38,55000
M14.SI,20110801,0.38,0.38,0.38,0.38,33000
M14.SI,20110731,0.38,0.38,0.38,0.38,000
M14.SI,20110728,0.38,0.38,0.38,0.38,25000
M14.SI,20110727,0.39,0.39,0.39,0.39,000
M14.SI,20110726,0.39,0.39,0.39,0.39,000
M14.SI,20110725,0.39,0.39,0.39,0.39,16000
M14.SI,20110724,0.39,0.39,0.39,0.39,000
M14.SI,20110721,0.39,0.39,0.39,0.39,15000
M14.SI,20110720,0.40,0.40,0.38,0.40,12000
M14.SI,20110719,0.39,0.39,0.39,0.39,146000
M14.SI,20110718,0.39,0.39,0.39,0.39,000
M14.SI,20110717,0.39,0.39,0.38,0.39,17000
M14.SI,20110714,0.38,0.38,0.38,0.38,000
M14.SI,20110713,0.38,0.38,0.38,0.38,1000
M14.SI,20110712,0.40,0.40,0.39,0.39,60000
M14.SI,20110711,0.38,0.38,0.38,0.38,9000
M14.SI,20110710,0.39,0.39,0.39,0.39,000
M14.SI,20110707,0.39,0.39,0.39,0.39,000
M14.SI,20110706,0.39,0.39,0.39,0.39,000
M14.SI,20110705,0.39,0.39,0.39,0.39,23000
M14.SI,20110704,0.39,0.39,0.38,0.38,42000
M14.SI,20110703,0.39,0.39,0.39,0.39,71000
M14.SI,20110630,0.39,0.39,0.39,0.39,000
M14.SI,20110629,0.39,0.39,0.39,0.39,71000
M14.SI,20110628,0.39,0.39,0.39,0.39,20000
M14.SI,20110627,0.39,0.39,0.39,0.39,20000
M14.SI,20110626,0.39,0.39,0.39,0.39,66000
M14.SI,20110623,0.39,0.39,0.39,0.39,10000
M14.SI,20110622,0.40,0.40,0.40,0.40,10000
M14.SI,20110621,0.39,0.40,0.39,0.40,69000
M14.SI,20110620,0.40,0.40,0.38,0.38,42000
M14.SI,20110619,0.38,0.40,0.38,0.40,164000
M14.SI,20110616,0.40,0.40,0.40,0.40,000
M14.SI,20110615,0.40,0.40,0.40,0.40,000
M14.SI,20110614,0.40,0.40,0.40,0.40,120000
M14.SI,20110613,0.40,0.40,0.39,0.39,111000
M14.SI,20110612,0.40,0.40,0.40,0.40,45000
M14.SI,20110609,0.40,0.40,0.40,0.40,000
M14.SI,20110608,0.40,0.40,0.40,0.40,000
M14.SI,20110607,0.40,0.40,0.40,0.40,65000
M14.SI,20110606,0.40,0.40,0.39,0.39,15000
M14.SI,20110605,0.41,0.41,0.40,0.40,14000
M14.SI,20110602,0.41,0.41,0.41,0.41,30000
M14.SI,20110601,0.41,0.41,0.41,0.41,16000
M14.SI,20110531,0.40,0.42,0.40,0.42,251000
M14.SI,20110530,0.39,0.39,0.39,0.39,10000
M14.SI,20110529,0.39,0.39,0.39,0.39,000
M14.SI,20110526,0.39,0.39,0.39,0.39,000
M14.SI,20110525,0.39,0.39,0.39,0.39,20000
M14.SI,20110524,0.38,0.38,0.38,0.38,000
M14.SI,20110523,0.38,0.38,0.38,0.38,3000
M14.SI,20110522,0.35,0.37,0.35,0.37,64000
M14.SI,20110519,0.36,0.36,0.35,0.35,90000
M14.SI,20110518,0.37,0.37,0.37,0.37,20000
M14.SI,20110517,0.37,0.38,0.37,0.37,174000
M14.SI,20110516,0.38,0.38,0.36,0.38,172000
M14.SI,20110515,0.38,0.38,0.38,0.38,142000
M14.SI,20110512,0.39,0.39,0.39,0.39,30000
M14.SI,20110511,0.40,0.40,0.39,0.40,397000
M14.SI,20110510,0.41,0.41,0.40,0.40,134000
M14.SI,20110509,0.41,0.41,0.41,0.41,37000
M14.SI,20110508,0.44,0.44,0.41,0.41,533000
M14.SI,20110505,0.50,0.50,0.49,0.49,1058000
M14.SI,20110504,0.50,0.50,0.50,0.50,515000
M14.SI,20110503,0.50,0.50,0.50,0.50,634000
M14.SI,20110502,0.50,0.50,0.50,0.50,000
M14.SI,20110501,0.50,0.50,0.50,0.50,413000
M14.SI,20110428,0.50,0.50,0.50,0.50,291000
M14.SI,20110427,0.51,0.51,0.50,0.50,375000
M14.SI,20110426,0.51,0.51,0.50,0.50,162000
M14.SI,20110425,0.50,0.51,0.50,0.51,265000
M14.SI,20110424,0.50,0.51,0.50,0.50,481000
M14.SI,20110421,0.50,0.51,0.50,0.51,277000
M14.SI,20110420,0.51,0.51,0.50,0.50,129000
M14.SI,20110419,0.51,0.51,0.51,0.51,365000
M14.SI,20110418,0.51,0.51,0.51,0.51,383000
M14.SI,20110417,0.51,0.52,0.51,0.52,525000
M14.SI,20110414,0.52,0.52,0.51,0.52,732000
M14.SI,20110413,0.51,0.52,0.51,0.52,854000
M14.SI,20110412,0.50,0.51,0.50,0.51,279000
M14.SI,20110411,0.50,0.50,0.50,0.50,91000
M14.SI,20110410,0.50,0.50,0.50,0.50,350000
M14.SI,20110407,0.51,0.51,0.51,0.51,000
M14.SI,20110406,0.50,0.51,0.50,0.51,233000
M14.SI,20110405,0.51,0.51,0.50,0.51,155000
M14.SI,20110404,0.51,0.51,0.50,0.50,144000
M14.SI,20110403,0.51,0.51,0.50,0.50,456000
M14.SI,20110331,0.50,0.50,0.50,0.50,522000
M14.SI,20110330,0.50,0.50,0.50,0.50,186000
M14.SI,20110329,0.50,0.51,0.50,0.51,65000
M14.SI,20110328,0.50,0.50,0.50,0.50,351000
M14.SI,20110327,0.50,0.50,0.50,0.50,424000
M14.SI,20110324,0.51,0.51,0.50,0.51,112000
M14.SI,20110323,0.51,0.51,0.50,0.50,324000
M14.SI,20110322,0.50,0.51,0.50,0.51,54000
M14.SI,20110321,0.50,0.50,0.50,0.50,92000
M14.SI,20110320,0.51,0.51,0.50,0.50,502000
M14.SI,20110317,0.51,0.51,0.51,0.51,258000
M14.SI,20110316,0.51,0.51,0.51,0.51,194000
M14.SI,20110315,0.51,0.51,0.51,0.51,597000
M14.SI,20110314,0.50,0.52,0.50,0.51,1224000
M14.SI,20110313,0.50,0.50,0.50,0.50,187000
M14.SI,20110310,0.50,0.51,0.50,0.50,418000
M14.SI,20110309,0.50,0.50,0.50,0.50,189000
M14.SI,20110308,0.49,0.50,0.49,0.50,803000
M14.SI,20110307,0.50,0.50,0.50,0.50,1357000
M14.SI,20110306,0.51,0.51,0.50,0.50,885000
M14.SI,20110303,0.50,0.51,0.50,0.50,618000
M14.SI,20110302,0.50,0.51,0.50,0.50,1337000
M14.SI,20110301,0.52,0.52,0.50,0.50,1167000
M14.SI,20110228,0.51,0.52,0.51,0.52,2619000
M14.SI,20110227,0.50,0.55,0.50,0.51,8891000
M14.SI,20110224,0.50,0.50,0.50,0.50,1082000
M14.SI,20110223,0.52,0.52,0.50,0.50,2013000
M14.SI,20110222,0.49,0.54,0.49,0.51,8066000
M14.SI,20110221,0.47,0.50,0.46,0.48,2258000
M14.SI,20110220,0.46,0.47,0.46,0.47,1712000
M14.SI,20110217,0.44,0.46,0.44,0.45,290000
M14.SI,20110216,0.46,0.46,0.44,0.44,364000
M14.SI,20110215,0.45,0.47,0.45,0.45,898000
M14.SI,20110214,0.46,0.46,0.44,0.44,70000
M14.SI,20110213,0.44,0.46,0.44,0.46,105000
M14.SI,20110210,0.46,0.46,0.44,0.44,473000
M14.SI,20110209,0.46,0.46,0.45,0.46,200000
M14.SI,20110208,0.46,0.47,0.46,0.46,785000
M14.SI,20110207,0.47,0.47,0.45,0.46,475000
M14.SI,20110206,0.44,0.46,0.44,0.46,1120000
M14.SI,20110203,0.44,0.44,0.44,0.44,344000
M14.SI,20110202,0.44,0.46,0.44,0.44,789000
M14.SI,20110201,0.43,0.43,0.43,0.43,96000
M14.SI,20110131,0.43,0.43,0.43,0.43,59000
M14.SI,20110130,0.44,0.45,0.44,0.44,341000
M14.SI,20110127,0.42,0.46,0.42,0.46,1315000
M14.SI,20110126,0.40,0.42,0.40,0.42,184000
M14.SI,20110125,0.41,0.41,0.40,0.40,52000
M14.SI,20110124,0.41,0.41,0.41,0.41,000
M14.SI,20110123,0.41,0.41,0.41,0.41,000
M14.SI,20110120,0.42,0.42,0.41,0.41,131000
M14.SI,20110119,0.38,0.43,0.38,0.42,1191000
M14.SI,20110118,0.38,0.38,0.38,0.38,5000
M14.SI,20110117,0.37,0.38,0.37,0.38,160000
M14.SI,20110116,0.37,0.37,0.37,0.37,190000
M14.SI,20110113,0.35,0.37,0.35,0.37,429000
M14.SI,20110112,0.35,0.35,0.35,0.35,201000
M14.SI,20110111,0.35,0.35,0.35,0.35,111000
M14.SI,20110110,0.34,0.35,0.34,0.35,66000
M14.SI,20110109,0.34,0.34,0.34,0.34,000
M14.SI,20110106,0.34,0.34,0.34,0.34,10000
M14.SI,20110105,0.34,0.35,0.34,0.35,181000
M14.SI,20110104,0.34,0.34,0.34,0.34,107000
M14.SI,20110103,0.34,0.34,0.34,0.34,000
M14.SI,20110102,0.34,0.34,0.34,0.34,000
M14.SI,20101230,0.34,0.34,0.33,0.34,61000
M14.SI,20101229,0.34,0.34,0.33,0.34,111000
M14.SI,20101228,0.34,0.34,0.34,0.34,000
M14.SI,20101227,0.34,0.34,0.34,0.34,000
M14.SI,20101226,0.34,0.34,0.34,0.34,000
M14.SI,20101223,0.34,0.34,0.34,0.34,100000
M14.SI,20101222,0.34,0.34,0.34,0.34,000
M14.SI,20101221,0.34,0.34,0.34,0.34,128000
M14.SI,20101220,0.34,0.34,0.34,0.34,33000
M14.SI,20101219,0.34,0.34,0.34,0.34,20000
M14.SI,20101216,0.34,0.34,0.34,0.34,10000
M14.SI,20101215,0.34,0.34,0.34,0.34,10000
M14.SI,20101214,0.34,0.34,0.34,0.34,40000
M14.SI,20101213,0.34,0.34,0.34,0.34,36000
M14.SI,20101212,0.34,0.34,0.34,0.34,49000
M14.SI,20101209,0.34,0.34,0.34,0.34,85000
M14.SI,20101208,0.34,0.35,0.34,0.34,55000
M14.SI,20101207,0.34,0.36,0.34,0.36,40000
M14.SI,20101206,0.35,0.35,0.35,0.35,000
M14.SI,20101205,0.35,0.35,0.35,0.35,000
M14.SI,20101202,0.35,0.35,0.35,0.35,000
M14.SI,20101201,0.34,0.35,0.34,0.35,51000
M14.SI,20101130,0.34,0.34,0.34,0.34,000
M14.SI,20101129,0.34,0.34,0.34,0.34,10000
M14.SI,20101128,0.34,0.34,0.34,0.34,5000
M14.SI,20101125,0.35,0.35,0.34,0.34,61000
M14.SI,20101124,0.35,0.35,0.35,0.35,25000
M14.SI,20101123,0.35,0.35,0.35,0.35,50000
M14.SI,20101122,0.35,0.36,0.35,0.36,411000
M14.SI,20101121,0.35,0.35,0.35,0.35,56000
M14.SI,20101118,0.35,0.37,0.35,0.37,9000
M14.SI,20101117,0.35,0.35,0.35,0.35,1000
M14.SI,20101116,0.36,0.36,0.36,0.36,10000
M14.SI,20101115,0.35,0.35,0.35,0.35,10000
M14.SI,20101114,0.36,0.36,0.36,0.36,15000
M14.SI,20101111,0.37,0.37,0.35,0.35,300000
M14.SI,20101110,0.37,0.37,0.35,0.36,440000
M14.SI,20101109,0.38,0.38,0.37,0.37,387000
M14.SI,20101108,0.38,0.38,0.37,0.37,60000
M14.SI,20101104,0.38,0.38,0.37,0.38,266000
M14.SI,20101103,0.38,0.38,0.37,0.37,25000
M14.SI,20101102,0.38,0.38,0.38,0.38,39000
M14.SI,20101101,0.38,0.38,0.38,0.38,208000
M14.SI,20101031,0.38,0.38,0.38,0.38,50000
M14.SI,20101028,0.38,0.38,0.38,0.38,70000
M14.SI,20101027,0.37,0.38,0.36,0.38,130000
M14.SI,20101025,0.37,0.37,0.37,0.37,6000
M14.SI,20101024,0.36,0.36,0.36,0.36,50000
M14.SI,20101020,0.35,0.35,0.35,0.35,66000
M14.SI,20101019,0.35,0.35,0.35,0.35,318000
M14.SI,20101018,0.35,0.36,0.35,0.35,224000
M14.SI,20101017,0.35,0.35,0.35,0.35,13000
M14.SI,20101014,0.34,0.35,0.34,0.35,28000
M14.SI,20101013,0.35,0.36,0.34,0.35,199000
M14.SI,20101012,0.34,0.34,0.34,0.34,1000
M14.SI,20101011,0.34,0.36,0.34,0.34,116000
M14.SI,20101010,0.34,0.34,0.34,0.34,177000
M14.SI,20101006,0.34,0.34,0.34,0.34,60000
M14.SI,20101005,0.34,0.34,0.33,0.33,54000
M14.SI,20101004,0.34,0.34,0.34,0.34,155000
M14.SI,20101003,0.32,0.35,0.32,0.35,108000
M14.SI,20100930,0.34,0.34,0.34,0.34,81000
M14.SI,20100927,0.34,0.34,0.34,0.34,10000
M14.SI,20100926,0.34,0.34,0.34,0.34,140000
M14.SI,20100923,0.35,0.35,0.35,0.35,11000
M14.SI,20100922,0.36,0.36,0.35,0.35,250000
M14.SI,20100919,0.35,0.35,0.35,0.35,10000
M14.SI,20100916,0.37,0.37,0.37,0.37,133000
M14.SI,20100915,0.37,0.37,0.37,0.37,25000
M14.SI,20100914,0.37,0.37,0.37,0.37,20000
M14.SI,20100912,0.35,0.36,0.35,0.36,20000
M14.SI,20100909,0.36,0.36,0.36,0.36,10000
M14.SI,20100908,0.36,0.36,0.36,0.36,5000
M14.SI,20100907,0.34,0.34,0.34,0.34,2000
M14.SI,20100906,0.35,0.35,0.34,0.34,278000
M14.SI,20100905,0.35,0.35,0.35,0.35,97000
M14.SI,20100902,0.37,0.37,0.35,0.36,125000
M14.SI,20100901,0.37,0.37,0.37,0.37,72000
M14.SI,20100831,0.37,0.38,0.37,0.38,176000
M14.SI,20100829,0.35,0.37,0.35,0.36,95000
M14.SI,20100826,0.34,0.35,0.34,0.35,195000
M14.SI,20100825,0.34,0.34,0.34,0.34,221000
M14.SI,20100824,0.34,0.34,0.34,0.34,91000
M14.SI,20100823,0.32,0.33,0.32,0.33,76000
M14.SI,20100822,0.32,0.32,0.31,0.32,558000
M14.SI,20100819,0.34,0.34,0.32,0.32,410000
M14.SI,20100818,0.34,0.34,0.34,0.34,165000
M14.SI,20100816,0.34,0.35,0.34,0.34,636000
M14.SI,20100815,0.34,0.34,0.34,0.34,214000
M14.SI,20100812,0.33,0.34,0.32,0.34,563000
M14.SI,20100811,0.32,0.34,0.31,0.33,273000
M14.SI,20100810,0.36,0.36,0.34,0.34,1221000
M14.SI,20100808,0.38,0.38,0.34,0.37,466000
M14.SI,20100805,0.39,0.39,0.38,0.38,470000
M14.SI,20100804,0.41,0.41,0.40,0.40,110000
M14.SI,20100803,0.40,0.41,0.40,0.41,162000
M14.SI,20100802,0.41,0.41,0.40,0.41,133000
M14.SI,20100801,0.41,0.41,0.41,0.41,130000
M14.SI,20100729,0.41,0.41,0.41,0.41,164000
M14.SI,20100728,0.41,0.41,0.41,0.41,251000
M14.SI,20100727,0.41,0.41,0.41,0.41,5000
M14.SI,20100726,0.41,0.41,0.41,0.41,10000
M14.SI,20100725,0.41,0.41,0.41,0.41,4000
M14.SI,20100722,0.41,0.41,0.41,0.41,89000
M14.SI,20100721,0.41,0.41,0.41,0.41,461000
M14.SI,20100719,0.41,0.42,0.41,0.42,40000
M14.SI,20100718,0.42,0.42,0.40,0.40,60000
M14.SI,20100715,0.43,0.43,0.42,0.42,20000
M14.SI,20100714,0.44,0.44,0.43,0.43,150000
M14.SI,20100713,0.44,0.44,0.44,0.44,55000
M14.SI,20100712,0.44,0.44,0.44,0.44,88000
M14.SI,20100711,0.44,0.44,0.44,0.44,32000
M14.SI,20100708,0.44,0.44,0.44,0.44,60000
M14.SI,20100706,0.44,0.44,0.44,0.44,9000
M14.SI,20100705,0.44,0.44,0.44,0.44,195000
M14.SI,20100704,0.44,0.44,0.44,0.44,155000
M14.SI,20100701,0.44,0.44,0.44,0.44,327000
M14.SI,20100630,0.44,0.44,0.44,0.44,66000
M14.SI,20100629,0.44,0.44,0.43,0.44,70000
M14.SI,20100628,0.44,0.44,0.44,0.44,20000
M14.SI,20100627,0.43,0.43,0.43,0.43,50000
M14.SI,20100624,0.41,0.44,0.41,0.44,250000
M14.SI,20100623,0.41,0.41,0.41,0.41,100000
M14.SI,20100622,0.42,0.43,0.41,0.41,178000
M14.SI,20100621,0.41,0.41,0.41,0.41,113000
M14.SI,20100620,0.41,0.41,0.41,0.41,302000
M14.SI,20100617,0.42,0.43,0.41,0.41,210000
M14.SI,20100616,0.44,0.44,0.43,0.43,189000
M14.SI,20100615,0.44,0.45,0.44,0.44,79000
M14.SI,20100614,0.44,0.44,0.44,0.44,41000
M14.SI,20100613,0.44,0.44,0.44,0.44,227000
M14.SI,20100610,0.46,0.46,0.46,0.46,85000
M14.SI,20100608,0.47,0.47,0.47,0.47,70000
M14.SI,20100607,0.47,0.47,0.47,0.47,276000
M14.SI,20100606,0.47,0.47,0.47,0.47,56000
M14.SI,20100603,0.47,0.47,0.47,0.47,60000
M14.SI,20100602,0.47,0.47,0.47,0.47,61000
M14.SI,20100601,0.47,0.47,0.47,0.47,50000
M14.SI,20100531,0.47,0.47,0.47,0.47,65000
M14.SI,20100527,0.48,0.48,0.47,0.47,34000
M14.SI,20100526,0.47,0.47,0.47,0.47,54000
M14.SI,20100525,0.49,0.49,0.48,0.48,8000
M14.SI,20100524,0.48,0.48,0.47,0.47,90000
M14.SI,20100523,0.49,0.49,0.47,0.47,75000
M14.SI,20100520,0.50,0.50,0.49,0.49,316000
M14.SI,20100519,0.47,0.50,0.47,0.50,1412000
M14.SI,20100518,0.47,0.48,0.47,0.47,164000
M14.SI,20100516,0.47,0.47,0.47,0.47,308000
M14.SI,20100513,0.47,0.47,0.46,0.47,1001000
M14.SI,20100512,0.49,0.49,0.48,0.48,522000
M14.SI,20100511,0.50,0.50,0.49,0.49,858000
M14.SI,20100510,0.52,0.52,0.49,0.50,2845000
M14.SI,20100509,0.55,0.55,0.54,0.55,285000
M14.SI,20100506,0.54,0.54,0.53,0.53,173000
M14.SI,20100505,0.55,0.55,0.51,0.54,421000
M14.SI,20100504,0.60,0.61,0.60,0.60,1586000
M14.SI,20100503,0.61,0.61,0.60,0.61,868000
M14.SI,20100429,0.62,0.62,0.61,0.61,1315000
M14.SI,20100428,0.62,0.62,0.62,0.62,425000
M14.SI,20100427,0.62,0.62,0.62,0.62,594000
M14.SI,20100426,0.62,0.62,0.62,0.62,454000
M14.SI,20100425,0.62,0.62,0.62,0.62,331000
M14.SI,20100421,0.62,0.62,0.62,0.62,900000
M14.SI,20100420,0.62,0.62,0.62,0.62,422000
M14.SI,20100419,0.61,0.62,0.61,0.62,1689000
M14.SI,20100418,0.63,0.63,0.62,0.62,694000
M14.SI,20100415,0.63,0.63,0.62,0.63,1878000
M14.SI,20100414,0.62,0.65,0.62,0.63,4468000
M14.SI,20100413,0.62,0.62,0.62,0.62,366000
M14.SI,20100412,0.62,0.62,0.62,0.62,851000
M14.SI,20100411,0.62,0.62,0.61,0.62,397000
M14.SI,20100408,0.62,0.62,0.62,0.62,417000
M14.SI,20100407,0.60,0.62,0.60,0.62,1282000
M14.SI,20100406,0.60,0.60,0.60,0.60,288000
M14.SI,20100405,0.60,0.60,0.60,0.60,431000
M14.SI,20100404,0.60,0.61,0.60,0.61,268000
M14.SI,20100401,0.60,0.61,0.60,0.61,570000
M14.SI,20100331,0.60,0.60,0.60,0.60,76000
M14.SI,20100330,0.60,0.61,0.60,0.60,168000
M14.SI,20100329,0.60,0.60,0.60,0.60,111000
M14.SI,20100328,0.60,0.60,0.60,0.60,192000
M14.SI,20100325,0.60,0.60,0.60,0.60,118000
M14.SI,20100324,0.60,0.60,0.59,0.60,427000
M14.SI,20100323,0.59,0.60,0.58,0.60,653000
M14.SI,20100322,0.60,0.60,0.60,0.60,266000
M14.SI,20100321,0.58,0.59,0.58,0.59,208000
M14.SI,20100318,0.58,0.58,0.58,0.58,180000
M14.SI,20100317,0.58,0.58,0.57,0.58,419000
M14.SI,20100316,0.58,0.58,0.57,0.58,409000
M14.SI,20100315,0.59,0.60,0.57,0.58,1862000
M14.SI,20100314,0.59,0.60,0.59,0.59,328000
M14.SI,20100311,0.60,0.60,0.58,0.60,1346000
M14.SI,20100310,0.60,0.61,0.60,0.61,830000
M14.SI,20100309,0.60,0.60,0.60,0.60,127000
M14.SI,20100308,0.60,0.60,0.59,0.60,457000
M14.SI,20100307,0.59,0.60,0.59,0.59,264000
M14.SI,20100304,0.60,0.60,0.59,0.59,272000
M14.SI,20100303,0.60,0.60,0.59,0.59,473000
M14.SI,20100302,0.60,0.60,0.59,0.60,343000
M14.SI,20100301,0.60,0.61,0.60,0.60,1041000
M14.SI,20100228,0.60,0.60,0.59,0.60,1880000
M14.SI,20100225,0.58,0.58,0.57,0.58,825000
M14.SI,20100224,0.57,0.58,0.57,0.58,873000
M14.SI,20100223,0.58,0.58,0.56,0.58,1235000
M14.SI,20100222,0.60,0.60,0.58,0.58,1297000
M14.SI,20100221,0.61,0.61,0.60,0.60,567000
M14.SI,20100218,0.61,0.61,0.61,0.61,243000
M14.SI,20100217,0.60,0.61,0.60,0.61,392000
M14.SI,20100216,0.60,0.61,0.60,0.60,106000
M14.SI,20100215,0.62,0.62,0.60,0.60,1075000
M14.SI,20100214,0.61,0.62,0.61,0.62,698000
M14.SI,20100211,0.61,0.62,0.59,0.60,1350000
M14.SI,20100210,0.62,0.63,0.61,0.61,1770000
M14.SI,20100209,0.62,0.62,0.61,0.62,696000
M14.SI,20100208,0.61,0.62,0.61,0.61,2021000
M14.SI,20100207,0.59,0.61,0.59,0.61,1495000
M14.SI,20100202,0.58,0.58,0.58,0.58,75000
M14.SI,20100201,0.58,0.58,0.58,0.58,183000
M14.SI,20100131,0.58,0.58,0.57,0.57,209000
M14.SI,20100128,0.58,0.58,0.58,0.58,303000
M14.SI,20100127,0.58,0.58,0.58,0.58,182000
M14.SI,20100126,0.57,0.58,0.57,0.58,299000
M14.SI,20100125,0.57,0.57,0.57,0.57,214000
M14.SI,20100124,0.57,0.58,0.57,0.57,741000
M14.SI,20100121,0.57,0.57,0.56,0.57,404000
M14.SI,20100120,0.58,0.58,0.57,0.57,513000
M14.SI,20100119,0.58,0.58,0.58,0.58,187000
M14.SI,20100118,0.58,0.58,0.58,0.58,307000
M14.SI,20100117,0.58,0.58,0.57,0.58,535000
M14.SI,20100114,0.58,0.58,0.57,0.57,1225000
M14.SI,20100113,0.58,0.59,0.58,0.58,915000
M14.SI,20100112,0.59,0.59,0.58,0.58,747000
M14.SI,20100111,0.59,0.59,0.58,0.58,545000
M14.SI,20100110,0.60,0.61,0.59,0.59,1251000
M14.SI,20100107,0.58,0.60,0.58,0.59,598000
M14.SI,20100106,0.58,0.59,0.58,0.58,418000
M14.SI,20100105,0.60,0.60,0.58,0.58,696000
M14.SI,20100104,0.60,0.61,0.58,0.59,1173000
M14.SI,20100103,0.58,0.60,0.58,0.60,1427000
