591.SI,20120604,0.10,0.10,0.10,0.10,000
591.SI,20120603,0.10,0.10,0.10,0.10,000
591.SI,20120531,0.10,0.10,0.10,0.10,524000
591.SI,20120530,0.10,0.10,0.10,0.10,000
591.SI,20120529,0.10,0.10,0.10,0.10,50000
591.SI,20120528,0.10,0.10,0.10,0.10,66000
591.SI,20120527,0.09,0.09,0.09,0.09,000
591.SI,20120524,0.09,0.09,0.09,0.09,000
591.SI,20120523,0.09,0.09,0.09,0.09,140000
591.SI,20120522,0.10,0.10,0.10,0.10,000
591.SI,20120521,0.10,0.10,0.10,0.10,000
591.SI,20120520,0.10,0.10,0.10,0.10,000
591.SI,20120517,0.10,0.10,0.10,0.10,000
591.SI,20120516,0.10,0.10,0.10,0.10,000
591.SI,20120515,0.10,0.10,0.10,0.10,000
591.SI,20120514,0.10,0.10,0.10,0.10,000
591.SI,20120513,0.10,0.10,0.10,0.10,40000
591.SI,20120510,0.10,0.10,0.10,0.10,20000
591.SI,20120509,0.10,0.10,0.10,0.10,100000
591.SI,20120508,0.10,0.10,0.10,0.10,000
591.SI,20120507,0.10,0.10,0.10,0.10,000
591.SI,20120506,0.10,0.10,0.10,0.10,000
591.SI,20120503,0.10,0.10,0.09,0.10,6000
591.SI,20120502,0.11,0.11,0.10,0.11,51000
591.SI,20120501,0.11,0.11,0.11,0.11,000
591.SI,20120430,0.11,0.11,0.11,0.11,14000
591.SI,20120429,0.11,0.11,0.11,0.11,2000
591.SI,20120426,0.11,0.11,0.11,0.11,30000
591.SI,20120425,0.11,0.11,0.11,0.11,119000
591.SI,20120424,0.11,0.11,0.11,0.11,100000
591.SI,20120423,0.11,0.11,0.11,0.11,71000
591.SI,20120422,0.11,0.11,0.11,0.11,000
591.SI,20120419,0.11,0.11,0.11,0.11,20000
591.SI,20120418,0.11,0.11,0.11,0.11,000
591.SI,20120417,0.11,0.11,0.11,0.11,50000
591.SI,20120416,0.11,0.11,0.11,0.11,60000
591.SI,20120415,0.11,0.11,0.11,0.11,199000
591.SI,20120412,0.11,0.11,0.11,0.11,120000
591.SI,20120411,0.11,0.11,0.11,0.11,130000
591.SI,20120410,0.11,0.11,0.11,0.11,000
591.SI,20120409,0.11,0.11,0.11,0.11,000
591.SI,20120408,0.11,0.11,0.11,0.11,000
591.SI,20120405,0.11,0.11,0.11,0.11,70000
591.SI,20120404,0.11,0.11,0.11,0.11,40000
591.SI,20120403,0.11,0.11,0.11,0.11,150000
591.SI,20120402,0.11,0.11,0.11,0.11,152000
591.SI,20120401,0.11,0.11,0.11,0.11,56000
591.SI,20120329,0.11,0.11,0.11,0.11,000
591.SI,20120328,0.11,0.11,0.11,0.11,40000
591.SI,20120327,0.11,0.11,0.11,0.11,200000
591.SI,20120326,0.11,0.11,0.11,0.11,305000
591.SI,20120325,0.10,0.11,0.10,0.11,165000
591.SI,20120322,0.10,0.10,0.10,0.10,10000
591.SI,20120321,0.10,0.10,0.10,0.10,177000
591.SI,20120320,0.11,0.11,0.11,0.11,70000
591.SI,20120319,0.10,0.10,0.10,0.10,000
591.SI,20120318,0.11,0.11,0.10,0.10,101000
591.SI,20120315,0.11,0.11,0.11,0.11,53000
591.SI,20120314,0.10,0.10,0.10,0.10,000
591.SI,20120313,0.10,0.10,0.10,0.10,5000
591.SI,20120312,0.10,0.10,0.10,0.10,000
591.SI,20120311,0.11,0.11,0.10,0.10,200000
591.SI,20120308,0.11,0.11,0.11,0.11,90000
591.SI,20120307,0.11,0.11,0.11,0.11,40000
591.SI,20120306,0.11,0.11,0.11,0.11,142000
591.SI,20120305,0.11,0.11,0.11,0.11,92000
591.SI,20120304,0.11,0.11,0.10,0.10,120000
591.SI,20120301,0.11,0.11,0.11,0.11,344000
591.SI,20120229,0.10,0.11,0.10,0.11,776000
591.SI,20120228,0.09,0.10,0.09,0.10,3000
591.SI,20120227,0.10,0.10,0.10,0.10,20000
591.SI,20120226,0.10,0.10,0.10,0.10,1000
591.SI,20120223,0.10,0.11,0.09,0.11,102000
591.SI,20120222,0.10,0.10,0.10,0.10,7000
591.SI,20120221,0.10,0.10,0.10,0.10,000
591.SI,20120220,0.10,0.10,0.10,0.10,100000
591.SI,20120219,0.10,0.10,0.10,0.10,126000
591.SI,20120216,0.10,0.10,0.10,0.10,000
591.SI,20120215,0.10,0.10,0.10,0.10,100000
591.SI,20120214,0.10,0.10,0.10,0.10,000
591.SI,20120213,0.10,0.10,0.10,0.10,000
591.SI,20120212,0.10,0.10,0.10,0.10,000
591.SI,20120209,0.10,0.10,0.10,0.10,102000
591.SI,20120208,0.10,0.10,0.10,0.10,158000
591.SI,20120207,0.10,0.10,0.09,0.09,289000
591.SI,20120206,0.10,0.10,0.10,0.10,50000
591.SI,20120205,0.10,0.10,0.10,0.10,20000
591.SI,20120202,0.11,0.11,0.11,0.11,000
591.SI,20120201,0.11,0.11,0.10,0.11,291000
591.SI,20120131,0.10,0.11,0.10,0.11,835000
591.SI,20120130,0.10,0.10,0.10,0.10,428000
591.SI,20120129,0.09,0.10,0.09,0.10,11000
591.SI,20120126,0.10,0.10,0.10,0.10,100000
591.SI,20120125,0.09,0.09,0.09,0.09,140000
591.SI,20120124,0.09,0.09,0.09,0.09,13000
591.SI,20120123,0.09,0.09,0.09,0.09,000
591.SI,20120122,0.09,0.09,0.09,0.09,10000
591.SI,20120119,0.09,0.09,0.09,0.09,30000
591.SI,20120118,0.09,0.09,0.09,0.09,000
591.SI,20120117,0.09,0.09,0.09,0.09,40000
591.SI,20120116,0.09,0.09,0.09,0.09,110000
591.SI,20120115,0.09,0.09,0.09,0.09,97000
591.SI,20120112,0.09,0.09,0.09,0.09,60000
591.SI,20120111,0.09,0.09,0.09,0.09,54000
591.SI,20120110,0.09,0.09,0.09,0.09,000
591.SI,20120109,0.09,0.09,0.09,0.09,114000
591.SI,20120108,0.09,0.09,0.09,0.09,228000
591.SI,20120105,0.09,0.09,0.09,0.09,215000
591.SI,20120104,0.09,0.09,0.09,0.09,000
591.SI,20120103,0.08,0.09,0.08,0.09,173000
591.SI,20120102,0.08,0.08,0.08,0.08,000
591.SI,20120101,0.08,0.08,0.08,0.08,000
591.SI,20111229,0.08,0.08,0.08,0.08,40000
591.SI,20111228,0.08,0.08,0.08,0.08,165000
591.SI,20111227,0.08,0.08,0.08,0.08,10000
591.SI,20111226,0.08,0.08,0.08,0.08,000
591.SI,20111225,0.08,0.08,0.08,0.08,000
591.SI,20111222,0.08,0.08,0.08,0.08,50000
591.SI,20111221,0.08,0.08,0.08,0.08,70000
591.SI,20111220,0.08,0.08,0.08,0.08,000
591.SI,20111219,0.08,0.08,0.08,0.08,179000
591.SI,20111218,0.08,0.08,0.08,0.08,625000
591.SI,20111215,0.08,0.08,0.08,0.08,000
591.SI,20111214,0.08,0.08,0.08,0.08,20000
591.SI,20111213,0.08,0.08,0.08,0.08,000
591.SI,20111212,0.08,0.08,0.08,0.08,10000
591.SI,20111211,0.08,0.08,0.08,0.08,100000
591.SI,20111208,0.08,0.08,0.08,0.08,200000
591.SI,20111207,0.08,0.08,0.08,0.08,000
591.SI,20111206,0.08,0.08,0.08,0.08,40000
591.SI,20111205,0.08,0.08,0.08,0.08,000
591.SI,20111204,0.08,0.08,0.08,0.08,10000
591.SI,20111201,0.08,0.08,0.08,0.08,112000
591.SI,20111130,0.08,0.08,0.08,0.08,000
591.SI,20111129,0.08,0.08,0.08,0.08,20000
591.SI,20111128,0.08,0.08,0.08,0.08,000
591.SI,20111127,0.08,0.08,0.08,0.08,000
591.SI,20111124,0.08,0.08,0.08,0.08,000
591.SI,20111123,0.08,0.08,0.08,0.08,4000
591.SI,20111122,0.08,0.08,0.08,0.08,1000
591.SI,20111121,0.07,0.07,0.07,0.07,000
591.SI,20111120,0.07,0.07,0.07,0.07,000
591.SI,20111117,0.07,0.07,0.07,0.07,000
591.SI,20111116,0.07,0.07,0.07,0.07,000
591.SI,20111115,0.08,0.08,0.07,0.07,30000
591.SI,20111114,0.07,0.07,0.07,0.07,000
591.SI,20111113,0.07,0.07,0.07,0.07,20000
591.SI,20111110,0.08,0.08,0.08,0.08,000
591.SI,20111109,0.08,0.08,0.08,0.08,000
591.SI,20111108,0.08,0.08,0.08,0.08,000
591.SI,20111107,0.08,0.08,0.08,0.08,000
591.SI,20111106,0.08,0.08,0.08,0.08,000
591.SI,20111103,0.08,0.09,0.08,0.08,90000
591.SI,20111102,0.08,0.08,0.08,0.08,000
591.SI,20111101,0.08,0.08,0.08,0.08,000
591.SI,20111031,0.08,0.08,0.08,0.08,000
591.SI,20111030,0.08,0.08,0.08,0.08,30000
591.SI,20111027,0.08,0.08,0.08,0.08,000
591.SI,20111026,0.08,0.08,0.08,0.08,20000
591.SI,20111025,0.08,0.08,0.08,0.08,4000
591.SI,20111024,0.08,0.08,0.08,0.08,000
591.SI,20111023,0.08,0.08,0.08,0.08,20000
591.SI,20111020,0.09,0.09,0.09,0.09,223000
591.SI,20111019,0.09,0.09,0.09,0.09,100000
591.SI,20111018,0.09,0.09,0.09,0.09,115000
591.SI,20111017,0.09,0.09,0.09,0.09,500000
591.SI,20111016,0.09,0.09,0.09,0.09,185000
591.SI,20111013,0.08,0.08,0.08,0.08,45000
591.SI,20111012,0.08,0.08,0.08,0.08,000
591.SI,20111011,0.08,0.08,0.08,0.08,000
591.SI,20111010,0.08,0.08,0.08,0.08,000
591.SI,20111009,0.08,0.08,0.08,0.08,100000
591.SI,20111006,0.08,0.08,0.08,0.08,50000
591.SI,20111005,0.08,0.08,0.08,0.08,000
591.SI,20111004,0.08,0.08,0.08,0.08,000
591.SI,20111003,0.08,0.08,0.08,0.08,50000
591.SI,20111002,0.08,0.08,0.08,0.08,42000
591.SI,20110929,0.09,0.09,0.09,0.09,000
591.SI,20110928,0.09,0.09,0.09,0.09,000
591.SI,20110927,0.09,0.09,0.09,0.09,000
591.SI,20110926,0.09,0.09,0.09,0.09,000
591.SI,20110925,0.09,0.09,0.09,0.09,000
591.SI,20110922,0.09,0.09,0.09,0.09,000
591.SI,20110921,0.09,0.09,0.09,0.09,40000
591.SI,20110920,0.08,0.08,0.08,0.08,93000
591.SI,20110919,0.07,0.07,0.07,0.07,20000
591.SI,20110918,0.08,0.08,0.08,0.08,000
591.SI,20110915,0.10,0.10,0.08,0.08,61000
591.SI,20110914,0.08,0.08,0.08,0.08,000
591.SI,20110913,0.08,0.08,0.08,0.08,000
591.SI,20110912,0.08,0.08,0.08,0.08,220000
591.SI,20110911,0.08,0.08,0.08,0.08,60000
591.SI,20110908,0.07,0.07,0.07,0.07,000
591.SI,20110907,0.07,0.07,0.07,0.07,56000
591.SI,20110906,0.07,0.07,0.07,0.07,000
591.SI,20110905,0.07,0.07,0.07,0.07,000
591.SI,20110904,0.07,0.07,0.07,0.07,000
591.SI,20110901,0.07,0.07,0.07,0.07,20000
591.SI,20110831,0.07,0.07,0.07,0.07,000
591.SI,20110830,0.07,0.07,0.07,0.07,000
591.SI,20110829,0.07,0.07,0.07,0.07,000
591.SI,20110828,0.07,0.07,0.07,0.07,000
591.SI,20110825,0.08,0.08,0.07,0.07,103000
591.SI,20110824,0.08,0.08,0.06,0.06,5000
591.SI,20110823,0.08,0.08,0.08,0.08,000
591.SI,20110822,0.08,0.08,0.08,0.08,000
591.SI,20110821,0.08,0.08,0.08,0.08,000
591.SI,20110818,0.08,0.08,0.08,0.08,000
591.SI,20110817,0.08,0.08,0.08,0.08,50000
591.SI,20110816,0.08,0.08,0.08,0.08,000
591.SI,20110815,0.08,0.08,0.08,0.08,261000
591.SI,20110814,0.08,0.08,0.08,0.08,237000
591.SI,20110811,0.08,0.08,0.08,0.08,23000
591.SI,20110810,0.08,0.08,0.08,0.08,000
591.SI,20110809,0.08,0.08,0.08,0.08,473000
591.SI,20110808,0.08,0.08,0.08,0.08,603000
591.SI,20110807,0.08,0.08,0.07,0.08,146000
591.SI,20110804,0.07,0.08,0.07,0.07,201000
591.SI,20110803,0.07,0.07,0.07,0.07,000
591.SI,20110802,0.07,0.07,0.07,0.07,000
591.SI,20110801,0.07,0.07,0.07,0.07,130000
591.SI,20110731,0.07,0.07,0.07,0.07,49000
591.SI,20110728,0.07,0.07,0.07,0.07,000
591.SI,20110727,0.07,0.07,0.07,0.07,150000
591.SI,20110726,0.07,0.07,0.07,0.07,000
591.SI,20110725,0.07,0.07,0.07,0.07,000
591.SI,20110724,0.07,0.07,0.07,0.07,000
591.SI,20110721,0.07,0.07,0.07,0.07,100000
591.SI,20110720,0.07,0.07,0.07,0.07,22000
591.SI,20110719,0.07,0.07,0.07,0.07,388000
591.SI,20110718,0.07,0.07,0.07,0.07,000
591.SI,20110717,0.07,0.07,0.07,0.07,20000
591.SI,20110714,0.07,0.07,0.07,0.07,000
591.SI,20110713,0.07,0.07,0.07,0.07,15000
591.SI,20110712,0.07,0.07,0.07,0.07,197000
591.SI,20110711,0.07,0.08,0.07,0.08,325000
591.SI,20110710,0.07,0.07,0.07,0.07,000
591.SI,20110707,0.07,0.07,0.07,0.07,30000
591.SI,20110706,0.07,0.07,0.07,0.07,000
591.SI,20110705,0.07,0.07,0.06,0.07,138000
591.SI,20110704,0.07,0.07,0.07,0.07,56000
591.SI,20110703,0.06,0.07,0.06,0.07,255000
591.SI,20110630,0.06,0.07,0.06,0.07,9000
591.SI,20110629,0.07,0.07,0.07,0.07,4000
591.SI,20110628,0.06,0.07,0.06,0.07,53000
591.SI,20110627,0.06,0.06,0.06,0.06,100000
591.SI,20110626,0.07,0.07,0.07,0.07,000
591.SI,20110623,0.07,0.07,0.07,0.07,50000
591.SI,20110622,0.07,0.07,0.06,0.06,202000
591.SI,20110621,0.07,0.07,0.07,0.07,000
591.SI,20110620,0.07,0.07,0.07,0.07,000
591.SI,20110619,0.07,0.07,0.07,0.07,102000
591.SI,20110616,0.06,0.06,0.06,0.06,000
591.SI,20110615,0.06,0.06,0.06,0.06,000
591.SI,20110614,0.06,0.06,0.06,0.06,000
591.SI,20110613,0.08,0.08,0.06,0.06,16000
591.SI,20110612,0.06,0.06,0.06,0.06,000
591.SI,20110609,0.06,0.06,0.06,0.06,000
591.SI,20110608,0.06,0.06,0.06,0.06,000
591.SI,20110607,0.06,0.06,0.06,0.06,6000
591.SI,20110606,0.07,0.07,0.06,0.06,2000
591.SI,20110605,0.07,0.07,0.07,0.07,000
591.SI,20110602,0.07,0.07,0.07,0.07,21000
591.SI,20110601,0.07,0.07,0.07,0.07,000
591.SI,20110531,0.07,0.07,0.07,0.07,36000
591.SI,20110530,0.07,0.07,0.07,0.07,2000
591.SI,20110529,0.07,0.07,0.07,0.07,23000
591.SI,20110526,0.07,0.07,0.07,0.07,000
591.SI,20110525,0.07,0.07,0.07,0.07,20000
591.SI,20110524,0.09,0.09,0.09,0.09,000
591.SI,20110523,0.09,0.09,0.09,0.09,000
591.SI,20110522,0.09,0.09,0.09,0.09,000
591.SI,20110519,0.09,0.09,0.09,0.09,000
591.SI,20110518,0.09,0.09,0.09,0.09,000
591.SI,20110517,0.06,0.09,0.06,0.09,27000
591.SI,20110516,0.07,0.07,0.07,0.07,60000
591.SI,20110515,0.07,0.07,0.07,0.07,122000
591.SI,20110512,0.07,0.07,0.07,0.07,164000
591.SI,20110511,0.07,0.07,0.07,0.07,8000
591.SI,20110510,0.07,0.07,0.07,0.07,22000
591.SI,20110509,0.07,0.07,0.07,0.07,18000
591.SI,20110508,0.07,0.07,0.07,0.07,000
591.SI,20110505,0.07,0.07,0.07,0.07,000
591.SI,20110504,0.07,0.07,0.07,0.07,50000
591.SI,20110503,0.07,0.07,0.07,0.07,000
591.SI,20110502,0.07,0.07,0.07,0.07,000
591.SI,20110501,0.07,0.07,0.07,0.07,000
591.SI,20110428,0.07,0.07,0.07,0.07,290000
591.SI,20110427,0.07,0.07,0.07,0.07,000
591.SI,20110426,0.07,0.07,0.07,0.07,189000
591.SI,20110425,0.08,0.08,0.08,0.08,000
591.SI,20110424,0.07,0.08,0.07,0.08,212000
591.SI,20110421,0.07,0.07,0.07,0.07,200000
591.SI,20110420,0.06,0.07,0.06,0.07,210000
591.SI,20110419,0.07,0.07,0.07,0.07,000
591.SI,20110418,0.07,0.07,0.07,0.07,180000
591.SI,20110417,0.07,0.07,0.07,0.07,000
591.SI,20110414,0.07,0.07,0.07,0.07,90000
591.SI,20110413,0.08,0.08,0.08,0.08,000
591.SI,20110412,0.08,0.08,0.08,0.08,49000
591.SI,20110411,0.08,0.08,0.08,0.08,20000
591.SI,20110410,0.08,0.08,0.08,0.08,20000
591.SI,20110407,0.08,0.08,0.08,0.08,000
591.SI,20110406,0.08,0.08,0.08,0.08,000
591.SI,20110405,0.08,0.08,0.08,0.08,000
591.SI,20110404,0.08,0.08,0.08,0.08,000
591.SI,20110403,0.08,0.08,0.08,0.08,000
591.SI,20110331,0.08,0.08,0.08,0.08,20000
591.SI,20110330,0.08,0.08,0.08,0.08,000
591.SI,20110329,0.08,0.08,0.08,0.08,000
591.SI,20110328,0.08,0.08,0.08,0.08,88000
591.SI,20110327,0.08,0.08,0.08,0.08,000
591.SI,20110324,0.07,0.08,0.07,0.08,33000
591.SI,20110323,0.08,0.08,0.07,0.07,80000
591.SI,20110322,0.08,0.08,0.08,0.08,50000
591.SI,20110321,0.07,0.07,0.07,0.07,000
591.SI,20110320,0.07,0.07,0.07,0.07,10000
591.SI,20110317,0.07,0.07,0.07,0.07,50000
591.SI,20110316,0.07,0.07,0.07,0.07,000
591.SI,20110315,0.07,0.07,0.07,0.07,000
591.SI,20110314,0.07,0.07,0.07,0.07,000
591.SI,20110313,0.07,0.07,0.07,0.07,58000
591.SI,20110310,0.07,0.07,0.07,0.07,000
591.SI,20110309,0.07,0.07,0.07,0.07,1000
591.SI,20110308,0.07,0.08,0.07,0.08,2000
591.SI,20110307,0.07,0.08,0.07,0.08,7000
591.SI,20110306,0.08,0.08,0.08,0.08,000
591.SI,20110303,0.08,0.08,0.08,0.08,000
591.SI,20110302,0.07,0.08,0.07,0.08,3000
591.SI,20110301,0.08,0.08,0.08,0.08,30000
591.SI,20110228,0.09,0.09,0.09,0.09,000
591.SI,20110227,0.09,0.09,0.09,0.09,000
591.SI,20110224,0.09,0.09,0.09,0.09,000
591.SI,20110223,0.09,0.09,0.09,0.09,000
591.SI,20110222,0.09,0.09,0.09,0.09,000
591.SI,20110221,0.09,0.09,0.09,0.09,000
591.SI,20110220,0.09,0.09,0.09,0.09,000
591.SI,20110217,0.09,0.09,0.09,0.09,000
591.SI,20110216,0.09,0.09,0.09,0.09,305000
591.SI,20110215,0.09,0.09,0.09,0.09,720000
591.SI,20110214,0.09,0.09,0.09,0.09,359000
591.SI,20110213,0.09,0.09,0.09,0.09,390000
591.SI,20110210,0.09,0.09,0.09,0.09,110000
591.SI,20110209,0.09,0.09,0.09,0.09,359000
591.SI,20110208,0.08,0.08,0.08,0.08,295000
591.SI,20110207,0.08,0.08,0.08,0.08,000
591.SI,20110206,0.07,0.08,0.07,0.08,34000
591.SI,20110203,0.08,0.08,0.08,0.08,240000
591.SI,20110202,0.07,0.08,0.07,0.08,452000
591.SI,20110201,0.07,0.07,0.07,0.07,000
591.SI,20110131,0.07,0.07,0.07,0.07,18000
591.SI,20110130,0.07,0.07,0.07,0.07,40000
591.SI,20110127,0.07,0.07,0.07,0.07,000
591.SI,20110126,0.07,0.07,0.07,0.07,000
591.SI,20110125,0.06,0.07,0.06,0.07,37000
591.SI,20110124,0.06,0.06,0.06,0.06,000
591.SI,20110123,0.06,0.06,0.06,0.06,000
591.SI,20110120,0.06,0.06,0.06,0.06,10000
591.SI,20110119,0.06,0.07,0.06,0.07,7000
591.SI,20110118,0.06,0.06,0.06,0.06,10000
591.SI,20110117,0.07,0.07,0.07,0.07,60000
591.SI,20110116,0.07,0.07,0.07,0.07,000
591.SI,20110113,0.07,0.07,0.07,0.07,8000
591.SI,20110112,0.07,0.07,0.07,0.07,94000
591.SI,20110111,0.07,0.07,0.06,0.07,91000
591.SI,20110110,0.06,0.06,0.06,0.06,000
591.SI,20110109,0.06,0.06,0.06,0.06,2000
591.SI,20110106,0.06,0.06,0.06,0.06,000
591.SI,20110105,0.06,0.06,0.06,0.06,000
591.SI,20110104,0.06,0.06,0.06,0.06,000
591.SI,20110103,0.06,0.06,0.06,0.06,000
591.SI,20110102,0.06,0.06,0.06,0.06,000
