QK9.SI,20120606,7.59,7.63,7.59,7.63,800
QK9.SI,20120604,7.71,7.71,7.71,7.71,1100
QK9.SI,20120603,7.78,7.78,7.52,7.77,7700
QK9.SI,20120531,7.95,7.98,7.95,7.98,800
QK9.SI,20120530,6.32,6.33,6.28,6.31,407700
QK9.SI,20120529,6.29,6.33,6.26,6.26,418700
QK9.SI,20120528,6.30,6.37,6.30,6.37,158500
QK9.SI,20120523,8.07,8.08,8.07,8.08,900
QK9.SI,20120522,6.49,6.49,6.38,6.38,563600
QK9.SI,20120521,8.14,8.14,8.13,8.13,800
QK9.SI,20120520,8.23,8.23,8.23,8.23,3500
QK9.SI,20120517,6.52,6.52,6.51,6.51,2800
QK9.SI,20120516,6.50,6.57,6.50,6.52,250000
QK9.SI,20120515,6.39,6.51,6.37,6.50,474800
QK9.SI,20120514,6.38,6.44,6.36,6.38,451400
QK9.SI,20120513,6.44,6.49,6.38,6.38,195300
QK9.SI,20120510,8.01,8.01,8.01,8.01,200
QK9.SI,20120509,6.51,6.57,6.49,6.53,446300
QK9.SI,20120508,6.52,6.54,6.50,6.53,878700
QK9.SI,20120507,6.45,6.50,6.43,6.46,414900
QK9.SI,20120506,6.49,6.49,6.42,6.42,162200
QK9.SI,20120503,6.49,6.51,6.42,6.42,860400
QK9.SI,20120502,6.42,6.53,6.42,6.27,145600
QK9.SI,20120430,6.30,6.41,6.27,6.27,229500
QK9.SI,20120429,6.30,6.34,6.27,6.33,177300
QK9.SI,20120426,7.87,7.87,7.85,7.85,1400
QK9.SI,20120425,7.81,7.84,7.81,7.84,1100
QK9.SI,20120424,7.80,7.80,7.80,7.80,300
QK9.SI,20120423,6.23,6.27,6.22,6.26,613100
QK9.SI,20120422,7.78,7.78,7.77,7.77,2300
QK9.SI,20120419,6.20,6.29,6.17,6.29,492400
QK9.SI,20120418,7.61,7.61,7.61,7.61,1000
QK9.SI,20120417,7.59,7.59,7.59,7.59,500
QK9.SI,20120416,7.36,7.36,7.36,7.36,1000
QK9.SI,20120415,7.38,7.38,7.38,7.38,400
QK9.SI,20120412,7.46,7.46,7.38,7.38,2500
QK9.SI,20120411,6.05,6.07,5.99,6.03,454200
QK9.SI,20120410,5.91,5.99,5.91,5.99,941500
QK9.SI,20120409,5.97,6.04,5.76,5.76,256200
QK9.SI,20120408,5.96,6.00,5.93,5.97,36500
QK9.SI,20120405,7.39,7.39,7.39,7.39,1000
QK9.SI,20120404,6.12,6.14,5.99,6.00,437600
QK9.SI,20120403,7.68,7.68,7.68,7.68,600
QK9.SI,20120402,6.06,6.21,6.06,6.21,55400
QK9.SI,20120401,7.65,7.65,7.63,7.64,1700
QK9.SI,20120328,6.03,6.15,6.03,6.15,314900
QK9.SI,20120327,7.57,7.57,7.57,7.57,1000
QK9.SI,20120326,6.04,6.13,6.04,6.12,623000
QK9.SI,20120325,7.63,7.71,7.63,7.71,1500
QK9.SI,20120322,6.05,6.09,6.05,6.08,249100
QK9.SI,20120321,6.15,6.22,6.11,6.15,1161500
QK9.SI,20120320,7.70,7.70,7.62,7.67,6500
QK9.SI,20120319,6.32,6.37,6.20,6.20,234900
QK9.SI,20120318,7.94,7.94,7.86,7.86,2000
QK9.SI,20120315,8.00,8.00,7.98,7.98,1000
QK9.SI,20120314,6.29,6.40,6.24,6.40,396800
QK9.SI,20120313,6.37,6.38,6.34,6.34,382500
QK9.SI,20120312,7.97,7.97,7.97,7.97,200
QK9.SI,20120311,6.37,6.45,6.37,6.42,610100
QK9.SI,20120308,7.94,7.94,7.94,7.94,4400
QK9.SI,20120307,6.20,6.28,6.18,6.25,20900
QK9.SI,20120306,7.80,7.80,7.80,7.80,1000
QK9.SI,20120305,6.07,6.18,6.07,6.17,401900
QK9.SI,20120304,7.56,7.56,7.56,7.56,500
QK9.SI,20120301,6.16,6.16,6.10,6.12,640000
QK9.SI,20120229,7.88,7.92,7.86,7.86,4800
QK9.SI,20120228,7.84,7.84,7.84,7.84,200
QK9.SI,20120227,7.77,7.77,7.77,7.77,1000
QK9.SI,20120226,6.31,6.38,6.31,6.33,169000
QK9.SI,20120223,7.78,7.80,7.78,7.80,38200
QK9.SI,20120222,7.94,7.94,7.80,7.80,1400
QK9.SI,20120220,6.38,6.38,6.30,6.30,1822700
QK9.SI,20120219,7.93,7.93,7.93,7.93,3000
QK9.SI,20120216,6.36,6.36,6.36,6.36,2000
QK9.SI,20120215,6.43,6.47,6.40,6.42,1332900
QK9.SI,20120214,6.47,6.49,6.43,6.43,414200
QK9.SI,20120209,8.09,8.09,8.06,8.09,1400
QK9.SI,20120208,8.09,8.09,8.09,8.09,1000
QK9.SI,20120207,8.22,8.22,8.22,8.22,2500
QK9.SI,20120206,8.11,8.11,8.11,8.11,500
QK9.SI,20120205,8.25,8.25,8.25,8.25,600
QK9.SI,20120202,6.64,6.67,6.56,6.62,838900
QK9.SI,20120201,6.55,6.70,6.55,6.70,1078900
QK9.SI,20120131,6.64,6.68,6.61,6.68,402200
QK9.SI,20120130,8.11,8.23,8.11,8.23,3000
QK9.SI,20120129,8.17,8.17,8.17,8.17,500
QK9.SI,20120126,6.60,6.60,6.53,6.60,134600
QK9.SI,20120125,6.61,6.62,6.51,6.61,578000
QK9.SI,20120124,6.68,6.68,6.57,6.59,186300
QK9.SI,20120123,8.20,8.20,8.09,8.09,39400
QK9.SI,20120122,6.60,6.64,6.58,6.62,119200
QK9.SI,20120119,6.56,6.61,6.55,6.58,212600
QK9.SI,20120118,7.85,7.89,7.85,7.89,2000
QK9.SI,20120117,6.48,6.50,6.43,6.44,294900
QK9.SI,20120116,7.97,7.97,7.97,7.97,1200
QK9.SI,20120115,6.40,6.49,6.40,6.47,604000
QK9.SI,20120112,7.89,7.89,7.88,7.88,1000
QK9.SI,20120111,6.42,6.44,6.38,6.40,108900
QK9.SI,20120110,6.38,6.44,6.38,6.42,656200
QK9.SI,20120109,6.39,6.50,6.32,6.50,226600
QK9.SI,20120108,6.55,6.55,6.40,6.40,31400
QK9.SI,20120105,6.48,6.48,6.36,6.40,234200
QK9.SI,20120104,6.55,6.55,6.47,6.50,274100
QK9.SI,20120103,7.87,7.92,7.87,7.92,39000
QK9.SI,20120101,6.37,6.37,6.31,6.31,146300
QK9.SI,20111229,6.30,6.35,6.27,6.32,89300
QK9.SI,20111228,6.28,6.35,6.28,6.33,319900
QK9.SI,20111227,6.23,6.30,6.23,6.30,61100
QK9.SI,20111225,6.26,6.27,6.18,6.22,230300
QK9.SI,20111222,6.36,6.49,6.22,6.25,163500
QK9.SI,20111221,6.42,6.42,6.28,6.33,332900
QK9.SI,20111220,6.33,6.41,6.33,6.41,246800
QK9.SI,20111219,6.33,6.33,6.25,6.33,210200
QK9.SI,20111218,6.35,6.36,6.27,6.36,60700
QK9.SI,20111215,6.25,6.35,6.25,6.35,142200
QK9.SI,20111214,6.40,6.41,6.30,6.30,1019800
QK9.SI,20111213,6.35,6.41,6.31,6.31,245000
QK9.SI,20111212,6.37,6.42,6.33,6.33,144700
QK9.SI,20111211,7.81,7.84,7.81,7.83,8500
QK9.SI,20111208,6.41,6.42,6.34,6.37,452300
QK9.SI,20111207,6.33,6.37,6.26,6.34,220400
QK9.SI,20111206,6.31,6.36,6.31,6.35,626700
QK9.SI,20111205,6.29,6.33,6.25,6.31,728300
QK9.SI,20111204,7.78,7.78,7.73,7.73,700
QK9.SI,20111201,7.46,7.65,7.46,7.64,3500
QK9.SI,20111130,6.04,6.20,6.04,6.20,20600
QK9.SI,20111129,6.00,6.06,6.00,6.00,601200
QK9.SI,20111128,7.30,7.30,7.30,7.30,1000
QK9.SI,20111127,5.75,5.95,5.75,5.95,180600
QK9.SI,20111124,7.29,7.29,7.29,7.29,1300
QK9.SI,20111123,5.94,6.00,5.93,6.00,14200
QK9.SI,20111122,5.88,5.93,5.86,5.88,36200
QK9.SI,20111121,5.96,5.96,5.88,5.88,193300
QK9.SI,20111120,7.29,7.29,7.29,7.29,1000
QK9.SI,20111117,7.41,7.41,7.36,7.36,1200
QK9.SI,20111116,7.36,7.36,7.36,7.36,500
QK9.SI,20111115,7.37,7.37,7.37,7.37,200
QK9.SI,20111113,6.04,6.07,6.04,6.07,11000
QK9.SI,20111110,7.52,7.53,7.51,7.53,4500
QK9.SI,20111109,7.45,7.45,7.45,7.45,500
QK9.SI,20111108,6.12,6.23,6.11,6.21,228600
QK9.SI,20111107,6.11,6.11,6.06,6.08,597500
QK9.SI,20111106,7.53,7.53,7.53,7.53,500
QK9.SI,20111103,7.51,7.51,7.48,7.48,11000
QK9.SI,20111102,7.42,7.42,7.42,7.42,500
QK9.SI,20111101,6.00,6.04,5.98,6.03,162800
QK9.SI,20111031,6.06,6.11,5.98,6.00,712100
QK9.SI,20111030,6.13,6.13,6.06,6.06,114000
QK9.SI,20111026,6.12,6.18,6.11,6.16,189100
QK9.SI,20111025,6.10,6.16,6.10,6.11,294700
QK9.SI,20111024,6.20,6.22,6.16,6.16,32500
QK9.SI,20111023,7.43,7.45,7.43,7.45,1500
QK9.SI,20111020,7.54,7.55,7.54,7.55,2500
QK9.SI,20111019,6.30,6.31,6.20,6.31,344000
QK9.SI,20111018,6.31,6.33,6.21,6.26,90800
QK9.SI,20111017,6.28,6.31,6.25,6.25,192800
QK9.SI,20111016,7.61,7.61,7.61,7.61,2500
QK9.SI,20111013,7.71,7.71,7.71,7.71,300
QK9.SI,20111012,6.25,6.34,6.18,6.32,362300
QK9.SI,20111011,7.69,7.69,7.68,7.69,2000
QK9.SI,20111010,7.78,7.84,7.78,7.84,4500
QK9.SI,20111009,6.44,6.45,6.30,6.30,45100
QK9.SI,20111006,8.06,8.06,7.93,7.95,9000
QK9.SI,20111005,7.96,7.96,7.96,7.96,2100
QK9.SI,20111004,7.85,7.85,7.85,7.85,500
QK9.SI,20111003,7.83,7.85,7.82,7.85,7800
QK9.SI,20111002,6.26,6.38,6.20,6.38,1006400
QK9.SI,20110929,7.68,7.68,7.68,7.68,500
QK9.SI,20110928,7.58,7.60,7.57,7.60,1500
QK9.SI,20110927,7.58,7.62,7.58,7.61,2000
QK9.SI,20110926,6.19,6.25,6.18,6.22,9415900
QK9.SI,20110925,6.23,6.26,6.19,6.19,372200
QK9.SI,20110922,6.02,6.25,6.00,6.22,120100
QK9.SI,20110921,7.25,7.39,7.22,7.36,9200
QK9.SI,20110920,5.93,5.98,5.90,5.93,89900
QK9.SI,20110919,6.05,6.05,5.97,6.00,206900
QK9.SI,20110918,7.34,7.40,7.34,7.40,3500
QK9.SI,20110915,7.09,7.20,7.09,7.20,4000
QK9.SI,20110914,5.71,5.71,5.66,5.68,432900
QK9.SI,20110913,5.70,5.71,5.66,5.70,17300
QK9.SI,20110912,5.59,5.68,5.58,5.68,270100
QK9.SI,20110911,5.62,5.63,5.61,5.62,66700
QK9.SI,20110908,6.89,6.94,6.89,6.94,2000
QK9.SI,20110907,5.40,5.48,5.40,5.47,245900
QK9.SI,20110906,5.47,5.49,5.41,5.44,295000
QK9.SI,20110905,5.46,5.51,5.44,5.49,427800
QK9.SI,20110904,6.88,6.88,6.87,6.87,1000
QK9.SI,20110901,6.84,6.84,6.84,6.84,500
QK9.SI,20110831,6.88,6.88,6.88,6.88,1000
QK9.SI,20110830,5.54,5.55,5.51,5.52,64400
QK9.SI,20110829,7.01,7.01,7.01,7.01,1500
QK9.SI,20110828,5.65,5.65,5.61,5.62,86600
QK9.SI,20110825,7.05,7.05,7.05,7.05,500
QK9.SI,20110824,7.09,7.09,7.09,7.09,500
QK9.SI,20110823,5.66,5.69,5.66,5.69,44600
QK9.SI,20110822,5.59,5.68,5.59,5.67,101300
QK9.SI,20110818,6.99,6.99,6.99,6.99,500
QK9.SI,20110817,6.95,6.95,6.95,6.95,500
QK9.SI,20110816,6.97,6.97,6.97,6.97,500
QK9.SI,20110815,5.56,5.59,5.56,5.59,20200
QK9.SI,20110814,6.93,6.93,6.93,6.93,500
QK9.SI,20110811,6.95,6.95,6.95,6.95,1500
QK9.SI,20110809,5.62,5.64,5.57,5.64,41300
QK9.SI,20110808,5.52,5.64,5.52,5.64,40200
QK9.SI,20110807,5.50,5.54,5.47,5.49,109300
QK9.SI,20110804,6.68,6.68,6.68,6.68,500
QK9.SI,20110803,5.40,5.43,5.40,5.41,114500
QK9.SI,20110802,6.74,6.74,6.74,6.74,1000
QK9.SI,20110801,5.40,5.50,5.35,5.50,763600
QK9.SI,20110731,6.71,6.72,6.67,6.67,3200
QK9.SI,20110728,6.65,6.70,6.65,6.70,1500
QK9.SI,20110727,5.30,5.30,5.20,5.23,235000
QK9.SI,20110726,6.62,6.62,6.58,6.58,2000
QK9.SI,20110725,5.26,5.32,5.26,5.31,40700
QK9.SI,20110724,6.78,6.81,6.78,6.81,4200
QK9.SI,20110721,6.91,6.91,6.88,6.88,3700
QK9.SI,20110720,5.46,5.52,5.46,5.49,199900
QK9.SI,20110719,6.88,6.88,6.88,6.88,500
QK9.SI,20110718,6.93,6.93,6.93,6.93,500
QK9.SI,20110717,7.03,7.03,7.03,7.03,1000
QK9.SI,20110630,6.67,6.79,6.67,6.79,4200
QK9.SI,20110628,6.68,6.74,6.64,6.74,5600
QK9.SI,20110627,6.62,6.72,6.62,6.72,19400
QK9.SI,20110626,6.69,6.73,6.69,6.73,3000
QK9.SI,20110623,5.24,5.26,5.17,5.20,119500
QK9.SI,20110622,5.26,5.30,5.24,5.30,25500
QK9.SI,20110621,5.35,5.36,5.30,5.35,114500
QK9.SI,20110620,5.34,5.34,5.20,5.26,35500
QK9.SI,20110619,5.47,5.47,5.27,5.29,408300
QK9.SI,20110616,5.29,5.38,5.28,5.38,2467200
QK9.SI,20110615,5.33,5.36,5.29,5.29,118100
QK9.SI,20110614,5.34,5.39,5.30,5.35,231400
QK9.SI,20110613,5.22,5.32,5.21,5.32,358900
QK9.SI,20110612,5.39,5.44,4.19,4.19,330800
QK9.SI,20110609,5.33,5.33,5.25,5.28,370900
QK9.SI,20110608,5.29,5.38,5.10,5.33,902600
QK9.SI,20110607,5.03,5.34,5.03,5.29,421100
QK9.SI,20110606,5.06,5.16,5.06,5.11,7800
QK9.SI,20110605,5.05,5.08,5.02,5.07,179900
QK9.SI,20110602,5.09,5.13,4.90,5.06,1249300
QK9.SI,20110601,5.07,5.50,5.04,5.50,174600
QK9.SI,20110531,5.27,5.27,5.16,5.19,86500
QK9.SI,20110530,5.30,5.33,5.24,5.27,1061100
QK9.SI,20110529,5.18,5.24,5.17,5.24,115700
QK9.SI,20110526,5.13,5.22,5.11,5.21,1103500
QK9.SI,20110525,4.96,5.11,4.96,5.06,296100
QK9.SI,20110524,5.08,5.11,4.96,4.96,427300
QK9.SI,20110523,5.24,5.29,5.08,5.08,104300
QK9.SI,20110522,5.18,5.27,5.18,5.22,191800
QK9.SI,20110519,5.17,5.22,5.08,5.18,134000
QK9.SI,20110518,5.18,5.28,5.18,5.22,238400
QK9.SI,20110517,5.30,5.30,5.17,5.22,105100
QK9.SI,20110516,5.23,5.38,5.23,5.35,345400
QK9.SI,20110515,5.35,5.40,5.25,5.29,141600
QK9.SI,20110512,5.40,5.43,5.34,5.39,334000
QK9.SI,20110511,5.40,5.52,5.39,5.45,375000
QK9.SI,20110510,5.43,5.71,5.40,5.71,197100
QK9.SI,20110509,5.63,5.67,5.57,5.58,107300
QK9.SI,20110508,5.39,5.60,5.38,5.60,281500
QK9.SI,20110505,5.50,5.59,5.50,5.52,1227000
QK9.SI,20110504,5.71,5.71,5.61,5.61,231900
QK9.SI,20110503,5.79,5.81,5.73,5.75,109900
QK9.SI,20110501,5.70,5.88,5.70,5.88,218100
QK9.SI,20110428,5.73,5.73,5.64,5.66,34700
QK9.SI,20110427,5.76,5.76,5.70,5.72,36800
QK9.SI,20110426,5.73,5.74,5.67,5.69,291100
QK9.SI,20110425,5.65,5.77,5.65,5.73,625500
QK9.SI,20110424,5.81,5.92,5.75,5.75,788000
QK9.SI,20110421,5.92,5.96,5.84,5.85,102700
QK9.SI,20110420,5.93,6.00,5.93,5.96,466700
QK9.SI,20110419,6.08,6.08,5.99,5.99,169900
QK9.SI,20110418,5.87,6.00,5.85,6.00,658400
QK9.SI,20110417,5.87,5.88,5.82,5.85,69600
QK9.SI,20110414,6.04,6.05,5.87,5.90,332500
QK9.SI,20110413,5.91,5.99,5.91,5.98,283700
QK9.SI,20110412,5.83,5.96,5.83,5.96,199600
QK9.SI,20110411,5.98,5.98,5.91,5.96,63800
QK9.SI,20110410,5.99,5.99,5.93,5.96,244800
QK9.SI,20110406,6.08,6.09,6.03,6.09,109100
QK9.SI,20110405,6.14,6.14,6.05,6.05,83300
QK9.SI,20110404,6.16,6.18,6.08,6.08,124900
QK9.SI,20110403,6.07,6.15,6.01,6.15,648000
QK9.SI,20110331,5.84,6.01,5.84,6.00,299600
QK9.SI,20110330,5.86,5.91,5.52,5.52,833100
QK9.SI,20110329,6.01,6.03,5.94,5.97,149200
QK9.SI,20110328,5.96,6.06,5.93,5.97,868500
QK9.SI,20110327,6.08,6.08,5.88,5.88,417000
QK9.SI,20110324,5.91,6.04,5.91,6.04,218200
QK9.SI,20110323,6.17,6.20,6.03,6.03,215600
QK9.SI,20110322,6.00,6.20,6.00,6.19,89100
QK9.SI,20110321,6.09,6.15,6.07,6.14,857800
QK9.SI,20110320,6.15,6.23,6.08,6.09,310100
QK9.SI,20110317,6.26,6.33,6.17,6.18,1581900
QK9.SI,20110316,6.37,6.37,6.21,6.24,303000
QK9.SI,20110315,6.44,6.46,6.34,6.36,172800
QK9.SI,20110314,6.29,6.37,6.27,6.37,388400
QK9.SI,20110313,6.21,6.29,6.19,6.24,818600
QK9.SI,20110310,6.15,6.23,6.13,6.21,370600
QK9.SI,20110309,6.00,6.16,6.00,6.15,1246200
QK9.SI,20110308,5.97,6.03,5.94,5.96,448600
QK9.SI,20110307,6.15,6.29,6.09,6.14,403000
QK9.SI,20110306,6.37,6.37,6.17,6.17,295700
QK9.SI,20110303,6.37,6.38,6.25,6.25,64700
QK9.SI,20110302,6.30,6.39,6.28,6.32,126500
QK9.SI,20110301,6.43,6.49,6.36,6.39,537500
QK9.SI,20110228,6.20,6.42,6.20,6.40,484800
QK9.SI,20110227,6.41,6.47,6.26,6.26,445900
QK9.SI,20110224,6.57,6.57,6.40,6.40,164300
QK9.SI,20110223,6.42,6.57,6.42,6.57,446800
QK9.SI,20110222,6.61,6.65,6.51,6.51,464700
QK9.SI,20110221,6.59,6.70,6.58,6.63,254000
QK9.SI,20110220,6.64,6.66,6.62,6.62,52800
QK9.SI,20110217,6.52,6.64,6.52,6.59,557100
QK9.SI,20110216,6.50,6.59,6.44,6.52,508300
QK9.SI,20110215,6.33,6.54,6.33,6.53,533100
QK9.SI,20110214,6.44,6.44,6.37,6.40,302000
QK9.SI,20110213,6.33,6.43,6.33,6.43,609600
QK9.SI,20110210,6.40,6.44,6.29,6.34,863200
QK9.SI,20110209,6.38,6.47,6.35,6.39,179500
QK9.SI,20110208,6.39,6.46,6.35,6.37,369100
QK9.SI,20110207,6.42,6.49,6.40,6.42,426800
QK9.SI,20110206,6.49,6.64,6.42,6.42,780400
QK9.SI,20110203,6.33,6.49,6.24,6.49,304200
QK9.SI,20110202,6.25,6.36,6.21,6.30,415300
QK9.SI,20110201,6.10,6.19,6.06,6.19,872200
QK9.SI,20110131,6.01,6.08,5.97,6.08,455100
QK9.SI,20110130,6.10,6.13,5.85,6.01,464000
QK9.SI,20110127,6.10,6.19,6.08,6.14,529800
QK9.SI,20110126,6.04,6.24,6.04,6.24,468600
QK9.SI,20110125,6.00,6.05,5.98,6.04,342200
QK9.SI,20110120,5.92,5.92,5.82,5.82,318700
QK9.SI,20110119,6.00,6.00,5.78,5.86,566400
QK9.SI,20110118,5.74,5.80,5.67,5.80,1086400
QK9.SI,20110117,5.50,5.70,5.49,5.70,360300
QK9.SI,20110116,5.47,5.53,5.44,5.50,166400
QK9.SI,20110113,5.49,5.55,5.45,5.50,861000
QK9.SI,20110112,5.50,5.50,5.41,5.44,534500
QK9.SI,20110111,5.52,5.52,5.44,5.48,318700
QK9.SI,20110110,5.29,5.50,5.29,5.44,921000
QK9.SI,20110109,5.19,5.27,5.18,5.25,267900
QK9.SI,20110106,5.20,5.24,5.15,5.24,34300
QK9.SI,20110105,5.20,5.26,5.20,5.23,215000
QK9.SI,20110104,5.26,5.26,5.19,5.21,1446900
QK9.SI,20110103,5.13,5.21,5.08,5.19,203700
QK9.SI,20110102,5.04,5.04,5.04,5.04,000
QK9.SI,20101230,5.12,5.13,5.04,5.06,1279900
QK9.SI,20101229,5.11,5.12,5.07,5.07,25300
QK9.SI,20101228,5.17,5.18,5.10,5.11,137500
QK9.SI,20101227,5.22,5.29,5.18,5.18,32900
QK9.SI,20101223,5.24,5.24,5.17,5.17,38200
QK9.SI,20101222,5.12,5.20,5.10,5.17,133800
QK9.SI,20101221,5.12,5.15,5.09,5.13,347000
QK9.SI,20101220,5.00,5.09,4.99,5.07,428300
QK9.SI,20101219,5.15,5.15,5.02,5.03,241100
QK9.SI,20101216,5.12,5.36,5.12,5.18,943100
QK9.SI,20101215,5.09,5.15,5.01,5.15,1617700
QK9.SI,20101214,5.16,5.23,5.15,5.15,169100
QK9.SI,20101213,5.20,5.24,5.18,5.19,288400
QK9.SI,20101212,5.50,5.50,5.30,5.32,221000
QK9.SI,20101209,5.50,5.50,5.38,5.50,458400
QK9.SI,20101208,5.70,5.70,5.53,5.59,359100
QK9.SI,20101207,5.72,5.77,5.68,5.74,130800
QK9.SI,20101206,5.67,5.68,5.64,5.68,188400
QK9.SI,20101205,5.72,5.74,5.67,5.70,121900
QK9.SI,20101202,5.53,5.70,5.53,5.69,275700
QK9.SI,20101201,5.56,5.65,5.48,5.53,986200
QK9.SI,20101130,5.33,5.41,5.29,5.29,483300
QK9.SI,20101129,5.44,5.49,5.38,5.38,230800
QK9.SI,20101128,5.34,5.47,5.33,5.47,95800
QK9.SI,20101125,5.42,5.42,5.22,5.23,371700
QK9.SI,20101124,5.20,5.29,5.18,5.23,298900
QK9.SI,20101123,5.29,5.37,5.21,5.27,66200
QK9.SI,20101122,6.00,6.00,5.32,5.43,640900
QK9.SI,20101121,5.49,5.54,5.39,5.40,79000
QK9.SI,20101118,5.60,5.61,5.50,5.52,812600
QK9.SI,20101117,5.74,5.80,5.69,5.69,1230300
QK9.SI,20101116,5.81,5.85,5.72,5.80,263300
QK9.SI,20101115,5.99,5.99,5.86,5.87,201900
QK9.SI,20101114,6.19,6.19,6.16,6.17,33500
QK9.SI,20101111,5.94,6.05,5.94,6.02,398900
QK9.SI,20101110,5.98,5.98,5.86,5.94,180900
QK9.SI,20101109,6.35,6.35,6.19,6.19,245700
QK9.SI,20101108,6.30,6.32,6.24,6.28,193600
QK9.SI,20101104,6.44,6.44,6.26,6.27,134000
QK9.SI,20101103,6.24,6.24,6.08,6.20,140600
QK9.SI,20101102,6.14,6.30,6.13,6.28,1714000
QK9.SI,20101101,6.34,6.40,6.22,6.25,668600
QK9.SI,20101031,6.43,6.48,6.37,6.38,250800
QK9.SI,20101028,6.49,6.49,6.40,6.44,275100
QK9.SI,20101027,6.15,6.32,6.13,6.30,948100
QK9.SI,20101025,6.10,6.10,6.02,6.10,449400
QK9.SI,20101024,5.99,6.07,5.99,5.99,405400
QK9.SI,20101021,4.62,6.01,4.62,5.93,608000
QK9.SI,20101020,5.98,6.10,5.95,5.99,284300
QK9.SI,20101019,6.10,6.15,6.06,6.11,278800
QK9.SI,20101018,6.08,6.10,6.00,6.00,169800
QK9.SI,20101017,6.29,6.29,6.13,6.21,88300
QK9.SI,20101014,6.09,6.17,6.07,6.17,183300
QK9.SI,20101013,6.28,6.28,6.09,6.11,619000
QK9.SI,20101012,5.95,6.06,5.95,6.05,190000
QK9.SI,20101011,6.11,6.11,5.93,5.93,175000
QK9.SI,20101010,5.93,5.97,5.85,5.97,518300
QK9.SI,20101007,5.86,5.90,5.81,5.82,863500
QK9.SI,20101006,5.83,5.83,5.78,5.83,270900
QK9.SI,20101005,5.68,5.76,5.64,5.68,75600
QK9.SI,20101004,5.69,5.81,5.65,5.68,148800
QK9.SI,20101003,5.82,5.83,5.72,5.78,211800
QK9.SI,20100930,6.00,6.01,5.89,5.91,375600
QK9.SI,20100929,5.86,6.01,5.86,6.01,1704500
QK9.SI,20100928,5.99,6.02,5.89,5.91,351900
QK9.SI,20100927,5.80,5.98,5.79,5.96,386700
QK9.SI,20100926,5.80,5.85,5.63,5.73,569600
QK9.SI,20100923,5.79,5.93,5.70,5.89,673800
QK9.SI,20100922,6.11,6.17,5.97,5.97,159900
QK9.SI,20100921,6.28,6.37,6.25,6.29,243300
QK9.SI,20100920,6.17,6.30,6.15,6.28,202600
QK9.SI,20100919,6.29,6.29,6.17,6.21,217600
QK9.SI,20100916,6.32,6.39,6.30,6.35,115200
QK9.SI,20100915,6.25,6.25,6.12,6.24,298700
QK9.SI,20100914,6.14,6.18,6.00,6.15,219200
QK9.SI,20100913,6.14,6.27,6.06,6.09,225300
QK9.SI,20100912,6.28,6.28,6.07,6.18,632700
QK9.SI,20100909,6.46,6.53,6.42,6.43,297200
QK9.SI,20100908,6.56,6.61,6.48,6.58,479900
QK9.SI,20100907,6.50,6.57,6.48,6.56,350100
QK9.SI,20100906,6.37,6.43,6.26,6.40,850000
QK9.SI,20100905,6.35,6.42,6.32,6.40,345100
QK9.SI,20100902,6.45,6.48,6.37,6.42,1057600
QK9.SI,20100901,6.58,6.60,6.47,6.48,269900
QK9.SI,20100831,6.35,6.46,6.31,6.46,615900
QK9.SI,20100829,6.06,6.27,6.05,6.26,242100
QK9.SI,20100826,6.11,6.16,6.05,6.06,274000
QK9.SI,20100825,6.29,6.29,6.13,6.21,190700
QK9.SI,20100824,6.34,6.34,6.20,6.27,854000
QK9.SI,20100823,6.28,6.36,6.22,6.35,328800
QK9.SI,20100822,6.06,6.23,6.06,6.22,91800
QK9.SI,20100819,6.19,6.21,6.12,6.14,187900
QK9.SI,20100818,6.50,6.54,6.36,6.37,197600
QK9.SI,20100817,6.55,6.59,6.44,6.49,1575000
QK9.SI,20100816,6.73,6.75,6.53,6.54,448600
QK9.SI,20100815,6.50,6.69,6.50,6.68,87400
QK9.SI,20100812,6.68,6.71,6.51,6.56,246000
QK9.SI,20100811,6.00,6.71,6.00,6.68,980700
QK9.SI,20100810,6.63,6.70,6.60,6.61,964400
QK9.SI,20100808,6.70,6.75,6.56,6.68,1471000
QK9.SI,20100805,6.79,6.82,6.67,6.77,873300
QK9.SI,20100804,7.12,7.18,7.09,7.09,237100
QK9.SI,20100803,7.09,7.18,7.09,7.12,354600
QK9.SI,20100802,7.29,7.29,7.19,7.21,246400
QK9.SI,20100801,7.34,7.38,7.30,7.33,356100
QK9.SI,20100729,7.34,7.35,7.24,7.27,269300
QK9.SI,20100728,7.35,7.37,7.33,7.35,6488700
QK9.SI,20100727,7.45,7.50,7.42,7.44,229800
QK9.SI,20100726,7.48,7.57,7.43,7.44,597200
QK9.SI,20100725,7.42,7.57,7.40,7.57,270600
QK9.SI,20100722,7.52,7.52,7.41,7.51,379800
QK9.SI,20100721,7.40,7.40,7.34,7.34,101000
QK9.SI,20100720,7.49,7.53,7.37,7.37,484400
QK9.SI,20100719,7.36,7.46,7.36,7.46,105500
QK9.SI,20100718,7.36,7.41,7.36,7.37,5000
QK9.SI,20100715,7.36,7.47,7.36,7.40,1014000
QK9.SI,20100714,7.33,7.50,7.33,7.50,592700
QK9.SI,20100713,7.31,7.40,7.31,7.36,665300
QK9.SI,20100712,7.43,7.43,7.26,7.29,735100
QK9.SI,20100711,7.54,7.54,7.40,7.45,992600
QK9.SI,20100708,7.65,7.67,7.58,7.61,1537700
QK9.SI,20100707,7.44,7.58,7.44,7.54,641900
QK9.SI,20100706,7.50,7.52,7.46,7.50,88100
QK9.SI,20100705,7.54,7.54,7.47,7.51,237100
QK9.SI,20100704,7.60,7.60,7.50,7.51,1060800
QK9.SI,20100701,7.45,7.53,7.41,7.46,813900
QK9.SI,20100630,7.36,7.43,7.36,7.42,520500
QK9.SI,20100629,7.33,7.35,7.27,7.34,971400
QK9.SI,20100628,7.19,7.25,7.19,7.23,216400
QK9.SI,20100627,7.12,7.23,7.04,7.21,854300
QK9.SI,20100624,7.00,7.19,6.98,7.19,658800
QK9.SI,20100623,6.93,7.00,6.88,6.97,502100
QK9.SI,20100622,6.96,7.00,6.94,6.95,460600
QK9.SI,20100621,6.97,7.00,6.90,6.97,160900
QK9.SI,20100620,7.00,7.07,6.86,6.88,449200
QK9.SI,20100617,7.10,7.10,7.02,7.02,170400
QK9.SI,20100616,7.09,7.17,7.08,7.12,746000
QK9.SI,20100615,7.31,7.31,7.18,7.18,613400
QK9.SI,20100614,7.27,7.29,7.23,7.26,69700
QK9.SI,20100613,7.20,7.25,7.17,7.25,278200
QK9.SI,20100610,7.25,7.32,7.21,7.21,149800
QK9.SI,20100609,7.23,7.34,7.23,7.30,117900
QK9.SI,20100608,7.33,7.38,7.32,7.32,163700
QK9.SI,20100607,7.22,7.35,7.22,7.35,35900
QK9.SI,20100606,7.20,7.32,7.16,7.32,169400
QK9.SI,20100603,7.28,7.38,7.25,7.27,246300
QK9.SI,20100602,7.21,7.36,7.21,7.34,201000
QK9.SI,20100601,7.30,7.39,7.30,7.39,502800
QK9.SI,20100531,7.21,7.32,7.21,7.32,13654700
QK9.SI,20100530,7.15,7.20,7.15,7.19,13871200
QK9.SI,20100527,6.99,7.18,6.98,7.15,330000
QK9.SI,20100526,6.92,7.06,6.90,7.00,23764100
QK9.SI,20100525,7.01,7.01,6.93,6.95,325300
QK9.SI,20100524,7.01,7.07,7.00,7.00,248200
QK9.SI,20100523,7.15,7.15,6.99,6.99,299800
QK9.SI,20100520,7.14,7.24,7.14,7.23,1111400
QK9.SI,20100519,7.15,7.17,7.11,7.12,526200
QK9.SI,20100518,7.15,7.21,7.09,7.15,1537800
QK9.SI,20100516,7.22,7.25,7.17,7.17,5368800
QK9.SI,20100513,7.21,7.40,7.19,7.36,174300
QK9.SI,20100512,7.28,7.33,7.18,7.19,1344700
QK9.SI,20100511,7.38,7.38,7.31,7.35,533300
QK9.SI,20100510,7.30,7.45,7.28,7.31,366500
QK9.SI,20100509,7.36,7.36,7.28,7.36,986500
QK9.SI,20100506,7.10,7.31,7.10,7.28,909300
QK9.SI,20100505,7.24,7.31,7.19,7.19,293600
QK9.SI,20100504,7.33,7.37,7.25,7.37,246700
QK9.SI,20100503,7.49,7.52,7.39,7.39,549700
QK9.SI,20100429,7.66,7.66,7.54,7.57,435500
QK9.SI,20100428,7.70,7.74,7.56,7.68,264200
QK9.SI,20100427,7.79,7.81,7.67,7.72,340800
QK9.SI,20100426,7.72,7.75,7.64,7.73,516000
QK9.SI,20100425,7.79,7.82,7.77,7.79,236600
QK9.SI,20100421,7.81,7.87,7.80,7.82,1158200
QK9.SI,20100420,7.57,7.73,7.57,7.71,897600
QK9.SI,20100419,7.54,7.60,7.50,7.56,192800
QK9.SI,20100418,7.70,7.79,7.58,7.58,249000
QK9.SI,20100415,7.82,7.82,7.68,7.70,498600
QK9.SI,20100414,7.76,7.85,7.76,7.80,280700
QK9.SI,20100413,7.62,7.82,7.60,7.80,1654300
QK9.SI,20100412,7.63,7.67,7.58,7.62,102200
QK9.SI,20100411,7.82,7.82,7.70,7.71,88700
QK9.SI,20100408,7.86,7.93,7.80,7.83,1254700
QK9.SI,20100407,7.91,7.92,7.87,7.89,1632700
QK9.SI,20100406,7.84,7.94,7.84,7.87,1230000
QK9.SI,20100405,7.92,7.92,7.77,7.83,343100
QK9.SI,20100404,7.80,7.90,7.76,7.89,163800
QK9.SI,20100401,7.80,7.80,7.72,7.75,937400
QK9.SI,20100331,7.68,7.75,7.64,7.72,827100
QK9.SI,20100330,7.60,7.63,7.56,7.63,21040400
QK9.SI,20100329,7.43,7.63,7.43,7.62,1243800
QK9.SI,20100328,7.54,7.54,7.47,7.50,14403200
QK9.SI,20100325,7.35,7.50,7.35,7.50,481500
QK9.SI,20100324,7.32,7.32,7.22,7.28,370000
QK9.SI,20100323,7.06,7.20,7.06,7.19,339500
QK9.SI,20100322,7.00,7.15,7.00,7.10,83100
QK9.SI,20100321,7.00,7.13,7.00,7.12,378100
QK9.SI,20100318,7.26,7.26,7.04,7.04,483900
QK9.SI,20100317,7.10,7.19,7.09,7.13,84500
QK9.SI,20100316,7.11,7.27,7.11,7.25,155000
QK9.SI,20100315,7.21,7.28,6.98,7.17,6403800
QK9.SI,20100314,7.08,7.23,7.08,7.22,877800
QK9.SI,20100311,7.12,7.19,7.06,7.11,152500
QK9.SI,20100310,7.20,7.26,7.17,7.17,218900
QK9.SI,20100309,7.26,7.30,7.18,7.24,950800
QK9.SI,20100308,7.15,7.27,7.13,7.24,163900
QK9.SI,20100307,7.22,7.22,7.10,7.18,1154000
QK9.SI,20100304,7.34,7.34,7.26,7.30,453400
QK9.SI,20100303,7.15,7.29,7.13,7.13,1008100
QK9.SI,20100302,7.20,7.20,7.10,7.10,292100
QK9.SI,20100301,6.91,7.22,6.91,7.16,1458500
QK9.SI,20100228,6.98,7.16,6.93,7.00,246100
QK9.SI,20100225,6.92,6.97,6.84,6.90,814800
QK9.SI,20100224,7.02,7.11,6.89,6.92,753900
QK9.SI,20100223,7.12,7.18,7.08,7.18,626600
QK9.SI,20100222,7.19,7.22,7.12,7.12,723200
QK9.SI,20100221,7.15,7.18,7.07,7.18,255500
QK9.SI,20100218,7.24,7.31,7.18,7.18,1501300
QK9.SI,20100217,7.08,7.22,7.08,7.21,344800
QK9.SI,20100216,7.13,7.13,7.09,7.12,230100
QK9.SI,20100215,7.10,7.12,7.05,7.12,244200
QK9.SI,20100214,6.85,7.08,6.85,7.06,714100
QK9.SI,20100211,6.72,6.81,6.68,6.81,507700
QK9.SI,20100210,6.76,6.83,6.73,6.77,1792500
QK9.SI,20100209,6.96,6.96,6.87,6.87,135000
QK9.SI,20100208,7.05,7.07,6.96,7.00,367000
QK9.SI,20100207,7.00,7.09,6.93,7.09,896900
QK9.SI,20100202,7.13,7.13,7.08,7.08,80200
QK9.SI,20100201,7.07,7.11,6.96,6.96,1111400
QK9.SI,20100131,7.00,7.09,6.97,7.00,2075300
QK9.SI,20100128,7.20,7.33,7.10,7.10,2748400
QK9.SI,20100127,7.44,7.44,7.34,7.36,587400
QK9.SI,20100126,7.36,7.42,7.34,7.35,1314200
QK9.SI,20100125,7.56,7.56,7.41,7.41,631300
QK9.SI,20100124,7.40,7.50,7.39,7.47,844000
QK9.SI,20100121,7.44,7.46,7.41,7.45,164300
QK9.SI,20100120,7.49,7.49,7.34,7.47,947200
QK9.SI,20100119,7.45,7.53,7.45,7.46,577300
QK9.SI,20100118,7.45,7.50,7.40,7.44,214300
QK9.SI,20100117,7.58,7.58,7.35,7.37,255600
QK9.SI,20100114,7.48,7.68,7.48,7.48,904700
QK9.SI,20100113,7.75,7.78,7.56,7.62,1235200
QK9.SI,20100112,7.52,7.70,7.50,7.70,806400
QK9.SI,20100111,7.50,7.63,7.50,7.61,489600
QK9.SI,20100110,7.71,7.76,7.58,7.59,575600
QK9.SI,20100107,7.90,7.97,7.79,7.79,145000
QK9.SI,20100106,8.01,8.07,7.93,7.94,1115800
QK9.SI,20100105,8.12,8.14,8.00,8.00,480100
QK9.SI,20100104,8.24,8.25,8.14,8.19,242900
QK9.SI,20100103,8.19,8.22,8.18,8.20,172600
