I19.SI,20120529,14.02,14.02,14.02,14.02,1000
I19.SI,20120527,14.10,14.10,14.10,14.10,100
I19.SI,20120522,14.46,14.50,14.46,14.50,2000
I19.SI,20120520,14.46,14.54,14.46,14.54,30000
I19.SI,20120514,14.64,14.64,14.59,14.59,12000
I19.SI,20120513,14.62,14.62,14.60,14.60,10100
I19.SI,20120510,14.69,14.73,14.66,14.66,73000
I19.SI,20120507,15.65,15.65,14.52,14.52,3000
I19.SI,20120503,14.47,14.47,14.44,14.44,11000
I19.SI,20120502,14.52,14.52,14.52,14.43,46000
I19.SI,20120430,14.43,14.43,14.43,14.43,10000
I19.SI,20120429,14.15,14.41,14.15,14.41,125800
I19.SI,20120426,14.20,14.20,14.20,14.20,4000
I19.SI,20120425,13.94,13.94,13.94,13.94,1000
I19.SI,20120424,13.74,13.84,13.74,13.84,19000
I19.SI,20120419,13.95,13.95,13.95,13.95,100
I19.SI,20120416,13.84,13.84,13.84,13.84,300
I19.SI,20120411,13.95,13.95,13.95,13.95,1000
I19.SI,20120410,13.90,13.92,13.90,13.92,10000
I19.SI,20120409,13.96,13.96,13.96,13.96,200
I19.SI,20120304,13.50,13.50,13.50,13.50,5400
I19.SI,20120216,13.86,13.86,13.86,13.86,100
I19.SI,20120214,13.94,13.94,13.94,13.94,100
I19.SI,20120131,13.74,13.79,13.74,13.78,7600
I19.SI,20120129,13.71,13.72,13.70,13.72,42100
I19.SI,20120126,13.66,13.66,13.66,13.66,6000
I19.SI,20120124,13.64,13.64,13.64,13.64,4000
I19.SI,20120119,13.80,13.80,13.80,13.80,1500
I19.SI,20120116,13.52,13.52,13.52,13.52,8300
I19.SI,20120110,13.60,13.60,13.60,13.60,8800
I19.SI,20120101,13.53,13.53,13.45,13.45,10000
I19.SI,20111229,13.55,13.55,13.55,13.55,500
I19.SI,20111227,13.62,13.62,13.62,13.62,900
I19.SI,20111222,13.51,13.52,13.51,13.51,12000
I19.SI,20111221,13.50,13.56,13.50,13.56,900
I19.SI,20111220,13.55,13.55,13.55,13.55,9000
I19.SI,20111219,13.92,13.92,13.71,13.71,11000
I19.SI,20111213,13.69,13.69,13.69,13.69,5000
I19.SI,20111201,13.43,13.43,13.43,13.43,9800
I19.SI,20111123,12.96,12.96,12.96,12.96,25000
I19.SI,20111117,12.80,12.80,12.80,12.80,10200
I19.SI,20111109,13.15,13.15,13.15,13.15,1000
I19.SI,20111106,13.25,13.25,13.25,13.25,300
I19.SI,20111102,13.13,13.26,13.13,13.26,2300
I19.SI,20111101,13.23,13.23,13.22,13.23,9400
I19.SI,20111019,13.42,13.42,13.42,13.42,9800
I19.SI,20111013,13.35,13.35,13.35,13.35,10000
I19.SI,20111011,13.43,13.43,13.43,13.43,100
I19.SI,20110919,13.65,13.65,13.61,13.61,3100
I19.SI,20110918,13.61,13.61,13.61,13.61,400
I19.SI,20110912,13.17,13.18,13.17,13.18,4000
I19.SI,20110911,13.25,13.25,13.25,13.25,100
I19.SI,20110901,12.96,12.98,12.96,12.98,500
I19.SI,20110830,13.11,13.11,13.11,13.11,400
I19.SI,20110824,13.29,13.31,13.24,13.24,6000
I19.SI,20110823,13.13,13.13,13.13,13.13,3000
I19.SI,20110822,13.24,13.27,13.24,13.25,4500
I19.SI,20110818,13.26,13.26,13.26,13.26,300
I19.SI,20110817,13.28,13.28,13.28,13.28,1000
I19.SI,20110816,13.28,13.30,13.28,13.30,3700
I19.SI,20110815,13.31,13.31,13.30,13.30,1600
I19.SI,20110809,13.30,13.33,13.30,13.33,4000
I19.SI,20110804,13.03,13.14,13.03,13.14,20600
I19.SI,20110802,13.05,13.15,13.05,13.15,10000
I19.SI,20110801,13.07,13.14,13.06,13.14,7000
I19.SI,20110726,12.75,12.75,12.75,12.75,2000
I19.SI,20110725,12.77,12.86,12.77,12.86,13000
I19.SI,20110724,12.79,12.79,12.79,12.79,2000
I19.SI,20110721,12.96,13.03,12.96,13.00,20400
I19.SI,20110706,12.53,12.53,12.53,12.53,1700
I19.SI,20110630,12.13,12.13,12.13,12.13,2000
I19.SI,20110623,11.81,11.81,11.81,11.81,1700
I19.SI,20110622,12.23,12.24,12.11,12.11,6700
I19.SI,20110621,12.31,12.31,12.31,12.31,300
I19.SI,20110615,11.76,11.76,11.76,11.76,2000
I19.SI,20110612,11.75,11.75,11.75,11.75,3700
I19.SI,20110510,12.68,12.68,12.67,12.67,6000
I19.SI,20110427,12.87,12.92,12.87,12.92,2000
I19.SI,20110426,12.83,12.83,12.82,12.82,4000
I19.SI,20110420,12.84,12.85,12.84,12.85,4000
I19.SI,20110413,12.57,12.67,12.57,12.67,16000
I19.SI,20110403,12.94,12.94,12.92,12.93,4300
I19.SI,20110330,12.86,12.86,12.86,12.86,5000
I19.SI,20110329,12.94,12.94,12.94,12.94,1000
I19.SI,20110328,12.88,12.88,12.88,12.88,4000
I19.SI,20110323,12.84,12.84,12.78,12.78,7000
I19.SI,20110317,12.90,12.90,12.90,12.90,1000
I19.SI,20110315,12.83,12.83,12.80,12.83,8600
I19.SI,20110313,12.62,12.62,12.62,12.62,300
I19.SI,20110310,12.76,12.76,12.76,12.76,300
I19.SI,20110307,12.48,12.48,12.46,12.46,31000
I19.SI,20110306,12.75,12.75,12.75,12.75,2000
I19.SI,20110227,12.75,12.75,12.75,12.75,10000
I19.SI,20110224,12.77,12.77,12.77,12.77,25000
I19.SI,20110223,12.76,12.76,12.76,12.76,4000
I19.SI,20110221,12.88,12.94,12.88,12.92,26000
I19.SI,20110220,12.87,12.87,12.84,12.84,3200
I19.SI,20110217,12.74,12.75,12.74,12.75,10000
I19.SI,20110206,12.67,12.67,12.67,12.67,1000
I19.SI,20110202,12.59,12.59,12.55,12.55,4100
I19.SI,20110131,12.34,12.34,12.34,12.34,2000
I19.SI,20110126,12.21,12.22,12.21,12.22,4000
I19.SI,20110119,11.74,11.74,11.71,11.71,4000
I19.SI,20110117,11.68,11.68,11.68,11.68,4000
I19.SI,20110110,11.17,11.17,11.14,11.14,1500
I19.SI,20110106,11.07,11.07,11.07,11.07,1000
I19.SI,20110105,11.21,11.21,11.21,11.21,600
I19.SI,20110103,10.98,10.98,10.98,10.98,1000
I19.SI,20110102,10.82,10.82,10.82,10.82,000
