O9P.SI,20120605,10.95,10.95,10.81,10.81,18600
O9P.SI,20120521,14.19,14.19,14.19,14.19,1800
O9P.SI,20120520,11.40,11.40,11.40,11.40,15800
O9P.SI,20120517,14.16,14.16,14.16,14.16,4400
O9P.SI,20120516,14.15,14.20,14.15,14.20,1400
O9P.SI,20120515,14.04,14.04,14.04,14.04,1000
O9P.SI,20120514,14.01,14.01,14.01,14.01,200
O9P.SI,20120513,11.36,11.38,11.36,11.38,11900
O9P.SI,20120510,14.00,14.00,14.00,14.00,6000
O9P.SI,20120509,14.04,14.04,14.04,14.04,400
O9P.SI,20120508,11.36,11.40,11.35,11.40,14800
O9P.SI,20120507,11.34,11.35,11.34,11.35,17700
O9P.SI,20120506,11.31,11.32,11.26,11.32,16300
O9P.SI,20120502,13.90,13.90,13.90,13.90,1400
O9P.SI,20120430,11.24,11.25,11.24,11.24,55300
O9P.SI,20120429,11.16,11.20,11.12,11.20,36300
O9P.SI,20120426,11.17,11.17,11.10,11.10,4000
O9P.SI,20120425,13.90,13.90,13.90,13.90,500
O9P.SI,20120424,13.93,13.93,13.93,13.93,4600
O9P.SI,20120423,13.91,13.91,13.91,13.91,2800
O9P.SI,20120422,13.82,13.82,13.82,13.82,2000
O9P.SI,20120419,13.87,13.87,13.87,13.87,7200
O9P.SI,20120417,13.92,13.92,13.92,13.92,200
O9P.SI,20120416,13.88,13.88,13.88,13.88,800
O9P.SI,20120415,13.86,13.87,13.86,13.87,1800
O9P.SI,20120412,11.20,11.22,11.04,11.20,60800
O9P.SI,20120411,13.86,13.86,13.86,13.86,1000
O9P.SI,20120410,11.02,11.14,11.02,11.09,48600
O9P.SI,20120409,13.89,13.89,13.89,13.89,200
O9P.SI,20120408,11.02,11.11,11.02,11.10,9600
O9P.SI,20120404,13.80,13.80,13.80,13.80,700
O9P.SI,20120403,11.09,11.16,11.09,11.16,21900
O9P.SI,20120402,11.12,11.12,11.12,11.12,49800
O9P.SI,20120328,11.20,11.20,11.18,11.18,9900
O9P.SI,20120327,11.21,11.21,11.17,11.17,67800
O9P.SI,20120325,11.15,11.15,11.12,11.12,15000
O9P.SI,20120320,13.97,13.97,13.97,13.97,400
O9P.SI,20120319,11.14,11.18,11.14,11.18,39500
O9P.SI,20120318,11.07,11.15,11.07,11.15,10100
O9P.SI,20120315,11.18,11.18,11.18,11.18,7000
O9P.SI,20120313,11.14,11.18,11.14,11.18,42800
O9P.SI,20120312,11.15,11.15,11.14,11.14,67900
O9P.SI,20120311,11.20,11.20,11.15,11.15,32100
O9P.SI,20120308,11.20,11.20,11.20,11.20,604400
O9P.SI,20120307,11.20,11.20,11.20,11.20,607200
O9P.SI,20120306,14.02,14.02,14.02,14.02,200
O9P.SI,20120305,11.22,11.22,11.22,11.22,26700
O9P.SI,20120304,13.91,13.91,13.91,13.91,500
O9P.SI,20120301,11.19,11.21,11.16,11.16,1300
O9P.SI,20120229,11.30,11.30,11.30,11.30,300
O9P.SI,20120228,11.31,11.31,11.31,11.31,200000
O9P.SI,20120227,13.88,13.88,13.88,13.88,1000
O9P.SI,20120226,11.33,11.37,11.33,11.37,5000
O9P.SI,20120223,11.28,11.29,11.28,11.29,300500
O9P.SI,20120222,11.20,11.23,11.20,11.20,311400
O9P.SI,20120220,11.25,11.25,11.25,11.25,2500
O9P.SI,20120219,11.23,11.23,11.23,11.23,100
O9P.SI,20120216,14.05,14.05,14.05,14.05,100
O9P.SI,20120215,13.87,14.11,13.87,14.10,4000
O9P.SI,20120214,13.85,13.91,13.85,13.85,2200
O9P.SI,20120209,11.17,11.18,11.17,11.18,8000
O9P.SI,20120208,13.73,13.73,13.73,13.73,100
O9P.SI,20120207,11.07,11.16,11.07,11.16,17600
O9P.SI,20120206,13.81,13.81,13.68,13.68,1500
O9P.SI,20120205,13.83,13.83,13.83,13.83,700
O9P.SI,20120131,13.94,13.94,13.94,13.94,100
O9P.SI,20120130,13.98,13.98,13.98,13.98,1000
O9P.SI,20120129,13.94,13.94,13.94,13.94,500
O9P.SI,20120126,13.91,13.95,13.91,13.94,1300
O9P.SI,20120125,11.34,11.34,11.34,11.34,4500
O9P.SI,20120124,11.31,11.31,11.31,11.31,5000
O9P.SI,20120123,11.30,11.30,11.30,11.30,7000
O9P.SI,20120122,11.30,11.33,11.30,11.33,8600
O9P.SI,20120119,11.29,11.29,11.27,11.27,19100
O9P.SI,20120118,13.80,13.80,13.80,13.80,400
O9P.SI,20120117,11.37,11.37,11.30,11.30,13800
O9P.SI,20120116,13.88,13.88,13.88,13.88,1000
O9P.SI,20120115,13.88,13.88,13.88,13.88,200
O9P.SI,20120112,13.88,13.93,13.88,13.93,18000
O9P.SI,20120111,11.30,11.30,11.30,11.30,700
O9P.SI,20120110,13.90,13.90,13.90,13.90,100
O9P.SI,20120109,13.88,13.95,13.88,13.95,6600
O9P.SI,20120108,11.28,11.28,11.28,11.28,7000
O9P.SI,20120105,13.78,13.78,13.78,13.78,500
O9P.SI,20120104,13.77,13.77,13.77,13.77,3700
O9P.SI,20120103,13.86,13.86,13.81,13.81,4700
O9P.SI,20120101,13.81,13.81,13.81,13.81,100
O9P.SI,20111229,11.25,11.25,11.25,11.25,1400
O9P.SI,20111228,11.21,11.21,11.21,11.21,43300
O9P.SI,20111227,11.21,11.21,11.21,11.21,22900
O9P.SI,20111222,11.21,11.21,11.21,11.21,2000
O9P.SI,20111221,11.30,11.30,11.30,11.30,2300
O9P.SI,20111220,11.25,11.25,11.25,11.25,57500
O9P.SI,20111219,11.19,11.19,11.19,11.19,67300
O9P.SI,20111218,11.25,11.25,11.19,11.19,19000
O9P.SI,20111215,11.23,11.23,11.18,11.23,11800
O9P.SI,20111214,13.65,13.85,13.65,13.76,4300
O9P.SI,20111213,13.59,13.63,13.59,13.63,3500
O9P.SI,20111212,11.15,11.15,11.15,11.15,64100
O9P.SI,20111211,13.50,13.62,13.50,13.62,4000
O9P.SI,20111208,13.48,13.48,13.25,13.43,12300
O9P.SI,20111207,13.64,13.64,13.64,13.64,100
O9P.SI,20111206,11.18,11.18,11.15,11.16,65600
O9P.SI,20111205,11.25,11.25,11.17,11.21,74400
O9P.SI,20111204,13.89,13.89,13.54,13.54,2800
O9P.SI,20111130,11.32,11.32,11.32,11.32,1000
O9P.SI,20111129,11.31,11.33,11.31,11.33,21000
O9P.SI,20111128,11.30,11.34,11.26,11.30,74400
O9P.SI,20111127,11.20,11.20,11.20,11.20,6000
O9P.SI,20111124,11.19,11.19,11.19,11.19,400
O9P.SI,20111123,11.19,11.19,11.19,11.19,1000
O9P.SI,20111122,13.72,13.72,13.72,13.72,1000
O9P.SI,20111121,13.70,13.70,13.70,13.70,500
O9P.SI,20111120,13.70,13.70,13.70,13.70,500
O9P.SI,20111117,13.60,13.60,13.60,13.60,1000
O9P.SI,20111116,11.20,11.20,11.14,11.14,1200
O9P.SI,20111115,13.71,13.71,13.71,13.71,400
O9P.SI,20111110,11.25,11.25,11.25,11.25,600
O9P.SI,20111108,13.71,13.71,13.71,13.71,100
O9P.SI,20111103,11.17,11.17,11.17,11.17,2000
O9P.SI,20111102,11.17,11.20,11.17,11.18,5200
O9P.SI,20111031,11.06,11.14,11.06,11.14,4700
O9P.SI,20111030,11.05,11.11,11.05,11.11,3100
O9P.SI,20111026,11.12,11.12,11.11,11.11,9900
O9P.SI,20111025,13.60,13.60,13.60,13.60,1500
O9P.SI,20111024,13.56,13.56,13.55,13.56,2300
O9P.SI,20111023,11.09,11.11,11.05,11.11,13500
O9P.SI,20111020,13.55,13.55,13.49,13.49,1700
O9P.SI,20111019,13.60,13.60,13.60,13.60,300
O9P.SI,20111018,13.61,13.63,13.61,13.63,3700
O9P.SI,20111017,11.13,11.13,11.13,11.13,500
O9P.SI,20111016,13.66,13.66,13.66,13.66,100
O9P.SI,20111013,13.64,13.64,13.62,13.62,4600
O9P.SI,20111012,13.69,13.69,13.69,13.69,100
O9P.SI,20111011,11.11,11.20,11.11,11.17,10500
O9P.SI,20111010,13.61,13.61,13.61,13.61,500
O9P.SI,20111009,11.05,11.06,11.05,11.06,5100
O9P.SI,20111006,13.55,13.57,13.55,13.57,1000
O9P.SI,20111005,13.53,13.53,13.53,13.53,1000
O9P.SI,20111004,10.96,10.96,10.96,10.96,1100
O9P.SI,20111003,10.97,10.97,10.97,10.97,2300
O9P.SI,20111002,13.46,13.46,13.46,13.46,500
O9P.SI,20110929,13.38,13.38,13.38,13.38,500
O9P.SI,20110928,10.90,10.90,10.90,10.90,100
O9P.SI,20110927,13.41,13.41,13.41,13.41,1500
O9P.SI,20110926,13.48,13.48,13.37,13.37,2000
O9P.SI,20110925,13.51,13.51,13.51,13.51,1200
O9P.SI,20110922,13.47,13.47,13.47,13.47,1000
O9P.SI,20110919,13.45,13.45,13.45,13.45,1000
O9P.SI,20110918,10.92,10.92,10.92,10.92,2600
O9P.SI,20110915,13.32,13.32,13.32,13.32,700
O9P.SI,20110913,13.35,13.35,13.35,13.35,1000
O9P.SI,20110908,10.76,10.81,10.76,10.79,18100
O9P.SI,20110907,13.38,13.38,13.38,13.38,1100
O9P.SI,20110906,10.75,10.75,10.72,10.72,169500
O9P.SI,20110905,10.75,10.76,10.75,10.76,6900
O9P.SI,20110904,13.35,13.35,13.35,13.35,500
O9P.SI,20110901,13.77,13.77,13.77,13.77,1000
O9P.SI,20110831,10.96,10.97,10.95,10.95,7000
O9P.SI,20110828,10.96,10.98,10.96,10.98,1000
O9P.SI,20110825,10.96,10.96,10.96,10.96,1000
O9P.SI,20110824,10.91,10.97,10.91,10.97,5000
O9P.SI,20110823,10.96,10.96,10.93,10.94,10000
O9P.SI,20110818,13.66,13.67,13.66,13.67,400
O9P.SI,20110817,13.63,13.63,13.63,13.63,58000
O9P.SI,20110814,10.85,10.85,10.85,10.85,300
O9P.SI,20110811,10.80,10.83,10.80,10.83,2500
O9P.SI,20110809,10.79,10.79,10.68,10.75,16500
O9P.SI,20110808,13.63,13.63,13.63,13.63,1500
O9P.SI,20110807,13.64,13.64,13.64,13.64,1000
O9P.SI,20110803,10.77,10.79,10.77,10.79,3700
O9P.SI,20110802,10.77,10.77,10.70,10.70,9500
O9P.SI,20110731,10.77,10.77,10.77,10.77,11000
O9P.SI,20110728,10.79,10.79,10.79,10.79,5000
O9P.SI,20110727,13.63,13.63,13.63,13.63,600
O9P.SI,20110726,10.75,10.79,10.75,10.79,4000
O9P.SI,20110724,10.71,10.77,10.71,10.77,10200
O9P.SI,20110721,10.79,10.79,10.75,10.78,51000
O9P.SI,20110720,13.54,13.60,13.54,13.60,3000
O9P.SI,20110717,13.48,13.48,13.48,13.48,1000
O9P.SI,20110711,13.52,13.52,13.51,13.51,1500
O9P.SI,20110704,13.30,13.30,13.30,13.30,1000
O9P.SI,20110630,13.32,13.32,13.30,13.30,1000
O9P.SI,20110628,13.17,13.22,13.17,13.22,15500
O9P.SI,20110626,13.31,13.31,13.28,13.29,5000
O9P.SI,20110623,10.37,10.37,10.36,10.36,2500
O9P.SI,20110622,10.99,10.99,10.34,10.38,45700
O9P.SI,20110621,10.34,10.34,10.34,10.34,400
O9P.SI,20110619,10.37,10.37,10.37,10.37,3000
O9P.SI,20110616,10.32,10.32,10.32,10.32,1000
O9P.SI,20110612,10.26,10.26,10.26,10.26,3000
O9P.SI,20110608,10.18,10.18,10.18,10.18,800
O9P.SI,20110607,10.22,10.22,10.22,10.22,3000
O9P.SI,20110605,10.19,10.33,10.19,10.29,102400
O9P.SI,20110602,10.20,10.20,10.20,10.20,100
O9P.SI,20110601,10.39,10.39,10.39,10.39,700
O9P.SI,20110531,10.46,10.46,10.42,10.42,3100
O9P.SI,20110530,10.45,10.45,10.45,10.45,600
O9P.SI,20110529,10.44,10.45,10.44,10.45,2300
O9P.SI,20110526,10.47,10.47,10.47,10.47,1000
O9P.SI,20110522,10.50,10.50,10.50,10.50,200
O9P.SI,20110519,10.54,10.55,10.54,10.55,400
O9P.SI,20110518,10.56,10.57,10.56,10.57,4700
O9P.SI,20110517,10.57,10.57,10.57,10.57,2000
O9P.SI,20110512,10.66,10.70,10.66,10.69,47700
O9P.SI,20110511,10.65,10.65,10.65,10.65,1000
O9P.SI,20110509,10.71,10.71,10.70,10.70,23500
O9P.SI,20110505,10.68,10.69,10.68,10.68,3000
O9P.SI,20110503,10.64,10.64,10.64,10.64,43300
O9P.SI,20110501,10.59,10.59,10.59,10.59,24600
O9P.SI,20110428,10.59,10.59,10.59,10.59,2000
O9P.SI,20110426,10.59,10.59,10.59,10.59,400
O9P.SI,20110424,10.55,10.55,10.55,10.55,600
O9P.SI,20110420,10.55,10.55,10.55,10.55,4200
O9P.SI,20110419,10.54,10.61,10.54,10.61,47400
O9P.SI,20110418,10.52,10.55,10.52,10.54,6800
O9P.SI,20110417,11.20,11.20,10.49,10.49,53600
O9P.SI,20110414,10.50,10.50,10.50,10.50,800
O9P.SI,20110413,10.56,10.56,10.50,10.50,8400
O9P.SI,20110412,10.51,10.51,10.51,10.51,2300
O9P.SI,20110411,10.48,10.49,10.48,10.49,235800
O9P.SI,20110406,10.54,10.54,10.54,10.54,18900
O9P.SI,20110405,10.60,10.60,10.53,10.58,108000
O9P.SI,20110404,10.48,10.48,10.48,10.48,1300
O9P.SI,20110403,10.50,10.50,10.49,10.49,25900
O9P.SI,20110330,10.50,10.50,10.45,10.45,300
O9P.SI,20110329,10.48,10.48,10.48,10.48,900
O9P.SI,20110328,10.50,10.50,10.50,10.50,100
O9P.SI,20110323,10.52,10.52,10.52,10.52,800
O9P.SI,20110321,10.57,10.57,10.53,10.53,109300
O9P.SI,20110320,10.58,10.58,10.58,10.58,500
O9P.SI,20110315,10.53,10.53,10.53,10.53,100
O9P.SI,20110314,10.56,10.59,10.56,10.59,3000
O9P.SI,20110310,10.53,10.53,10.53,10.53,200
O9P.SI,20110309,10.54,10.54,10.53,10.53,10000
O9P.SI,20110308,10.51,10.51,10.51,10.51,49600
O9P.SI,20110307,10.51,10.51,10.51,10.51,2400
O9P.SI,20110302,10.45,10.63,10.45,10.45,4000
O9P.SI,20110301,10.43,10.43,10.43,10.43,1600
O9P.SI,20110228,10.57,10.57,10.57,10.57,4700
O9P.SI,20110224,10.53,10.56,10.53,10.56,19500
O9P.SI,20110223,10.50,10.50,10.50,10.50,1500
O9P.SI,20110222,10.47,10.47,10.47,10.47,2100
O9P.SI,20110221,10.48,10.49,10.48,10.49,48300
O9P.SI,20110220,10.52,10.52,10.52,10.52,2300
O9P.SI,20110217,10.51,10.51,10.51,10.51,2000
O9P.SI,20110215,10.56,10.56,10.55,10.56,6200
O9P.SI,20110210,10.53,10.53,10.53,10.53,4200
O9P.SI,20110209,10.50,10.52,10.50,10.52,600
O9P.SI,20110208,10.48,10.48,10.48,10.48,3000
O9P.SI,20110207,10.46,10.46,10.43,10.43,2700
O9P.SI,20110206,10.36,10.36,10.36,10.36,2100
O9P.SI,20110202,10.22,10.29,10.22,10.29,24600
O9P.SI,20110131,10.25,10.25,10.25,10.25,10000
O9P.SI,20110130,10.25,10.25,10.25,10.25,5000
O9P.SI,20110126,10.26,10.26,10.22,10.22,5000
O9P.SI,20110125,10.15,10.15,10.15,10.15,500
O9P.SI,20110118,10.06,10.06,10.05,10.05,1000
O9P.SI,20110112,9.98,9.98,9.98,9.98,1000
O9P.SI,20110109,9.92,9.92,9.92,9.92,100
O9P.SI,20110106,9.92,9.92,9.92,9.92,200
O9P.SI,20110105,10.03,10.03,10.03,10.03,100
O9P.SI,20101230,9.94,9.94,9.93,9.93,6500
O9P.SI,20101228,9.95,9.95,9.95,9.95,900
O9P.SI,20101227,9.95,9.95,9.95,9.95,12000
O9P.SI,20101221,9.92,9.92,9.92,9.92,10000
O9P.SI,20101216,9.84,9.85,9.80,9.80,2500
O9P.SI,20101215,9.90,9.90,9.90,9.90,3000
O9P.SI,20101214,9.86,9.88,9.85,9.88,21100
O9P.SI,20101213,9.93,9.94,9.93,9.94,30500
O9P.SI,20101212,9.93,9.93,9.93,9.93,2000
O9P.SI,20101209,9.94,9.94,9.92,9.92,5200
O9P.SI,20101208,9.95,9.95,9.93,9.93,4300
