J37.SI,20120606,38.19,38.19,38.10,38.10,14000
J37.SI,20120604,40.29,40.38,39.20,39.25,268500
J37.SI,20120603,40.07,40.30,39.94,39.94,108500
J37.SI,20120531,40.30,40.38,39.96,40.11,450000
J37.SI,20120530,41.00,41.01,40.01,40.65,521500
J37.SI,20120529,40.80,40.96,40.49,40.65,147000
J37.SI,20120528,40.43,40.60,39.94,40.60,176500
J37.SI,20120527,40.41,40.79,40.04,40.08,186000
J37.SI,20120524,40.16,40.16,40.16,40.16,000
J37.SI,20120523,40.50,40.65,39.80,40.16,258000
J37.SI,20120522,40.30,40.50,39.91,40.43,202000
J37.SI,20120521,40.04,40.50,40.04,40.39,43000
J37.SI,20120520,40.94,40.94,39.90,39.99,2436000
J37.SI,20120517,41.51,41.51,40.65,40.65,274500
J37.SI,20120516,40.20,41.40,40.14,41.00,319000
J37.SI,20120515,40.09,40.30,39.81,39.91,144500
J37.SI,20120514,40.69,40.69,39.80,40.10,91000
J37.SI,20120513,40.55,40.55,39.93,40.10,123500
J37.SI,20120510,40.30,40.47,40.30,40.47,84000
J37.SI,20120509,40.11,40.40,40.01,40.15,182500
J37.SI,20120508,40.32,40.33,40.11,40.11,169000
J37.SI,20120507,39.86,40.05,39.31,39.80,368000
J37.SI,20120506,39.77,40.05,39.46,39.66,149500
J37.SI,20120503,39.47,39.66,39.10,39.51,168500
J37.SI,20120502,39.00,39.47,39.00,39.00,300000
J37.SI,20120501,39.00,39.00,39.00,39.00,000
J37.SI,20120430,39.10,39.25,38.93,39.00,86000
J37.SI,20120429,39.01,39.36,38.80,38.85,93500
J37.SI,20120426,39.20,39.20,38.71,38.71,139500
J37.SI,20120425,39.80,39.80,38.85,39.12,182000
J37.SI,20120424,39.72,39.85,39.58,39.72,105500
J37.SI,20120423,39.55,39.78,39.21,39.78,136500
J37.SI,20120422,39.66,39.66,39.44,39.53,98000
J37.SI,20120419,39.40,39.60,39.12,39.60,34500
J37.SI,20120418,39.90,40.00,38.86,39.35,83500
J37.SI,20120417,39.41,40.70,39.41,39.71,174500
J37.SI,20120416,39.09,40.45,38.83,39.59,419000
J37.SI,20120415,38.87,39.20,38.87,39.13,272500
J37.SI,20120412,39.11,39.30,38.31,38.40,629000
J37.SI,20120411,38.40,38.77,38.30,38.64,77500
J37.SI,20120410,38.00,38.32,37.82,38.00,251500
J37.SI,20120409,38.74,39.00,38.07,38.32,114500
J37.SI,20120408,39.60,39.61,38.80,38.80,230000
J37.SI,20120405,39.40,39.56,39.26,39.47,231000
J37.SI,20120404,39.50,39.78,39.43,39.68,62000
J37.SI,20120403,39.30,39.66,39.30,39.36,153000
J37.SI,20120402,39.84,40.45,39.28,39.30,159500
J37.SI,20120401,39.78,40.32,39.59,39.79,64000
J37.SI,20120329,39.58,39.58,39.58,39.58,000
J37.SI,20120328,39.80,40.45,39.58,39.58,263500
J37.SI,20120327,39.75,39.98,39.75,39.90,173000
J37.SI,20120326,39.60,39.80,39.38,39.79,129000
J37.SI,20120325,39.51,39.99,39.23,39.62,241000
J37.SI,20120322,39.25,40.30,39.22,39.81,338000
J37.SI,20120321,39.00,39.99,39.00,39.61,120500
J37.SI,20120320,39.99,39.99,39.70,39.70,74500
J37.SI,20120319,39.95,40.21,39.50,40.00,326000
J37.SI,20120318,39.92,39.99,39.08,39.60,188000
J37.SI,20120315,38.71,40.86,38.58,40.86,701500
J37.SI,20120314,40.24,40.24,37.70,38.01,381000
J37.SI,20120313,40.04,40.11,39.30,39.80,216000
J37.SI,20120312,40.61,40.61,40.00,40.31,256500
J37.SI,20120311,39.80,40.89,39.70,40.00,464500
J37.SI,20120308,38.84,39.78,38.84,39.61,398000
J37.SI,20120307,38.70,40.00,38.69,38.69,202500
J37.SI,20120306,38.58,39.11,38.36,39.00,204500
J37.SI,20120305,38.60,38.60,37.66,37.90,240000
J37.SI,20120304,39.10,39.10,38.15,38.80,244500
J37.SI,20120301,39.12,39.12,38.47,38.59,175500
J37.SI,20120229,38.59,38.79,38.36,38.40,224000
J37.SI,20120228,37.23,38.60,37.23,38.22,298000
J37.SI,20120227,37.95,38.25,37.29,37.30,415000
J37.SI,20120226,38.00,38.85,38.00,38.50,233500
J37.SI,20120223,38.05,38.36,38.02,38.09,97500
J37.SI,20120222,38.60,38.79,37.86,38.46,260500
J37.SI,20120221,38.65,38.77,38.50,38.60,223500
J37.SI,20120220,38.31,38.87,38.31,38.63,237500
J37.SI,20120219,38.30,38.70,38.10,38.40,212000
J37.SI,20120216,37.64,38.10,37.51,38.10,171500
J37.SI,20120215,37.00,38.05,36.90,37.89,165000
J37.SI,20120214,37.72,38.33,37.43,37.50,538500
J37.SI,20120213,38.07,38.07,38.07,38.07,000
J37.SI,20120212,38.07,38.07,38.07,38.07,000
J37.SI,20120209,38.09,38.29,37.89,38.07,173500
J37.SI,20120208,39.05,39.05,37.78,38.09,210500
J37.SI,20120207,38.10,38.96,37.70,38.68,262500
J37.SI,20120206,38.55,38.55,37.76,37.76,179500
J37.SI,20120205,38.94,39.18,38.11,38.11,148500
J37.SI,20120202,38.56,38.56,37.72,37.98,161000
J37.SI,20120201,38.40,38.75,38.10,38.26,139000
J37.SI,20120131,38.84,39.35,38.60,39.35,576000
J37.SI,20120130,38.00,38.68,37.80,38.67,510500
J37.SI,20120129,39.00,39.00,38.31,38.53,213500
J37.SI,20120126,38.46,39.25,37.72,38.80,721500
J37.SI,20120125,38.20,38.84,37.50,38.65,215500
J37.SI,20120124,37.36,38.79,37.31,38.76,778500
J37.SI,20120123,37.33,37.76,37.00,37.76,125000
J37.SI,20120122,36.43,37.00,36.43,36.93,417500
J37.SI,20120119,35.90,36.26,35.35,36.25,349500
J37.SI,20120118,36.49,36.49,36.21,36.33,335000
J37.SI,20120117,36.33,36.50,36.33,36.50,211000
J37.SI,20120116,36.50,36.62,36.30,36.49,344500
J37.SI,20120115,35.80,36.20,35.80,36.20,632500
J37.SI,20120112,35.90,35.90,35.65,35.80,138500
J37.SI,20120111,37.11,37.14,35.59,35.90,104500
J37.SI,20120110,37.24,37.25,36.45,36.50,100000
J37.SI,20120109,36.91,37.79,36.91,37.40,144000
J37.SI,20120108,37.20,37.30,36.79,36.80,47000
J37.SI,20120105,36.85,37.20,36.72,36.72,28500
J37.SI,20120104,36.59,36.74,36.45,36.74,75500
J37.SI,20120103,35.60,36.40,35.60,36.11,137000
J37.SI,20120102,35.52,35.52,35.52,35.52,000
J37.SI,20120101,36.01,36.03,35.23,35.52,173000
J37.SI,20111229,36.65,37.18,36.50,36.59,50500
J37.SI,20111228,36.19,37.00,36.19,36.85,904500
J37.SI,20111227,35.99,36.66,35.93,36.32,40500
J37.SI,20111226,35.85,35.85,35.85,35.85,000
J37.SI,20111225,35.62,35.99,35.62,35.85,82000
J37.SI,20111222,35.40,35.70,35.34,35.60,91500
J37.SI,20111221,35.88,35.88,35.35,35.50,160500
J37.SI,20111220,36.00,36.19,35.30,35.53,197500
J37.SI,20111219,35.90,35.90,35.28,35.63,119500
J37.SI,20111218,35.72,36.03,35.50,36.03,131000
J37.SI,20111215,36.41,36.41,35.77,35.92,152000
J37.SI,20111214,35.91,36.80,35.91,36.60,258000
J37.SI,20111213,36.12,36.25,35.20,35.61,195000
J37.SI,20111212,36.40,36.68,34.10,36.32,210500
J37.SI,20111211,35.59,36.33,35.55,35.88,60000
J37.SI,20111208,35.40,35.90,35.00,35.29,66000
J37.SI,20111207,35.84,35.92,35.05,35.32,147500
J37.SI,20111206,35.55,35.55,35.27,35.42,90000
J37.SI,20111205,34.21,35.27,34.21,35.26,121000
J37.SI,20111204,34.44,34.98,34.42,34.95,157500
J37.SI,20111201,34.00,34.33,33.76,34.14,494000
J37.SI,20111130,33.20,33.63,33.00,33.57,247000
J37.SI,20111129,33.55,34.02,33.45,33.57,296500
J37.SI,20111128,35.05,35.05,34.11,34.44,295500
J37.SI,20111127,35.31,35.50,34.73,35.18,270500
J37.SI,20111124,34.79,35.99,34.79,35.32,453500
J37.SI,20111123,34.77,35.29,34.77,35.03,72500
J37.SI,20111122,34.80,34.86,34.75,34.86,112000
J37.SI,20111121,35.00,35.10,34.91,35.00,273500
J37.SI,20111120,34.39,34.70,34.29,34.57,224500
J37.SI,20111117,33.28,34.40,33.28,34.10,265500
J37.SI,20111116,33.00,33.57,32.95,33.57,78500
J37.SI,20111115,34.39,34.39,33.00,33.00,295000
J37.SI,20111114,34.26,34.26,34.26,34.26,000
J37.SI,20111113,34.50,34.51,33.94,34.26,233500
J37.SI,20111110,33.57,35.34,33.46,35.30,228500
J37.SI,20111109,33.50,33.94,33.35,33.94,356500
J37.SI,20111108,34.28,34.58,33.22,34.37,458500
J37.SI,20111107,34.56,35.19,34.28,34.43,235500
J37.SI,20111106,36.07,36.10,34.67,34.80,259000
J37.SI,20111103,36.30,36.48,36.20,36.27,153500
J37.SI,20111102,36.29,36.39,35.82,36.35,162500
J37.SI,20111101,36.30,36.46,36.18,36.40,157000
J37.SI,20111031,35.56,36.88,35.56,36.30,212500
J37.SI,20111030,35.18,35.67,35.18,35.60,228500
J37.SI,20111027,35.50,35.50,35.50,35.50,000
J37.SI,20111026,35.29,35.90,35.20,35.50,158500
J37.SI,20111025,34.91,35.97,34.83,35.29,310000
J37.SI,20111024,34.72,35.14,34.69,34.91,122500
J37.SI,20111023,34.84,35.35,34.66,35.00,255000
J37.SI,20111020,34.30,35.15,34.30,34.98,272500
J37.SI,20111019,35.20,35.25,34.60,35.15,329500
J37.SI,20111018,36.25,36.31,33.90,35.00,259500
J37.SI,20111017,36.90,36.90,36.00,36.10,184500
J37.SI,20111016,36.00,36.91,35.75,36.85,88000
J37.SI,20111013,35.69,36.90,35.50,36.45,125000
J37.SI,20111012,35.35,35.80,35.13,35.80,81000
J37.SI,20111011,35.85,36.29,34.75,35.00,274000
J37.SI,20111010,36.00,36.16,35.86,36.16,86500
J37.SI,20111009,36.99,36.99,35.50,36.20,72000
J37.SI,20111006,36.13,37.50,35.51,36.95,344500
J37.SI,20111005,35.28,36.18,35.28,36.17,112000
J37.SI,20111004,34.70,35.50,34.70,35.47,293500
J37.SI,20111003,33.52,35.04,33.52,34.80,156500
J37.SI,20111002,33.70,33.70,33.57,33.65,15000
J37.SI,20110929,34.40,34.60,33.66,33.92,230000
J37.SI,20110928,34.20,35.34,33.80,34.50,366000
J37.SI,20110927,34.00,34.40,34.00,34.30,93000
J37.SI,20110926,34.43,34.43,33.95,34.11,110000
J37.SI,20110925,33.47,34.36,33.32,34.09,139000
J37.SI,20110922,33.50,33.84,33.30,33.45,303500
J37.SI,20110921,33.79,33.79,33.16,33.30,267000
J37.SI,20110920,33.44,33.90,33.27,33.59,400000
J37.SI,20110919,33.20,33.48,33.20,33.45,74000
J37.SI,20110918,32.90,33.05,32.86,32.92,239500
J37.SI,20110915,32.54,33.14,32.54,32.65,239500
J37.SI,20110914,32.58,32.80,32.30,32.53,253000
J37.SI,20110913,33.26,33.26,32.81,32.89,93500
J37.SI,20110912,32.86,33.65,32.86,33.26,101000
J37.SI,20110911,33.10,33.10,32.90,32.90,134500
J37.SI,20110908,33.17,33.28,32.68,33.00,289000
J37.SI,20110907,33.42,33.46,33.01,33.19,177500
J37.SI,20110906,33.75,33.75,33.26,33.44,199500
J37.SI,20110905,33.40,33.58,33.40,33.54,44500
J37.SI,20110904,32.72,33.40,32.72,33.25,105000
J37.SI,20110901,33.15,33.24,32.53,33.24,257000
J37.SI,20110831,33.30,33.30,32.81,33.04,279000
J37.SI,20110830,33.70,33.70,33.30,33.41,120000
J37.SI,20110829,34.20,34.20,33.62,33.70,169500
J37.SI,20110828,34.00,34.40,33.62,34.15,88000
J37.SI,20110825,33.52,34.00,33.52,34.00,119000
J37.SI,20110824,33.41,33.79,33.41,33.71,158000
J37.SI,20110823,33.95,33.95,33.46,33.60,119500
J37.SI,20110822,34.00,34.10,33.40,33.99,74000
J37.SI,20110821,34.00,34.00,34.00,34.00,000
J37.SI,20110818,34.48,34.50,33.71,34.00,81500
J37.SI,20110817,33.83,34.50,33.83,34.43,123000
J37.SI,20110816,34.15,34.28,33.76,33.83,115000
J37.SI,20110815,33.73,33.97,32.78,33.97,164500
J37.SI,20110814,33.83,34.13,33.80,33.98,58500
J37.SI,20110811,33.51,34.67,32.83,34.67,209000
J37.SI,20110810,34.50,34.50,34.50,34.50,000
J37.SI,20110809,35.10,35.75,34.18,34.50,563500
J37.SI,20110808,34.19,35.21,34.03,35.07,221000
J37.SI,20110807,33.60,34.95,33.54,34.30,88000
J37.SI,20110804,32.00,33.08,31.98,32.92,123000
J37.SI,20110803,31.71,32.08,31.65,31.87,423000
J37.SI,20110802,31.53,31.76,31.00,31.49,107500
J37.SI,20110801,31.82,32.10,31.41,31.41,373500
J37.SI,20110731,31.31,32.11,31.31,31.89,46500
J37.SI,20110728,31.60,31.70,31.11,31.16,236500
J37.SI,20110727,31.40,31.90,31.09,31.42,145000
J37.SI,20110726,31.44,31.45,31.05,31.24,90000
J37.SI,20110725,31.02,31.57,30.89,31.19,507500
J37.SI,20110724,30.80,31.20,30.50,30.81,151500
J37.SI,20110721,31.22,31.22,30.80,30.87,176500
J37.SI,20110720,31.72,31.73,31.20,31.22,199500
J37.SI,20110719,32.00,32.00,31.65,31.71,141500
J37.SI,20110718,31.56,31.97,31.42,31.94,234000
J37.SI,20110717,32.00,32.06,31.60,31.82,89000
J37.SI,20110714,32.49,32.54,32.01,32.35,77500
J37.SI,20110713,31.47,32.49,31.47,32.37,173000
J37.SI,20110712,31.20,31.95,31.19,31.94,158000
J37.SI,20110711,31.49,31.52,31.29,31.30,57000
J37.SI,20110710,31.48,31.48,30.91,30.98,46000
J37.SI,20110707,31.49,31.50,31.14,31.50,93500
J37.SI,20110706,32.00,32.00,31.55,31.60,27500
J37.SI,20110705,31.00,31.83,30.97,31.70,152500
J37.SI,20110704,30.50,31.39,30.50,31.20,146000
J37.SI,20110703,30.52,30.80,30.32,30.50,334000
J37.SI,20110630,30.41,30.95,30.27,30.50,220500
J37.SI,20110629,30.27,30.55,30.27,30.46,125000
J37.SI,20110628,29.83,30.46,29.83,30.46,164500
J37.SI,20110627,30.00,30.00,29.62,29.85,158500
J37.SI,20110626,29.59,30.00,29.59,29.94,53000
J37.SI,20110623,29.45,29.81,29.45,29.64,253000
J37.SI,20110622,29.41,29.68,29.41,29.51,45000
J37.SI,20110621,29.45,29.64,29.38,29.44,289500
J37.SI,20110620,29.61,29.88,29.61,29.61,332500
J37.SI,20110619,30.04,30.20,29.80,29.80,102500
J37.SI,20110616,29.55,30.54,29.55,30.00,268000
J37.SI,20110615,29.71,30.29,29.71,30.05,98000
J37.SI,20110614,30.42,30.58,30.00,30.18,130000
J37.SI,20110613,31.20,31.50,30.81,30.81,201500
J37.SI,20110612,31.02,31.60,31.02,31.40,147500
J37.SI,20110609,30.28,31.50,30.00,31.50,132000
J37.SI,20110608,30.50,30.50,30.11,30.38,116000
J37.SI,20110607,29.55,30.30,29.38,30.03,50500
J37.SI,20110606,29.10,29.95,29.10,29.20,273000
J37.SI,20110605,29.76,29.92,29.10,29.50,137000
J37.SI,20110602,30.01,30.04,29.53,29.98,530500
J37.SI,20110601,30.86,31.07,30.27,30.27,163500
J37.SI,20110531,31.15,31.43,30.98,31.11,102000
J37.SI,20110530,30.90,31.70,30.80,31.70,68000
J37.SI,20110529,30.60,31.20,30.33,31.10,366500
J37.SI,20110526,31.49,31.49,30.72,30.79,103500
J37.SI,20110525,31.56,31.60,31.03,31.12,113500
J37.SI,20110524,31.60,32.24,31.56,31.56,180000
J37.SI,20110523,31.56,32.12,31.55,32.08,225500
J37.SI,20110522,31.15,31.66,31.15,31.40,57000
J37.SI,20110519,31.01,31.68,31.01,31.35,270500
J37.SI,20110518,32.00,32.00,31.81,31.92,45000
J37.SI,20110517,32.00,32.43,31.71,32.39,251000
J37.SI,20110516,31.87,32.45,31.51,32.10,56500
J37.SI,20110515,30.82,32.00,30.82,31.87,114500
J37.SI,20110512,31.41,31.63,30.50,31.30,234000
J37.SI,20110511,31.31,31.80,31.11,31.76,246000
J37.SI,20110510,31.51,31.80,31.19,31.26,183000
J37.SI,20110509,32.19,32.25,31.99,32.16,123000
J37.SI,20110508,32.20,32.40,32.07,32.22,74500
J37.SI,20110505,32.55,33.00,32.55,32.60,60000
J37.SI,20110504,32.73,33.46,32.73,33.11,459500
J37.SI,20110503,32.10,33.05,32.10,32.70,138500
J37.SI,20110502,31.87,31.87,31.87,31.87,000
J37.SI,20110501,32.63,32.63,31.86,32.18,300500
J37.SI,20110428,33.10,33.60,32.07,32.63,237000
J37.SI,20110427,31.50,32.85,31.50,32.85,282000
J37.SI,20110426,32.00,32.27,31.86,31.88,128000
J37.SI,20110425,32.63,32.94,32.20,32.24,93000
J37.SI,20110424,32.00,32.46,31.85,32.46,140000
J37.SI,20110421,32.86,32.86,32.31,32.31,165000
J37.SI,20110420,32.90,32.94,32.87,32.90,98000
J37.SI,20110419,32.96,33.00,32.90,32.94,138500
J37.SI,20110418,32.85,33.00,32.75,32.83,109000
J37.SI,20110417,32.90,33.00,32.75,32.82,89500
J37.SI,20110414,32.75,32.85,32.55,32.72,98000
J37.SI,20110413,32.40,32.55,32.03,32.46,206500
J37.SI,20110412,32.28,32.28,31.78,32.00,506500
J37.SI,20110411,32.10,32.40,31.89,32.40,85000
J37.SI,20110410,32.27,32.40,31.61,32.40,28000
J37.SI,20110407,32.33,32.33,32.33,32.33,000
J37.SI,20110406,31.39,32.40,31.39,32.33,55000
J37.SI,20110405,31.40,31.63,31.30,31.39,14500
J37.SI,20110404,31.70,31.88,31.66,31.70,68500
J37.SI,20110403,30.67,31.29,30.66,31.29,69000
J37.SI,20110331,30.50,30.70,30.48,30.51,140500
J37.SI,20110330,30.29,30.29,30.03,30.20,267000
J37.SI,20110329,30.24,30.66,30.24,30.29,352500
J37.SI,20110328,30.92,31.00,30.63,30.67,281000
J37.SI,20110327,30.94,31.24,30.81,31.19,35500
J37.SI,20110324,30.85,31.37,30.50,31.20,54000
J37.SI,20110323,32.50,32.50,31.18,31.30,158500
J37.SI,20110322,32.41,32.64,32.10,32.34,49500
J37.SI,20110321,32.65,32.65,32.08,32.41,184500
J37.SI,20110320,32.40,32.57,31.81,32.00,165000
J37.SI,20110317,32.67,32.75,31.70,31.70,150500
J37.SI,20110316,32.63,32.67,32.60,32.63,116000
J37.SI,20110315,32.22,32.40,32.00,32.40,163000
J37.SI,20110314,32.00,32.19,31.62,32.00,272500
J37.SI,20110313,32.54,32.58,32.09,32.50,205500
J37.SI,20110310,31.60,32.29,31.05,32.21,328500
J37.SI,20110309,30.91,31.24,30.90,31.24,52000
J37.SI,20110308,31.08,31.13,30.75,30.85,70000
J37.SI,20110307,32.00,32.00,30.53,31.14,265000
J37.SI,20110306,30.85,31.25,30.75,31.00,87000
J37.SI,20110303,30.75,30.99,30.50,30.52,241500
J37.SI,20110302,30.98,30.98,30.28,30.28,38500
J37.SI,20110301,29.80,30.83,29.70,30.56,572500
J37.SI,20110228,29.55,29.70,29.50,29.63,139000
J37.SI,20110227,30.21,30.99,29.65,29.65,327500
J37.SI,20110224,31.45,31.45,29.67,30.21,265500
J37.SI,20110223,30.62,30.62,29.55,29.85,418000
J37.SI,20110222,31.75,31.75,30.76,30.76,189000
J37.SI,20110221,31.78,31.80,31.35,31.75,116000
J37.SI,20110220,31.01,31.52,30.90,31.40,40500
J37.SI,20110217,30.85,31.16,30.51,30.90,49500
J37.SI,20110216,31.46,31.46,30.50,30.85,139500
J37.SI,20110215,31.12,31.45,30.88,31.30,135000
J37.SI,20110214,30.82,31.06,30.40,30.72,97500
J37.SI,20110213,30.59,30.86,30.59,30.86,165500
J37.SI,20110210,31.20,31.20,30.48,30.66,117500
J37.SI,20110209,31.76,31.76,31.30,31.44,200000
J37.SI,20110208,31.85,31.85,31.70,31.85,95000
J37.SI,20110207,31.38,31.79,31.38,31.70,135000
J37.SI,20110206,31.43,31.75,31.38,31.38,120000
J37.SI,20110203,31.28,31.58,31.12,31.23,117000
J37.SI,20110202,31.35,31.50,31.21,31.21,266000
J37.SI,20110201,31.17,31.43,31.17,31.35,45500
J37.SI,20110131,30.90,31.26,30.37,31.16,316000
J37.SI,20110130,31.08,31.33,30.51,30.51,268500
J37.SI,20110127,31.37,31.50,30.94,31.26,112500
J37.SI,20110126,32.00,32.00,31.36,31.70,100000
J37.SI,20110125,30.91,31.20,30.88,31.15,223500
J37.SI,20110124,30.88,30.88,30.88,30.88,000
J37.SI,20110123,30.88,30.88,30.88,30.88,000
J37.SI,20110120,30.45,31.12,30.44,30.88,261500
J37.SI,20110119,30.00,30.82,30.00,30.60,137000
J37.SI,20110118,30.20,31.06,30.12,30.80,201000
J37.SI,20110117,30.00,30.50,30.00,30.40,119500
J37.SI,20110116,30.44,30.44,29.63,30.00,36500
J37.SI,20110113,29.85,30.00,29.51,29.82,71500
J37.SI,20110112,29.20,29.87,29.17,29.59,113000
J37.SI,20110111,29.29,29.75,28.83,29.37,117500
J37.SI,20110110,29.69,29.69,29.20,29.20,185500
J37.SI,20110109,30.00,30.50,29.60,29.68,156500
J37.SI,20110106,30.00,30.10,29.31,29.85,297000
J37.SI,20110105,28.05,30.25,28.05,29.68,253000
J37.SI,20110104,28.05,28.34,27.99,28.23,88000
J37.SI,20110103,27.51,27.93,27.50,27.83,74000
J37.SI,20110102,27.66,27.66,27.66,27.66,000
J37.SI,20101230,27.46,27.67,27.46,27.67,25000
J37.SI,20101229,27.10,27.68,27.10,27.67,70500
J37.SI,20101228,27.38,27.40,27.35,27.38,111500
J37.SI,20101227,27.50,27.70,27.40,27.40,39500
J37.SI,20101226,27.51,27.51,27.51,27.51,000
J37.SI,20101223,27.66,27.70,27.46,27.51,134500
J37.SI,20101222,28.07,28.13,27.58,27.86,239500
J37.SI,20101221,27.35,28.17,27.11,28.11,203500
J37.SI,20101220,27.05,27.13,26.60,26.72,150500
J37.SI,20101219,27.45,27.45,27.06,27.40,74000
J37.SI,20101216,27.30,27.70,27.18,27.50,598000
J37.SI,20101215,28.01,28.10,27.40,27.65,2020500
J37.SI,20101214,28.80,29.76,28.34,28.57,375000
J37.SI,20101213,29.22,29.30,28.52,29.10,179500
J37.SI,20101212,31.00,31.00,30.00,30.21,179500
J37.SI,20101209,30.19,30.40,29.61,30.28,437000
J37.SI,20101208,31.24,31.24,29.84,30.24,316500
J37.SI,20101207,29.70,31.24,29.55,30.63,250500
J37.SI,20101206,29.19,29.52,29.08,29.51,161000
J37.SI,20101205,29.37,29.38,28.55,29.06,393000
J37.SI,20101202,29.09,29.28,28.59,29.18,94000
J37.SI,20101201,29.83,30.66,29.22,29.33,452500
J37.SI,20101130,29.03,29.20,29.03,29.10,68500
J37.SI,20101129,29.34,29.36,28.88,29.03,140000
J37.SI,20101128,29.00,32.00,29.00,29.09,269000
J37.SI,20101125,29.66,29.70,28.63,28.63,98000
J37.SI,20101124,29.00,29.34,28.64,29.34,232500
J37.SI,20101123,29.49,29.50,28.92,29.00,144000
J37.SI,20101122,29.40,30.19,29.40,29.70,57500
J37.SI,20101121,29.78,29.78,29.17,29.50,38500
J37.SI,20101118,30.19,30.19,29.57,29.98,70500
J37.SI,20101117,30.87,30.87,30.21,30.60,52500
J37.SI,20101116,30.53,31.10,30.07,31.08,74000
J37.SI,20101115,30.06,30.63,30.06,30.15,108000
J37.SI,20101114,32.25,32.25,30.47,30.47,142500
J37.SI,20101111,32.05,32.50,31.52,31.80,69500
J37.SI,20101110,31.20,32.05,31.20,31.95,159000
J37.SI,20101109,32.30,33.02,32.30,33.02,234500
J37.SI,20101108,31.12,32.33,31.00,32.10,183000
J37.SI,20101104,30.16,31.70,30.13,31.40,177000
J37.SI,20101103,29.99,30.29,29.62,29.70,131500
J37.SI,20101102,29.64,30.15,29.12,30.15,214500
J37.SI,20101101,29.99,30.58,29.74,30.40,435000
J37.SI,20101031,28.92,29.64,28.92,29.45,163000
J37.SI,20101028,28.50,30.68,28.50,30.59,357000
J37.SI,20101027,27.91,28.41,27.66,28.00,258000
J37.SI,20101025,28.24,28.24,27.22,27.91,118000
J37.SI,20101024,28.30,28.50,28.30,28.39,110500
J37.SI,20101021,27.90,28.29,27.90,28.07,158000
J37.SI,20101020,27.94,27.94,27.50,27.87,261500
J37.SI,20101019,28.50,28.50,27.32,27.56,117500
J37.SI,20101018,28.49,28.49,27.99,28.07,173000
J37.SI,20101017,27.80,28.16,27.80,28.01,221500
J37.SI,20101014,27.15,27.99,27.15,27.95,61000
J37.SI,20101013,26.63,27.00,26.58,26.96,133000
J37.SI,20101012,26.63,26.95,26.60,26.81,207500
J37.SI,20101011,27.50,27.50,26.62,26.83,176000
J37.SI,20101010,26.14,26.55,26.09,26.32,273500
J37.SI,20101007,25.80,26.61,25.80,26.45,254500
J37.SI,20101006,24.54,25.40,24.31,25.40,56500
J37.SI,20101005,24.88,24.88,24.03,24.47,64000
J37.SI,20101004,24.30,24.88,23.70,24.88,489500
J37.SI,20101003,26.28,26.28,24.78,24.94,465000
J37.SI,20100930,26.45,26.45,25.44,26.31,152000
J37.SI,20100929,26.34,26.48,25.90,26.45,73500
J37.SI,20100928,26.13,26.50,26.13,26.25,129500
J37.SI,20100927,25.03,26.60,24.89,25.72,317000
J37.SI,20100926,25.30,25.31,25.00,25.03,726500
J37.SI,20100923,25.50,25.50,24.80,25.20,283000
J37.SI,20100922,27.60,27.74,26.50,26.50,320000
J37.SI,20100921,28.00,28.00,27.60,27.65,1375500
J37.SI,20100920,27.79,28.18,27.77,27.88,53000
J37.SI,20100919,27.91,28.05,27.60,27.80,354500
J37.SI,20100916,27.45,29.00,27.45,27.90,252000
J37.SI,20100915,27.78,28.00,27.62,27.62,293000
J37.SI,20100914,28.32,28.32,27.52,27.52,163500
J37.SI,20100913,28.60,28.88,28.39,28.50,69500
J37.SI,20100912,28.92,28.93,28.58,28.58,30500
J37.SI,20100909,29.44,29.89,29.40,29.40,78000
J37.SI,20100908,28.73,29.80,28.73,29.44,106000
J37.SI,20100907,28.61,29.17,28.59,28.61,160500
J37.SI,20100906,28.78,28.80,28.46,28.56,58000
J37.SI,20100905,30.25,30.26,28.98,29.17,63500
J37.SI,20100902,30.20,30.69,30.20,30.26,74500
J37.SI,20100901,31.26,31.26,30.52,30.99,146000
J37.SI,20100831,29.44,31.58,29.44,31.37,171500
J37.SI,20100829,29.00,30.00,29.00,29.48,19500
J37.SI,20100826,29.57,29.94,28.95,29.10,54000
J37.SI,20100825,29.12,30.80,29.01,29.60,107500
J37.SI,20100824,29.03,29.52,28.90,29.52,48000
J37.SI,20100823,28.80,29.30,28.80,29.05,125500
J37.SI,20100822,29.36,29.36,28.11,28.45,73000
J37.SI,20100819,29.40,29.40,28.50,29.11,185500
J37.SI,20100818,29.88,30.38,29.70,30.00,130000
J37.SI,20100817,29.60,29.82,29.33,29.82,103000
J37.SI,20100816,29.60,29.68,29.30,29.40,129000
J37.SI,20100815,29.10,29.20,28.56,29.07,62500
J37.SI,20100812,29.70,29.70,28.96,29.00,191500
J37.SI,20100811,30.00,30.00,29.30,29.80,310000
J37.SI,20100810,29.00,30.00,29.00,29.91,428000
J37.SI,20100808,30.15,30.17,28.10,29.60,408500
J37.SI,20100805,30.14,30.57,29.95,30.30,283000
J37.SI,20100804,31.62,31.64,30.67,30.86,50000
J37.SI,20100803,30.08,31.78,30.08,31.00,267000
J37.SI,20100802,31.90,31.90,31.24,31.49,184500
J37.SI,20100801,32.75,32.75,31.71,32.20,82500
J37.SI,20100729,32.70,32.81,32.22,32.58,154500
J37.SI,20100728,33.31,33.59,32.90,33.54,170500
J37.SI,20100727,34.22,34.22,33.34,33.53,93500
J37.SI,20100726,34.30,34.30,32.81,33.53,93500
J37.SI,20100725,33.25,33.25,33.00,33.25,257000
J37.SI,20100722,32.21,33.00,32.21,32.78,232000
J37.SI,20100721,32.63,32.79,31.56,32.46,190500
J37.SI,20100720,32.35,32.45,32.22,32.40,430500
J37.SI,20100719,31.60,32.35,31.22,32.23,445000
J37.SI,20100718,31.40,31.66,31.02,31.26,169000
J37.SI,20100715,30.50,31.34,30.50,31.20,120500
J37.SI,20100714,30.53,30.90,30.37,30.90,171500
J37.SI,20100713,30.22,30.30,29.97,30.30,246000
J37.SI,20100712,29.64,30.50,29.62,30.29,112500
J37.SI,20100711,31.26,31.26,30.20,30.21,380000
J37.SI,20100708,31.53,31.68,31.04,31.38,183000
J37.SI,20100707,31.55,31.60,31.10,31.40,134500
J37.SI,20100706,30.67,31.60,30.67,31.50,125000
J37.SI,20100705,30.83,31.20,30.74,30.88,27000
J37.SI,20100704,31.16,31.88,30.60,30.76,74000
J37.SI,20100701,31.98,32.02,31.08,31.08,141000
J37.SI,20100630,31.00,32.12,30.94,31.46,216500
J37.SI,20100629,30.20,30.80,30.20,30.78,213000
J37.SI,20100628,29.32,29.94,29.24,29.70,121000
J37.SI,20100627,29.40,29.82,29.28,29.82,342000
J37.SI,20100624,29.50,29.88,29.50,29.78,274500
J37.SI,20100623,29.98,30.34,29.50,29.94,324000
J37.SI,20100622,30.24,30.40,30.14,30.34,130500
J37.SI,20100621,29.98,30.38,29.92,30.12,368000
J37.SI,20100620,30.02,30.08,29.78,30.00,879500
J37.SI,20100617,30.12,30.30,29.76,30.02,224000
J37.SI,20100616,30.20,30.20,29.70,29.96,147000
J37.SI,20100615,29.66,30.28,29.24,30.18,255500
J37.SI,20100614,30.00,30.00,29.70,29.92,109500
J37.SI,20100613,29.70,29.92,29.54,29.90,195000
J37.SI,20100610,29.38,30.00,29.38,29.82,53500
J37.SI,20100609,30.06,30.14,29.90,30.00,49000
J37.SI,20100608,29.84,29.98,29.62,29.98,530500
J37.SI,20100607,29.68,29.96,29.52,29.96,80000
J37.SI,20100606,30.50,30.50,29.88,30.04,38500
J37.SI,20100603,30.30,30.50,30.16,30.36,272500
J37.SI,20100602,30.18,30.48,30.18,30.40,144000
J37.SI,20100601,29.48,30.46,29.44,30.40,263000
J37.SI,20100531,29.30,29.62,28.76,29.56,339500
J37.SI,20100530,29.10,29.60,29.10,29.56,290000
J37.SI,20100527,29.20,29.40,29.04,29.30,231000
J37.SI,20100526,29.10,29.80,29.10,29.42,207000
J37.SI,20100525,29.82,30.00,29.58,29.90,216500
J37.SI,20100524,29.74,29.90,29.00,29.86,250000
J37.SI,20100523,29.60,30.24,28.42,29.84,264000
J37.SI,20100520,29.80,30.02,29.66,30.00,296500
J37.SI,20100519,29.00,29.66,28.98,29.64,233000
J37.SI,20100518,29.38,29.40,28.32,28.78,145000
J37.SI,20100516,28.98,29.14,28.78,29.14,52000
J37.SI,20100513,29.68,29.68,29.14,29.20,66500
J37.SI,20100512,29.50,30.00,29.50,29.72,33000
J37.SI,20100511,29.24,29.90,29.24,29.68,333000
J37.SI,20100510,29.24,29.24,28.98,29.00,96500
J37.SI,20100509,29.00,29.38,28.84,29.38,259500
J37.SI,20100506,29.00,29.00,28.80,28.80,16500
J37.SI,20100505,28.98,28.98,28.54,28.98,10500
J37.SI,20100504,28.56,29.20,28.46,28.46,32000
J37.SI,20100503,28.50,29.14,28.50,28.96,127000
J37.SI,20100429,28.40,28.46,28.24,28.40,107000
J37.SI,20100428,28.00,28.50,27.82,28.30,226500
J37.SI,20100427,28.20,28.40,27.82,28.00,60000
J37.SI,20100426,28.50,28.50,28.06,28.34,155500
J37.SI,20100425,28.82,28.82,28.34,28.50,84000
J37.SI,20100421,28.30,28.48,28.24,28.24,214500
J37.SI,20100420,27.60,28.20,27.60,28.16,114000
J37.SI,20100419,27.54,27.54,27.32,27.50,33000
J37.SI,20100418,28.08,28.14,27.84,27.84,78500
J37.SI,20100415,27.62,28.02,27.62,27.74,182000
J37.SI,20100414,27.98,28.00,27.54,27.58,94500
J37.SI,20100413,27.40,28.18,27.38,27.98,107000
J37.SI,20100412,27.58,27.66,27.24,27.40,91500
J37.SI,20100411,28.00,28.10,28.00,28.10,187000
J37.SI,20100408,27.90,27.98,27.36,27.98,101000
J37.SI,20100407,27.96,28.24,27.78,27.90,1185000
J37.SI,20100406,27.76,27.76,27.48,27.72,84500
J37.SI,20100405,26.84,28.00,26.84,27.40,262000
J37.SI,20100404,26.62,26.72,26.54,26.66,138000
J37.SI,20100401,26.68,26.68,26.54,26.60,383500
J37.SI,20100331,26.36,26.78,26.36,26.68,264000
J37.SI,20100330,26.58,26.72,26.40,26.58,87500
J37.SI,20100329,26.70,26.70,26.44,26.48,16000
J37.SI,20100328,26.80,26.80,26.68,26.70,129000
J37.SI,20100325,26.90,26.90,26.50,26.76,62000
J37.SI,20100324,26.50,26.60,26.20,26.44,41500
J37.SI,20100323,26.62,26.80,26.14,26.48,78500
J37.SI,20100322,26.46,26.60,26.24,26.42,75500
J37.SI,20100321,26.20,26.30,25.86,26.26,121500
J37.SI,20100318,27.30,27.50,25.50,26.00,313500
J37.SI,20100317,26.98,27.38,26.96,27.24,204500
J37.SI,20100316,26.70,27.10,26.40,27.00,191000
J37.SI,20100315,26.98,27.86,26.48,26.56,163500
J37.SI,20100314,26.74,28.28,26.70,27.48,83500
J37.SI,20100311,28.00,28.18,27.16,27.84,208500
J37.SI,20100310,28.22,28.30,28.00,28.00,98000
J37.SI,20100309,29.00,29.04,28.02,28.02,75500
J37.SI,20100308,28.26,28.58,28.18,28.48,511500
J37.SI,20100307,28.40,28.40,28.00,28.26,53000
J37.SI,20100304,27.92,28.42,27.92,28.22,157500
J37.SI,20100303,27.74,27.94,27.74,27.82,60000
J37.SI,20100302,27.50,27.66,27.40,27.58,242500
J37.SI,20100301,27.44,27.70,27.42,27.56,335500
J37.SI,20100228,27.00,27.78,26.78,27.56,89500
J37.SI,20100225,27.48,27.48,26.88,26.90,109500
J37.SI,20100224,27.38,27.60,27.14,27.52,52000
J37.SI,20100223,28.10,28.38,27.50,27.50,109000
J37.SI,20100222,28.06,28.14,27.86,27.92,399000
J37.SI,20100221,27.86,28.24,27.82,28.24,506500
J37.SI,20100218,27.00,27.64,27.00,27.54,82500
J37.SI,20100217,26.70,26.82,26.60,26.82,167500
J37.SI,20100216,26.72,26.86,26.70,26.78,86500
J37.SI,20100215,26.98,27.00,26.70,26.72,88500
J37.SI,20100214,26.68,26.98,26.10,26.98,171500
J37.SI,20100211,27.40,27.40,26.78,26.86,244500
J37.SI,20100210,28.26,28.26,27.40,27.48,262000
J37.SI,20100209,28.38,28.38,28.14,28.26,164500
J37.SI,20100208,28.40,28.82,28.22,28.82,304000
J37.SI,20100207,29.00,29.04,28.02,28.40,382500
J37.SI,20100202,28.30,28.74,28.26,28.74,162000
J37.SI,20100201,28.18,28.38,28.18,28.24,128500
J37.SI,20100131,28.00,28.36,28.00,28.10,205500
J37.SI,20100128,27.60,28.68,27.56,28.64,181000
J37.SI,20100127,27.58,27.60,27.50,27.60,91500
J37.SI,20100126,27.52,27.52,27.24,27.40,65000
J37.SI,20100125,27.32,27.52,27.32,27.52,52000
J37.SI,20100124,27.34,27.46,27.12,27.12,131500
J37.SI,20100121,27.22,27.80,26.72,27.08,388000
J37.SI,20100120,28.00,28.00,27.50,27.50,142500
J37.SI,20100119,28.00,28.04,27.70,27.80,140500
J37.SI,20100118,28.46,28.48,27.60,27.90,193500
J37.SI,20100117,29.32,29.38,28.60,28.60,78000
J37.SI,20100114,28.08,28.48,27.80,28.46,141000
J37.SI,20100113,27.84,27.94,27.56,27.80,116000
J37.SI,20100112,27.20,27.60,27.20,27.42,143500
J37.SI,20100111,27.48,27.48,26.88,27.28,207500
J37.SI,20100110,28.18,28.20,27.34,27.54,122000
J37.SI,20100107,29.42,29.42,27.62,27.66,135500
J37.SI,20100106,28.80,28.84,28.66,28.66,85000
J37.SI,20100105,29.00,29.00,28.30,28.30,192000
J37.SI,20100104,28.12,28.94,28.12,28.94,20000
J37.SI,20100103,28.00,28.20,27.40,28.08,39500
