J36.SI,20120606,62.51,62.61,62.50,62.55,56400
J36.SI,20120604,65.10,65.47,64.15,64.38,257600
J36.SI,20120603,65.45,65.70,65.25,65.35,119600
J36.SI,20120531,65.89,66.43,65.60,65.70,403200
J36.SI,20120530,66.50,66.80,66.12,66.59,241200
J36.SI,20120529,65.72,66.90,65.68,66.31,234800
J36.SI,20120528,66.50,66.78,66.22,66.70,261600
J36.SI,20120527,66.15,66.50,66.05,66.40,332400
J36.SI,20120524,66.15,66.15,66.15,66.15,000
J36.SI,20120523,67.00,67.02,65.90,66.15,318800
J36.SI,20120522,67.19,67.19,66.01,66.04,173200
J36.SI,20120521,66.96,67.46,66.55,67.19,239200
J36.SI,20120520,67.63,68.47,66.27,66.30,319600
J36.SI,20120517,69.00,70.00,67.52,67.62,286400
J36.SI,20120516,67.00,69.78,66.66,68.94,250000
J36.SI,20120515,66.78,66.89,66.27,66.70,266400
J36.SI,20120514,68.10,68.16,66.50,66.75,109600
J36.SI,20120513,68.30,68.49,67.90,68.10,196400
J36.SI,20120510,68.10,68.55,68.10,68.30,160800
J36.SI,20120509,67.89,68.62,67.75,68.35,250800
J36.SI,20120508,66.00,67.49,65.99,67.49,242800
J36.SI,20120507,65.35,66.05,65.11,65.22,208000
J36.SI,20120506,66.00,67.06,65.23,65.30,164000
J36.SI,20120503,65.65,65.80,65.11,65.20,230400
J36.SI,20120502,65.18,65.50,65.00,64.93,270400
J36.SI,20120501,64.93,64.93,64.93,64.93,000
J36.SI,20120430,65.49,65.98,64.93,64.93,288800
J36.SI,20120429,65.76,66.05,65.26,65.49,124000
J36.SI,20120426,65.83,66.17,65.37,65.76,210800
J36.SI,20120425,66.18,66.57,65.51,65.52,288400
J36.SI,20120424,68.10,68.88,67.12,67.29,179600
J36.SI,20120423,66.34,68.00,65.96,68.00,180400
J36.SI,20120422,65.77,67.79,65.41,67.79,192000
J36.SI,20120419,64.80,65.47,64.80,65.00,79600
J36.SI,20120418,66.60,66.69,64.95,64.95,178000
J36.SI,20120417,67.20,67.30,66.02,66.50,160000
J36.SI,20120416,65.22,67.50,64.90,66.49,374000
J36.SI,20120415,65.02,66.60,65.00,65.98,122400
J36.SI,20120412,64.82,65.30,64.73,64.81,137200
J36.SI,20120411,64.67,65.60,64.66,65.05,282000
J36.SI,20120410,66.01,66.17,64.65,64.65,136400
J36.SI,20120409,67.00,67.00,65.18,65.39,159600
J36.SI,20120408,67.00,67.25,66.01,66.65,242800
J36.SI,20120405,66.00,66.88,65.91,66.88,312000
J36.SI,20120404,66.40,66.60,66.05,66.44,114400
J36.SI,20120403,65.84,66.60,65.76,65.76,136800
J36.SI,20120402,66.48,66.48,65.00,65.84,164800
J36.SI,20120401,66.40,66.50,65.80,66.48,122800
J36.SI,20120329,65.10,65.10,65.10,65.10,000
J36.SI,20120328,64.70,65.39,64.19,65.10,138400
J36.SI,20120327,63.98,64.68,63.85,64.18,216800
J36.SI,20120326,63.80,64.30,63.60,63.77,299200
J36.SI,20120325,64.00,64.50,63.64,63.77,75200
J36.SI,20120322,64.38,64.87,64.07,64.07,161600
J36.SI,20120321,64.12,65.80,64.00,64.50,169200
J36.SI,20120320,65.00,65.00,63.66,64.00,150800
J36.SI,20120319,64.63,66.50,64.34,64.73,330000
J36.SI,20120318,64.20,65.48,63.90,64.56,274800
J36.SI,20120315,63.39,65.10,63.11,64.50,728000
J36.SI,20120314,63.60,64.50,63.20,63.23,332800
J36.SI,20120313,65.24,66.00,63.74,64.50,408000
J36.SI,20120312,67.80,68.00,65.40,65.40,213600
J36.SI,20120311,67.00,67.15,66.78,67.07,333600
J36.SI,20120308,67.00,67.00,66.19,66.98,230400
J36.SI,20120307,65.00,67.50,64.70,66.58,685600
J36.SI,20120306,63.20,64.30,63.20,64.30,310800
J36.SI,20120305,63.89,63.89,62.80,62.80,314000
J36.SI,20120304,64.30,64.30,63.37,63.69,308000
J36.SI,20120301,64.37,65.53,64.02,65.51,271200
J36.SI,20120229,63.88,63.88,62.55,63.32,365200
J36.SI,20120228,64.25,64.25,63.24,64.13,165600
J36.SI,20120227,64.05,64.19,63.50,64.19,268800
J36.SI,20120226,64.79,64.79,63.72,63.75,212000
J36.SI,20120223,63.00,63.51,62.90,63.50,268000
J36.SI,20120222,63.38,63.38,62.43,62.60,346400
J36.SI,20120221,63.31,63.32,62.57,63.00,387600
J36.SI,20120220,63.98,64.00,62.90,63.20,440400
J36.SI,20120219,63.30,63.60,62.91,63.49,258000
J36.SI,20120216,63.15,63.20,62.71,62.88,378400
J36.SI,20120215,62.32,63.40,62.30,62.90,308800
J36.SI,20120214,62.05,62.55,61.95,62.50,446000
J36.SI,20120213,61.30,61.30,61.30,61.30,000
J36.SI,20120212,61.30,61.30,61.30,61.30,000
J36.SI,20120209,60.82,61.70,60.80,61.30,423200
J36.SI,20120208,61.80,61.83,60.18,60.62,568400
J36.SI,20120207,62.00,62.56,61.90,61.93,575600
J36.SI,20120206,62.50,63.00,61.57,61.57,419600
J36.SI,20120205,64.45,64.80,63.60,63.63,206400
J36.SI,20120202,64.82,65.00,63.96,64.41,282800
J36.SI,20120201,65.40,65.40,63.87,64.81,283600
J36.SI,20120131,65.00,65.00,63.81,64.70,321200
J36.SI,20120130,65.18,65.28,63.70,63.70,187200
J36.SI,20120129,66.09,66.25,64.14,65.00,253600
J36.SI,20120126,64.95,65.90,64.28,65.90,391600
J36.SI,20120125,64.05,64.32,63.75,64.00,336800
J36.SI,20120124,63.02,64.60,62.71,63.50,435600
J36.SI,20120123,62.65,63.70,62.43,63.50,297600
J36.SI,20120122,62.66,63.00,62.54,62.65,244000
J36.SI,20120119,60.85,62.40,59.91,62.00,411200
J36.SI,20120118,61.97,62.00,61.03,61.03,282400
J36.SI,20120117,62.00,62.14,61.50,61.91,310000
J36.SI,20120116,63.00,63.40,61.88,61.95,286400
J36.SI,20120115,62.00,63.06,61.78,62.80,346000
J36.SI,20120112,62.00,62.00,60.85,60.90,457600
J36.SI,20120111,63.66,64.24,61.68,62.19,451200
J36.SI,20120110,63.40,63.40,62.57,63.27,177600
J36.SI,20120109,64.94,64.95,64.00,64.00,126400
J36.SI,20120108,64.34,64.48,64.20,64.36,114400
J36.SI,20120105,63.50,64.45,63.25,63.50,92000
J36.SI,20120104,63.56,63.68,62.80,63.30,140400
J36.SI,20120103,62.31,63.55,62.30,62.32,119600
J36.SI,20120102,62.00,62.00,62.00,62.00,000
J36.SI,20120101,63.61,63.80,61.36,62.00,79200
J36.SI,20111229,64.82,64.82,63.60,63.60,52800
J36.SI,20111228,63.00,64.95,62.80,63.55,815600
J36.SI,20111227,63.10,63.63,62.90,63.00,110000
J36.SI,20111226,62.86,62.86,62.86,62.86,000
J36.SI,20111225,62.36,63.07,62.35,62.86,119600
J36.SI,20111222,60.70,61.80,60.70,61.75,162000
J36.SI,20111221,59.02,61.30,59.02,60.99,434000
J36.SI,20111220,62.60,62.60,59.39,59.81,228800
J36.SI,20111219,61.16,61.75,60.80,61.00,145200
J36.SI,20111218,62.04,62.25,61.60,61.80,156400
J36.SI,20111215,63.00,63.00,61.95,62.10,275600
J36.SI,20111214,61.26,62.50,61.18,62.00,312000
J36.SI,20111213,60.54,61.19,60.11,60.65,205600
J36.SI,20111212,60.01,60.83,60.01,60.52,398400
J36.SI,20111211,60.00,60.36,59.95,60.00,194000
J36.SI,20111208,59.69,59.77,58.44,59.12,286400
J36.SI,20111207,60.20,60.20,59.20,59.75,170400
J36.SI,20111206,60.10,60.37,59.82,60.00,279600
J36.SI,20111205,60.38,60.99,59.60,60.00,384400
J36.SI,20111204,60.99,61.10,60.06,60.97,363200
J36.SI,20111201,58.80,59.77,58.60,59.50,413200
J36.SI,20111130,57.66,58.12,57.66,58.00,225200
J36.SI,20111129,59.37,59.82,57.30,57.65,284800
J36.SI,20111128,59.80,59.90,59.26,59.37,240800
J36.SI,20111127,58.19,60.00,58.19,59.36,153200
J36.SI,20111124,58.20,58.50,57.23,57.99,254000
J36.SI,20111123,58.30,58.50,58.00,58.08,225600
J36.SI,20111122,58.33,58.33,57.94,58.30,120400
J36.SI,20111121,59.02,59.07,58.07,58.13,225600
J36.SI,20111120,58.98,58.98,58.60,58.82,329600
J36.SI,20111117,58.00,59.71,58.00,58.84,200400
J36.SI,20111116,58.43,58.59,57.75,58.58,107200
J36.SI,20111115,58.14,58.80,58.10,58.30,376000
J36.SI,20111114,58.94,58.94,58.94,58.94,000
J36.SI,20111113,59.50,59.60,58.93,58.94,126400
J36.SI,20111110,59.00,59.60,58.76,59.59,138400
J36.SI,20111109,59.32,59.99,59.00,59.10,151200
J36.SI,20111108,60.00,60.86,58.78,60.11,287200
J36.SI,20111107,60.00,60.20,59.27,59.80,252400
J36.SI,20111106,60.10,60.63,58.64,60.06,251600
J36.SI,20111103,61.31,61.36,61.01,61.01,127600
J36.SI,20111102,61.50,61.50,61.18,61.28,112400
J36.SI,20111101,62.30,62.30,61.05,61.60,172400
J36.SI,20111031,61.70,62.87,61.21,62.40,203200
J36.SI,20111030,61.71,61.71,60.15,61.04,153600
J36.SI,20111027,61.70,61.70,61.70,61.70,000
J36.SI,20111026,61.65,61.70,60.40,61.70,209200
J36.SI,20111025,61.50,62.01,60.91,61.70,203200
J36.SI,20111024,59.59,61.71,59.12,61.50,200800
J36.SI,20111023,58.80,59.59,58.76,59.40,129600
J36.SI,20111020,58.76,59.80,58.41,58.80,218000
J36.SI,20111019,57.70,59.08,57.70,58.92,168800
J36.SI,20111018,58.99,59.33,58.03,58.12,261600
J36.SI,20111017,60.11,60.21,58.74,59.03,269200
J36.SI,20111016,60.20,60.50,59.50,59.97,155600
J36.SI,20111013,60.00,61.60,59.50,61.18,234000
J36.SI,20111012,57.95,59.70,57.95,59.58,147600
J36.SI,20111011,58.04,58.95,57.60,57.60,188800
J36.SI,20111010,59.50,59.79,59.20,59.50,155600
J36.SI,20111009,62.20,62.20,59.80,60.21,163600
J36.SI,20111006,58.74,62.90,58.67,62.00,407600
J36.SI,20111005,59.95,60.20,58.90,59.54,455200
J36.SI,20111004,58.50,60.00,58.45,60.00,189600
J36.SI,20111003,56.26,58.25,56.20,58.25,128000
J36.SI,20111002,56.50,56.50,55.95,56.20,112800
J36.SI,20110929,57.11,57.43,56.50,56.90,315200
J36.SI,20110928,55.78,57.67,55.78,57.00,279200
J36.SI,20110927,55.70,55.98,55.49,55.75,191200
J36.SI,20110926,55.50,55.77,55.26,55.65,250400
J36.SI,20110925,55.40,57.02,55.11,56.80,213600
J36.SI,20110922,55.99,55.99,55.30,55.30,170000
J36.SI,20110921,55.75,55.80,55.30,55.58,170000
J36.SI,20110920,55.00,56.00,54.81,55.71,319600
J36.SI,20110919,54.81,54.88,54.60,54.72,317600
J36.SI,20110918,54.96,54.96,54.30,54.30,284800
J36.SI,20110915,53.79,54.55,53.48,54.50,260000
J36.SI,20110914,53.60,54.00,53.02,53.38,252000
J36.SI,20110913,54.20,54.41,53.80,53.80,265600
J36.SI,20110912,54.16,54.70,53.90,54.20,88000
J36.SI,20110911,54.00,54.40,53.80,53.80,206800
J36.SI,20110908,54.60,54.60,53.31,53.65,215200
J36.SI,20110907,54.41,54.60,53.87,54.29,93600
J36.SI,20110906,53.79,55.02,53.38,54.60,130400
J36.SI,20110905,53.93,55.00,53.93,54.19,171200
J36.SI,20110904,53.50,54.50,53.50,54.00,133600
J36.SI,20110901,53.68,53.82,53.30,53.82,239200
J36.SI,20110831,53.25,53.68,53.06,53.68,70400
J36.SI,20110830,54.19,54.23,53.50,53.50,92000
J36.SI,20110829,54.90,55.00,54.10,54.38,110800
J36.SI,20110828,54.04,55.40,54.04,54.90,61600
J36.SI,20110825,54.49,54.94,54.30,54.85,74000
J36.SI,20110824,53.48,54.59,53.48,54.57,145200
J36.SI,20110823,54.12,54.38,53.50,53.65,189200
J36.SI,20110822,53.40,54.22,53.40,54.10,164000
J36.SI,20110821,53.65,53.65,53.65,53.65,000
J36.SI,20110818,53.77,53.80,53.57,53.65,199600
J36.SI,20110817,53.50,54.56,53.30,53.87,126800
J36.SI,20110816,53.90,54.00,53.60,53.65,141600
J36.SI,20110815,53.80,54.25,53.60,54.08,260400
J36.SI,20110814,53.85,54.13,53.81,54.00,45600
J36.SI,20110811,53.70,54.36,53.50,54.25,133200
J36.SI,20110810,53.70,53.70,53.70,53.70,000
J36.SI,20110809,56.14,56.14,53.43,53.70,252000
J36.SI,20110808,56.00,56.60,56.00,56.38,256000
J36.SI,20110807,54.34,56.50,54.34,56.16,533200
J36.SI,20110804,52.00,53.40,52.00,53.40,152400
J36.SI,20110803,51.80,52.00,51.50,51.60,144400
J36.SI,20110802,52.00,52.29,51.00,51.74,351600
J36.SI,20110801,51.93,52.80,51.93,52.35,232800
J36.SI,20110731,52.27,53.00,52.01,52.35,122000
J36.SI,20110728,52.98,53.21,51.55,51.70,282800
J36.SI,20110727,51.55,53.55,51.55,52.99,230000
J36.SI,20110726,52.00,52.00,51.03,51.20,122800
J36.SI,20110725,51.60,52.26,51.51,51.70,166000
J36.SI,20110724,51.00,51.79,50.95,51.69,170800
J36.SI,20110721,52.20,52.45,50.70,51.32,312400
J36.SI,20110720,53.00,53.00,52.15,52.15,175600
J36.SI,20110719,52.81,53.05,52.61,53.00,99600
J36.SI,20110718,51.69,53.00,51.69,52.99,156800
J36.SI,20110717,52.50,52.51,51.50,52.08,102800
J36.SI,20110714,52.80,53.16,52.10,52.76,316000
J36.SI,20110713,53.09,54.50,52.46,53.88,283600
J36.SI,20110712,51.76,53.20,51.50,53.15,228000
J36.SI,20110711,50.60,51.84,50.60,51.76,100400
J36.SI,20110710,50.69,51.20,50.55,50.58,84400
J36.SI,20110707,51.00,52.20,50.82,51.00,224400
J36.SI,20110706,50.49,51.37,50.48,51.28,205600
J36.SI,20110705,50.50,50.99,50.10,50.60,149600
J36.SI,20110704,49.21,51.20,49.21,50.75,146400
J36.SI,20110703,48.87,50.35,48.87,50.35,224000
J36.SI,20110630,48.50,49.50,48.40,48.40,236800
J36.SI,20110629,48.35,48.79,48.35,48.38,154800
J36.SI,20110628,48.20,48.62,48.20,48.35,123200
J36.SI,20110627,48.50,48.65,48.21,48.46,105200
J36.SI,20110626,48.51,49.00,48.48,48.64,40800
J36.SI,20110623,47.71,49.79,47.70,49.79,73600
J36.SI,20110622,47.72,48.15,47.70,47.75,146800
J36.SI,20110621,48.55,48.76,48.10,48.10,116000
J36.SI,20110620,48.50,49.00,48.21,48.35,175200
J36.SI,20110619,49.00,49.10,48.34,48.34,59200
J36.SI,20110616,48.00,48.72,47.81,48.20,190800
J36.SI,20110615,48.00,48.15,47.70,48.00,245200
J36.SI,20110614,47.99,48.18,47.91,47.98,241200
J36.SI,20110613,49.10,49.90,48.91,48.91,189600
J36.SI,20110612,49.29,50.48,49.29,50.00,192000
J36.SI,20110609,48.79,50.00,48.40,48.44,101600
J36.SI,20110608,49.20,49.50,48.08,48.79,216800
J36.SI,20110607,48.17,49.50,47.80,48.85,174800
J36.SI,20110606,47.60,47.90,47.40,47.50,218000
J36.SI,20110605,47.50,47.70,47.45,47.45,200800
J36.SI,20110602,48.20,48.37,47.59,47.80,568000
J36.SI,20110601,49.25,49.43,48.22,48.40,294400
J36.SI,20110531,49.40,49.85,49.01,49.30,174400
J36.SI,20110530,49.80,50.00,49.09,49.53,283200
J36.SI,20110529,48.82,49.93,48.01,49.82,344800
J36.SI,20110526,49.59,50.04,48.83,49.08,198800
J36.SI,20110525,50.20,50.20,49.82,50.04,500400
J36.SI,20110524,49.90,50.30,49.80,50.06,317600
J36.SI,20110523,49.80,50.22,49.51,50.09,594800
J36.SI,20110522,49.30,49.88,49.25,49.88,315600
J36.SI,20110519,49.50,49.53,49.41,49.50,387600
J36.SI,20110518,49.89,50.00,49.70,49.70,212000
J36.SI,20110517,49.55,50.17,49.35,50.10,242800
J36.SI,20110516,49.40,50.02,48.85,50.00,1127600
J36.SI,20110515,48.42,49.71,48.00,49.66,122400
J36.SI,20110512,48.48,49.11,48.00,48.40,301600
J36.SI,20110511,48.50,49.00,47.57,48.48,327600
J36.SI,20110510,49.00,49.01,48.41,48.50,164400
J36.SI,20110509,49.20,49.46,49.00,49.00,176000
J36.SI,20110508,49.40,49.40,49.21,49.25,252400
J36.SI,20110505,50.00,50.00,49.60,49.75,80800
J36.SI,20110504,49.96,50.08,49.45,49.50,410400
J36.SI,20110503,50.25,50.25,49.98,50.21,206400
J36.SI,20110502,49.67,49.67,49.67,49.67,000
J36.SI,20110501,49.80,49.80,49.20,49.65,327600
J36.SI,20110428,49.95,50.00,49.75,49.75,600000
J36.SI,20110427,49.99,50.37,49.76,50.00,208000
J36.SI,20110426,49.91,50.05,49.80,49.80,244000
J36.SI,20110425,50.22,50.70,49.86,50.00,314400
J36.SI,20110424,50.35,50.60,49.78,49.96,221200
J36.SI,20110421,51.50,51.65,50.55,50.55,411200
J36.SI,20110420,51.99,51.99,51.60,51.69,43600
J36.SI,20110419,51.54,51.82,51.51,51.82,135200
J36.SI,20110418,52.00,52.09,51.51,51.51,138800
J36.SI,20110417,51.08,51.92,51.00,51.85,164400
J36.SI,20110414,51.87,52.50,51.87,52.12,101600
J36.SI,20110413,51.79,52.02,51.50,51.84,240800
J36.SI,20110412,51.86,51.86,51.10,51.12,326800
J36.SI,20110411,51.21,52.09,51.01,51.94,53200
J36.SI,20110410,51.13,51.52,50.75,51.00,85600
J36.SI,20110407,51.80,51.80,51.80,51.80,000
J36.SI,20110406,51.50,52.30,51.20,51.80,64800
J36.SI,20110405,51.58,51.83,50.81,51.50,123600
J36.SI,20110404,50.83,52.65,50.83,51.25,258400
J36.SI,20110403,49.99,50.84,49.98,50.41,250800
J36.SI,20110331,50.00,50.45,50.00,50.00,224800
J36.SI,20110330,49.80,49.99,49.59,49.70,250000
J36.SI,20110329,50.00,50.10,49.50,49.89,287200
J36.SI,20110328,50.18,50.18,49.31,49.97,811600
J36.SI,20110327,49.86,50.01,49.86,49.99,251200
J36.SI,20110324,49.50,50.10,49.50,49.84,276000
J36.SI,20110323,51.12,51.35,49.85,49.85,272400
J36.SI,20110322,51.60,51.98,51.21,51.31,125600
J36.SI,20110321,51.03,52.76,51.03,51.60,188800
J36.SI,20110320,52.00,52.00,50.29,50.77,188000
J36.SI,20110317,53.03,53.03,51.20,51.20,178800
J36.SI,20110316,53.00,53.20,52.90,52.95,141600
J36.SI,20110315,52.77,53.00,52.34,53.00,143600
J36.SI,20110314,51.00,53.00,51.00,52.96,153600
J36.SI,20110313,52.00,52.99,51.00,51.34,470000
J36.SI,20110310,51.03,52.15,51.03,51.87,220400
J36.SI,20110309,51.14,51.50,50.94,50.98,97200
J36.SI,20110308,50.03,50.88,50.03,50.43,217600
J36.SI,20110307,52.00,52.64,50.41,50.60,442800
J36.SI,20110306,50.92,52.24,50.89,51.90,248800
J36.SI,20110303,51.34,51.52,50.40,50.40,259200
J36.SI,20110302,51.40,51.80,50.52,50.52,138400
J36.SI,20110301,49.98,51.50,49.83,51.00,530000
J36.SI,20110228,48.48,49.20,48.48,49.00,828400
J36.SI,20110227,50.00,50.50,48.30,48.37,462800
J36.SI,20110224,48.60,49.70,48.60,49.50,660000
J36.SI,20110223,50.50,50.50,48.34,48.60,548000
J36.SI,20110222,52.20,52.40,50.69,50.69,223200
J36.SI,20110221,52.40,52.54,51.85,52.00,348800
J36.SI,20110220,52.39,52.65,51.82,52.40,395600
J36.SI,20110217,50.79,53.00,50.53,53.00,348400
J36.SI,20110216,51.36,51.60,50.50,50.53,262800
J36.SI,20110215,51.88,52.35,51.28,51.28,168000
J36.SI,20110214,51.20,51.88,51.00,51.88,158000
J36.SI,20110213,51.28,51.28,50.50,51.02,198800
J36.SI,20110210,52.69,52.82,50.96,51.50,233600
J36.SI,20110209,53.00,53.00,52.31,52.77,146000
J36.SI,20110208,53.85,53.92,53.05,53.22,300800
J36.SI,20110207,53.40,54.00,53.00,54.00,132000
J36.SI,20110206,53.50,53.70,53.20,53.67,226800
J36.SI,20110203,52.10,53.25,51.95,52.40,245600
J36.SI,20110202,52.11,52.99,52.08,52.30,169200
J36.SI,20110201,52.00,52.60,51.87,52.21,145200
J36.SI,20110131,51.55,52.14,51.01,51.80,271600
J36.SI,20110130,53.10,53.10,51.98,52.00,397600
J36.SI,20110127,52.89,53.38,51.80,52.78,127200
J36.SI,20110126,53.10,53.60,52.90,53.20,41200
J36.SI,20110125,51.97,52.99,51.95,52.99,136800
J36.SI,20110124,52.00,52.00,52.00,52.00,000
J36.SI,20110123,52.00,52.00,52.00,52.00,000
J36.SI,20110120,52.00,52.17,51.72,52.00,168400
J36.SI,20110119,52.00,52.11,51.98,52.00,626800
J36.SI,20110118,51.27,52.55,51.00,52.00,580400
J36.SI,20110117,49.90,51.49,49.78,51.27,247200
J36.SI,20110116,49.24,49.69,48.86,49.69,150400
J36.SI,20110113,49.20,49.44,49.14,49.38,414800
J36.SI,20110112,49.37,49.60,49.10,49.20,184400
J36.SI,20110111,48.68,49.40,48.43,49.27,324400
J36.SI,20110110,48.30,49.09,48.12,48.14,164400
J36.SI,20110109,49.00,49.80,48.22,48.22,156800
J36.SI,20110106,49.10,49.94,48.85,48.85,309600
J36.SI,20110105,47.75,50.70,47.75,49.27,302400
J36.SI,20110104,48.45,48.86,47.54,47.55,190400
J36.SI,20110103,47.24,47.42,46.93,47.28,37600
J36.SI,20110102,47.00,47.00,47.00,47.00,000
J36.SI,20101230,47.00,47.33,46.81,47.05,102800
J36.SI,20101229,47.48,47.90,47.30,47.85,66400
J36.SI,20101228,46.73,47.32,46.73,47.32,63200
J36.SI,20101227,47.31,47.50,46.70,47.00,70000
J36.SI,20101226,46.96,46.96,46.96,46.96,000
J36.SI,20101223,46.30,47.14,46.26,46.96,356000
J36.SI,20101222,46.30,47.27,46.30,47.14,235200
J36.SI,20101221,46.00,47.32,45.87,47.18,236000
J36.SI,20101220,45.60,45.60,44.70,45.14,223200
J36.SI,20101219,45.50,45.75,45.48,45.52,248000
J36.SI,20101216,46.08,46.90,45.51,46.09,184400
J36.SI,20101215,46.22,47.00,45.85,46.27,842800
J36.SI,20101214,47.70,47.70,46.72,46.93,279200
J36.SI,20101213,48.00,48.00,47.15,47.51,195600
J36.SI,20101212,48.74,49.98,48.71,48.97,147600
J36.SI,20101209,49.21,51.00,48.57,48.91,244800
J36.SI,20101208,49.87,50.40,49.38,50.00,206400
J36.SI,20101207,48.50,50.89,48.43,49.85,278400
J36.SI,20101206,48.39,48.80,48.10,48.10,341200
J36.SI,20101205,48.30,48.48,47.70,48.19,244800
J36.SI,20101202,49.32,49.39,48.36,48.50,686800
J36.SI,20101201,50.89,50.89,49.74,49.74,346000
J36.SI,20101130,48.20,49.88,48.20,49.48,172400
J36.SI,20101129,49.99,49.99,49.29,49.55,75600
J36.SI,20101128,48.81,49.99,48.81,49.57,198800
J36.SI,20101125,49.00,49.50,48.25,48.96,114800
J36.SI,20101124,48.01,49.27,48.01,49.15,112800
J36.SI,20101123,50.26,50.26,48.61,48.98,117200
J36.SI,20101122,49.70,50.35,49.38,50.35,192800
J36.SI,20101121,48.73,49.90,48.50,49.68,49200
J36.SI,20101118,50.40,50.40,49.39,49.70,94800
J36.SI,20101117,51.00,51.00,50.20,50.87,58800
J36.SI,20101116,51.60,51.60,50.05,50.89,150800
J36.SI,20101115,50.51,51.50,50.51,51.00,106400
J36.SI,20101114,53.00,53.00,50.31,50.50,241600
J36.SI,20101111,53.15,53.21,52.20,52.89,188000
J36.SI,20101110,51.20,52.85,51.20,52.85,311600
J36.SI,20101109,53.56,53.58,53.00,53.47,264800
J36.SI,20101108,52.90,54.58,52.88,53.75,180000
J36.SI,20101104,51.20,53.50,51.20,51.61,230800
J36.SI,20101103,50.60,50.68,49.71,50.18,122000
J36.SI,20101102,49.80,50.82,49.66,50.42,154000
J36.SI,20101101,50.22,52.02,49.66,49.66,250000
J36.SI,20101031,51.60,51.80,50.78,50.78,114400
J36.SI,20101028,49.50,53.79,49.50,52.32,254800
J36.SI,20101027,48.75,49.88,48.47,49.02,416000
J36.SI,20101025,49.20,49.49,48.40,49.00,260400
J36.SI,20101024,50.70,51.50,49.76,50.50,133600
J36.SI,20101021,50.02,50.70,49.40,49.76,158400
J36.SI,20101020,49.48,50.05,48.90,49.95,298000
J36.SI,20101019,49.54,50.18,48.92,49.01,193600
J36.SI,20101018,51.40,51.54,50.70,50.80,171600
J36.SI,20101017,50.95,51.39,50.40,51.20,167200
J36.SI,20101014,48.85,50.22,48.81,50.10,129200
J36.SI,20101013,47.57,48.94,47.57,48.60,174800
J36.SI,20101012,47.10,48.71,47.10,47.50,343600
J36.SI,20101011,47.37,48.40,47.10,47.10,395600
J36.SI,20101010,47.60,47.72,45.63,47.37,108000
J36.SI,20101007,46.88,47.20,46.00,47.12,155600
J36.SI,20101006,44.00,47.00,44.00,45.48,87600
J36.SI,20101005,42.50,44.20,42.06,44.00,124800
J36.SI,20101004,43.00,43.20,42.62,42.92,168000
J36.SI,20101003,45.62,45.62,43.30,44.10,350800
J36.SI,20100930,46.78,46.78,45.87,45.90,162800
J36.SI,20100929,47.00,47.14,46.71,46.95,247200
J36.SI,20100928,47.38,47.45,46.36,47.28,109600
J36.SI,20100927,45.51,46.98,45.00,46.98,206800
J36.SI,20100926,45.62,45.86,44.96,45.20,334800
J36.SI,20100923,45.00,45.75,43.71,45.59,375200
J36.SI,20100922,49.75,49.75,47.30,47.76,191200
J36.SI,20100921,50.10,50.60,49.75,49.75,139600
J36.SI,20100920,49.80,50.10,49.72,49.76,123200
J36.SI,20100919,50.30,50.48,49.89,50.40,126400
J36.SI,20100916,49.91,50.44,49.90,50.26,87200
J36.SI,20100915,49.70,50.00,49.43,49.90,295200
J36.SI,20100914,49.56,49.69,49.21,49.21,103200
J36.SI,20100913,50.58,50.59,49.58,49.75,100000
J36.SI,20100912,50.64,50.90,50.64,50.78,68800
J36.SI,20100909,53.30,53.30,52.50,52.80,100800
J36.SI,20100908,51.50,53.08,51.50,52.82,107600
J36.SI,20100907,50.60,52.00,50.41,51.00,189200
J36.SI,20100906,50.56,50.85,49.70,50.71,137200
J36.SI,20100905,52.79,52.80,51.22,51.76,170800
J36.SI,20100902,54.00,54.03,53.28,54.00,193600
J36.SI,20100901,54.21,54.47,53.30,54.18,143600
J36.SI,20100831,52.60,55.60,52.31,55.40,247200
J36.SI,20100829,51.10,52.42,51.05,52.33,94000
J36.SI,20100826,51.50,51.88,50.10,51.30,220400
J36.SI,20100825,50.20,53.83,50.12,52.15,238000
J36.SI,20100824,49.55,50.66,49.55,50.00,208000
J36.SI,20100823,48.94,49.70,48.68,49.41,221200
J36.SI,20100822,49.00,49.00,48.16,48.60,198400
J36.SI,20100819,48.50,49.99,48.40,49.00,321200
J36.SI,20100818,50.72,51.98,50.72,51.28,114400
J36.SI,20100817,50.00,51.08,50.00,51.00,232000
J36.SI,20100816,51.00,51.84,50.85,51.60,85600
J36.SI,20100815,51.10,51.80,50.50,50.50,46400
J36.SI,20100812,52.05,52.42,51.20,51.39,118400
J36.SI,20100811,52.60,52.60,51.00,51.40,146800
J36.SI,20100810,51.25,52.80,50.44,52.70,368800
J36.SI,20100808,51.30,52.27,48.40,51.30,360800
J36.SI,20100805,50.51,52.50,50.51,52.00,188000
J36.SI,20100804,53.60,54.06,53.50,53.54,256800
J36.SI,20100803,53.10,54.83,53.10,54.00,200000
J36.SI,20100802,56.02,56.02,54.73,55.00,276000
J36.SI,20100801,56.94,56.94,54.95,56.25,312800
J36.SI,20100729,58.20,58.53,57.01,57.37,102000
J36.SI,20100728,56.54,58.90,56.54,58.90,188400
J36.SI,20100727,58.00,58.01,57.39,57.50,233600
J36.SI,20100726,57.40,58.40,57.40,57.93,147200
J36.SI,20100725,58.05,58.05,57.23,57.99,264800
J36.SI,20100722,55.42,58.52,55.42,58.52,150000
J36.SI,20100721,55.59,55.90,54.72,55.50,294800
J36.SI,20100720,55.95,56.07,54.30,56.00,286000
J36.SI,20100719,54.56,56.00,54.56,55.80,228800
J36.SI,20100718,54.59,55.10,54.50,54.94,264400
J36.SI,20100715,54.50,55.10,54.37,54.72,115600
J36.SI,20100714,54.57,55.50,53.90,55.00,124000
J36.SI,20100713,53.64,53.86,52.88,53.54,274400
J36.SI,20100712,53.98,54.40,53.50,54.00,412400
J36.SI,20100711,55.00,55.29,54.20,54.46,228000
J36.SI,20100708,55.32,56.50,55.32,56.50,144800
J36.SI,20100707,55.05,55.58,55.05,55.20,187200
J36.SI,20100706,55.00,56.20,54.84,55.76,190000
J36.SI,20100705,55.17,55.17,54.30,54.92,168400
J36.SI,20100704,56.07,56.94,54.12,55.10,148000
J36.SI,20100701,56.80,56.90,55.00,55.94,278400
J36.SI,20100630,54.90,57.14,54.70,57.14,301200
J36.SI,20100629,53.60,55.10,53.60,55.08,87600
J36.SI,20100628,53.20,54.00,53.20,54.00,128400
J36.SI,20100627,53.68,54.18,53.62,54.00,376000
J36.SI,20100624,54.78,54.78,54.18,54.34,213200
J36.SI,20100623,54.00,54.80,53.74,54.40,397600
J36.SI,20100622,54.84,55.20,54.28,55.20,271200
J36.SI,20100621,53.94,54.70,53.30,54.56,240400
J36.SI,20100620,52.66,53.26,52.66,53.20,592400
J36.SI,20100617,51.68,52.90,51.68,52.70,792800
J36.SI,20100616,51.26,51.76,51.20,51.74,374800
J36.SI,20100615,51.30,52.10,51.00,51.84,197600
J36.SI,20100614,51.50,51.60,51.42,51.48,219600
J36.SI,20100613,51.80,51.80,51.30,51.42,177600
J36.SI,20100610,51.80,51.90,51.50,51.70,187200
J36.SI,20100609,51.96,52.20,51.80,51.96,476000
J36.SI,20100608,52.10,52.42,51.84,52.00,690800
J36.SI,20100607,52.64,53.18,52.00,52.80,188800
J36.SI,20100606,53.20,53.94,52.96,53.40,139600
J36.SI,20100603,53.64,54.00,53.00,53.40,174000
J36.SI,20100602,53.00,54.68,53.00,54.28,153200
J36.SI,20100601,52.40,54.10,52.20,54.00,244400
J36.SI,20100531,52.40,52.88,51.80,52.86,266400
J36.SI,20100530,51.12,52.30,51.00,52.20,287600
J36.SI,20100527,51.18,51.20,50.20,50.90,352800
J36.SI,20100526,51.42,51.42,51.00,51.20,180800
J36.SI,20100525,50.90,51.60,50.90,51.36,325600
J36.SI,20100524,51.00,51.36,49.80,51.20,507600
J36.SI,20100523,52.28,52.28,51.00,51.32,195200
J36.SI,20100520,50.58,51.30,50.00,51.06,215600
J36.SI,20100519,48.62,50.86,48.62,50.56,240800
J36.SI,20100518,49.00,49.26,47.08,48.62,138800
J36.SI,20100516,49.56,49.56,48.46,49.00,200000
J36.SI,20100513,50.54,50.54,47.40,49.50,251200
J36.SI,20100512,50.94,51.46,50.70,50.74,137600
J36.SI,20100511,49.60,51.20,49.54,51.00,362400
J36.SI,20100510,49.50,49.60,49.20,49.40,141600
J36.SI,20100509,48.00,49.60,48.00,49.50,359200
J36.SI,20100506,48.00,48.02,47.86,47.92,267600
J36.SI,20100505,48.06,48.12,47.52,48.10,309600
J36.SI,20100504,49.00,49.36,47.46,47.88,144400
J36.SI,20100503,48.20,49.20,48.20,48.92,106800
J36.SI,20100429,47.34,47.96,47.00,47.84,79200
J36.SI,20100428,46.46,47.96,45.82,47.00,384400
J36.SI,20100427,47.42,47.42,46.66,46.80,116000
J36.SI,20100426,48.00,48.00,47.02,47.20,131600
J36.SI,20100425,48.50,48.50,47.40,48.00,103600
J36.SI,20100421,47.50,48.04,47.40,47.82,259600
J36.SI,20100420,45.88,47.22,45.70,47.06,151200
J36.SI,20100419,45.32,45.90,45.32,45.90,132800
J36.SI,20100418,46.00,46.66,46.00,46.54,257200
J36.SI,20100415,45.16,45.90,45.16,45.80,83600
J36.SI,20100414,46.48,46.48,45.34,45.40,209200
J36.SI,20100413,45.36,46.18,44.96,46.16,169600
J36.SI,20100412,45.80,46.00,45.42,45.60,73600
J36.SI,20100411,45.88,46.02,45.70,45.80,239600
J36.SI,20100408,46.00,46.08,45.16,45.80,158800
J36.SI,20100407,46.16,46.40,46.16,46.30,307600
J36.SI,20100406,46.62,47.08,45.92,46.20,266800
J36.SI,20100405,44.66,46.56,44.66,45.90,496000
J36.SI,20100404,44.46,44.60,44.10,44.52,163200
J36.SI,20100401,44.10,44.14,43.62,43.96,130000
J36.SI,20100331,44.30,44.74,43.92,44.54,293200
J36.SI,20100330,43.66,43.98,43.62,43.86,83200
J36.SI,20100329,43.62,43.94,43.54,43.60,100400
J36.SI,20100328,44.00,44.20,43.42,43.90,352800
J36.SI,20100325,44.18,44.32,43.90,44.14,192400
J36.SI,20100324,43.58,44.28,43.58,44.12,141600
J36.SI,20100323,44.54,44.96,43.52,43.56,174000
J36.SI,20100322,44.18,44.18,43.48,43.98,114000
J36.SI,20100321,44.16,44.20,42.80,43.80,216000
J36.SI,20100318,45.90,46.50,43.00,43.60,456400
J36.SI,20100317,45.46,46.22,45.44,46.00,248400
J36.SI,20100316,44.16,45.46,44.16,45.20,125600
J36.SI,20100315,46.50,46.50,45.00,45.00,400000
J36.SI,20100314,46.72,46.74,45.92,45.92,202400
J36.SI,20100311,46.66,46.88,45.90,46.88,274000
J36.SI,20100310,46.30,46.90,46.30,46.80,102000
J36.SI,20100309,46.70,47.26,46.70,46.82,169600
J36.SI,20100308,46.86,47.30,46.70,46.70,260400
J36.SI,20100307,47.00,47.20,46.82,47.00,122800
J36.SI,20100304,47.98,48.18,47.90,48.00,208400
J36.SI,20100303,47.00,47.46,47.00,47.30,85600
J36.SI,20100302,46.82,46.94,46.58,46.92,339200
J36.SI,20100301,46.46,47.00,46.38,46.82,388800
J36.SI,20100228,45.06,46.26,45.00,46.20,224800
J36.SI,20100225,45.00,45.20,44.80,45.04,52000
J36.SI,20100224,45.80,45.88,44.98,45.02,105600
J36.SI,20100223,45.92,45.96,45.04,45.04,299200
J36.SI,20100222,45.80,45.90,45.18,45.86,698800
J36.SI,20100221,45.88,46.90,45.22,45.80,562800
J36.SI,20100218,45.00,45.80,44.90,45.38,497600
J36.SI,20100217,45.26,45.28,44.84,44.84,170000
J36.SI,20100216,45.00,45.04,44.82,44.82,307600
J36.SI,20100215,45.04,45.10,44.06,44.66,158400
J36.SI,20100214,45.00,45.06,44.80,44.80,130800
J36.SI,20100211,44.22,45.02,44.22,44.98,160000
J36.SI,20100210,46.04,46.08,45.40,45.66,394400
J36.SI,20100209,46.34,46.40,46.00,46.32,103200
J36.SI,20100208,46.50,46.68,46.28,46.34,67600
J36.SI,20100207,47.00,47.10,45.80,45.80,246000
J36.SI,20100202,46.92,47.00,46.72,47.00,66400
J36.SI,20100201,46.98,47.28,46.78,46.94,132400
J36.SI,20100131,46.84,47.06,46.20,46.62,252800
J36.SI,20100128,45.50,47.00,45.32,47.00,142000
J36.SI,20100127,45.00,45.54,44.50,45.40,120800
J36.SI,20100126,45.00,45.16,45.00,45.00,970000
J36.SI,20100125,45.10,45.76,44.90,45.00,180400
J36.SI,20100124,44.62,45.20,44.60,45.06,81600
J36.SI,20100121,45.50,45.68,44.20,44.20,196400
J36.SI,20100120,45.46,46.20,45.10,45.50,210800
J36.SI,20100119,45.74,46.00,45.00,45.00,174800
J36.SI,20100118,46.74,46.74,45.58,45.78,85600
J36.SI,20100117,46.78,46.90,46.60,46.76,250000
J36.SI,20100114,45.10,46.40,44.78,46.40,324000
J36.SI,20100113,45.00,45.16,45.00,45.10,246400
J36.SI,20100112,45.30,45.34,45.00,45.00,128800
J36.SI,20100111,45.24,45.34,44.98,45.10,260000
J36.SI,20100110,45.96,45.96,44.96,45.10,400000
J36.SI,20100107,47.40,47.40,45.00,45.00,352000
J36.SI,20100106,47.50,47.60,47.46,47.50,1181200
J36.SI,20100105,47.56,48.00,47.24,47.50,2208000
J36.SI,20100104,46.00,47.82,46.00,47.50,84400
J36.SI,20100103,44.68,46.20,44.50,46.20,129600
