K01.SI,20120604,0.17,0.17,0.17,0.17,1021000
K01.SI,20120603,0.17,0.17,0.17,0.17,1476000
K01.SI,20120531,0.17,0.17,0.17,0.17,1558000
K01.SI,20120530,0.17,0.17,0.16,0.17,2044000
K01.SI,20120529,0.17,0.17,0.17,0.17,1546000
K01.SI,20120528,0.17,0.17,0.17,0.17,1958000
K01.SI,20120527,0.17,0.17,0.17,0.17,1482000
K01.SI,20120524,0.17,0.17,0.17,0.17,000
K01.SI,20120523,0.17,0.17,0.17,0.17,5102000
K01.SI,20120522,0.17,0.17,0.17,0.17,8104000
K01.SI,20120521,0.17,0.17,0.17,0.17,2011000
K01.SI,20120520,0.17,0.17,0.16,0.17,986000
K01.SI,20120517,0.17,0.17,0.16,0.17,3509000
K01.SI,20120516,0.17,0.17,0.16,0.17,1931000
K01.SI,20120515,0.17,0.17,0.17,0.17,1063000
K01.SI,20120514,0.17,0.17,0.16,0.17,2647000
K01.SI,20120513,0.17,0.17,0.17,0.17,2708000
K01.SI,20120510,0.17,0.17,0.17,0.17,1695000
K01.SI,20120509,0.16,0.17,0.16,0.17,12598000
K01.SI,20120508,0.16,0.16,0.16,0.16,1122000
K01.SI,20120507,0.16,0.16,0.16,0.16,452000
K01.SI,20120506,0.16,0.16,0.16,0.16,459000
K01.SI,20120503,0.16,0.16,0.16,0.16,593000
K01.SI,20120502,0.16,0.16,0.16,0.16,582000
K01.SI,20120501,0.16,0.16,0.16,0.16,000
K01.SI,20120430,0.16,0.16,0.16,0.16,774000
K01.SI,20120429,0.16,0.16,0.16,0.16,1942000
K01.SI,20120426,0.16,0.16,0.16,0.16,1170000
K01.SI,20120425,0.16,0.16,0.16,0.16,838000
K01.SI,20120424,0.16,0.16,0.16,0.16,1324000
K01.SI,20120423,0.16,0.16,0.16,0.16,1587000
K01.SI,20120422,0.16,0.16,0.16,0.16,1745000
K01.SI,20120419,0.16,0.16,0.16,0.16,2903000
K01.SI,20120418,0.16,0.16,0.16,0.16,3073000
K01.SI,20120417,0.16,0.16,0.16,0.16,761000
K01.SI,20120416,0.16,0.16,0.16,0.16,818000
K01.SI,20120415,0.16,0.16,0.16,0.16,2714000
K01.SI,20120412,0.16,0.16,0.16,0.16,1188000
K01.SI,20120411,0.16,0.16,0.16,0.16,1328000
K01.SI,20120410,0.16,0.16,0.16,0.16,1239000
K01.SI,20120409,0.16,0.16,0.16,0.16,1648000
K01.SI,20120408,0.16,0.16,0.16,0.16,616000
K01.SI,20120405,0.16,0.16,0.16,0.16,750000
K01.SI,20120404,0.16,0.16,0.16,0.16,1126000
K01.SI,20120403,0.16,0.16,0.16,0.16,976000
K01.SI,20120402,0.16,0.16,0.16,0.16,1463000
K01.SI,20120401,0.16,0.16,0.16,0.16,2184000
K01.SI,20120329,0.16,0.16,0.16,0.16,000
K01.SI,20120328,0.16,0.16,0.16,0.16,836000
K01.SI,20120327,0.16,0.16,0.16,0.16,2411000
K01.SI,20120326,0.16,0.16,0.16,0.16,3095000
K01.SI,20120325,0.16,0.17,0.16,0.16,6141000
K01.SI,20120322,0.16,0.16,0.16,0.16,3198000
K01.SI,20120321,0.16,0.16,0.16,0.16,1196000
K01.SI,20120320,0.17,0.17,0.16,0.16,3146000
K01.SI,20120319,0.17,0.18,0.17,0.18,8023000
K01.SI,20120318,0.18,0.18,0.17,0.17,4461000
K01.SI,20120315,0.18,0.18,0.17,0.18,2595000
K01.SI,20120314,0.17,0.18,0.17,0.18,4569000
K01.SI,20120313,0.17,0.17,0.17,0.17,1232000
K01.SI,20120312,0.17,0.18,0.17,0.17,1867000
K01.SI,20120311,0.17,0.17,0.17,0.17,2122000
K01.SI,20120308,0.17,0.17,0.17,0.17,1910000
K01.SI,20120307,0.17,0.17,0.17,0.17,1629000
K01.SI,20120306,0.18,0.18,0.17,0.17,2773000
K01.SI,20120305,0.17,0.17,0.17,0.17,1965000
K01.SI,20120304,0.18,0.18,0.17,0.17,4714000
K01.SI,20120301,0.18,0.18,0.17,0.18,7151000
K01.SI,20120229,0.18,0.18,0.18,0.18,7296000
K01.SI,20120228,0.18,0.18,0.18,0.18,6646000
K01.SI,20120227,0.17,0.18,0.17,0.18,20604000
K01.SI,20120226,0.18,0.18,0.17,0.17,8429000
K01.SI,20120223,0.17,0.18,0.17,0.17,7867000
K01.SI,20120222,0.17,0.17,0.17,0.17,12260000
K01.SI,20120221,0.17,0.18,0.17,0.17,42015000
K01.SI,20120220,0.17,0.17,0.17,0.17,7850000
K01.SI,20120219,0.17,0.18,0.17,0.17,51119000
K01.SI,20120216,0.16,0.17,0.16,0.17,72362000
K01.SI,20120215,0.16,0.16,0.16,0.16,12902000
K01.SI,20120214,0.16,0.16,0.16,0.16,12299000
K01.SI,20120213,0.16,0.16,0.16,0.16,000
K01.SI,20120212,0.16,0.16,0.16,0.16,000
K01.SI,20120209,0.16,0.16,0.16,0.16,8903000
K01.SI,20120208,0.16,0.16,0.16,0.16,12096000
K01.SI,20120207,0.16,0.17,0.16,0.16,23149000
K01.SI,20120206,0.16,0.16,0.16,0.16,5862000
K01.SI,20120205,0.16,0.17,0.16,0.16,4151000
K01.SI,20120202,0.17,0.17,0.16,0.16,19694000
K01.SI,20120201,0.15,0.17,0.15,0.17,154931000
K01.SI,20120131,0.15,0.15,0.15,0.15,3097000
K01.SI,20120130,0.16,0.16,0.15,0.15,1524000
K01.SI,20120129,0.15,0.16,0.15,0.16,6211000
K01.SI,20120126,0.15,0.15,0.15,0.15,1159000
K01.SI,20120125,0.15,0.16,0.15,0.15,2750000
K01.SI,20120124,0.15,0.15,0.15,0.15,3338000
K01.SI,20120123,0.15,0.15,0.15,0.15,860000
K01.SI,20120122,0.15,0.16,0.15,0.15,2094000
K01.SI,20120119,0.15,0.15,0.15,0.15,1205000
K01.SI,20120118,0.16,0.16,0.15,0.16,3384000
K01.SI,20120117,0.15,0.16,0.15,0.16,2798000
K01.SI,20120116,0.16,0.16,0.15,0.15,5089000
K01.SI,20120115,0.16,0.16,0.16,0.16,1850000
K01.SI,20120112,0.16,0.16,0.16,0.16,4417000
K01.SI,20120111,0.16,0.16,0.16,0.16,7411000
K01.SI,20120110,0.16,0.16,0.15,0.16,7406000
K01.SI,20120109,0.16,0.16,0.15,0.16,5042000
K01.SI,20120108,0.16,0.16,0.16,0.16,8693000
K01.SI,20120105,0.15,0.16,0.15,0.16,9092000
K01.SI,20120104,0.15,0.16,0.15,0.15,14298000
K01.SI,20120103,0.15,0.15,0.15,0.15,7338000
K01.SI,20120102,0.15,0.15,0.15,0.15,000
K01.SI,20120101,0.15,0.15,0.15,0.15,8023000
K01.SI,20111229,0.16,0.16,0.15,0.15,12253000
K01.SI,20111228,0.14,0.16,0.14,0.15,45299000
K01.SI,20111227,0.13,0.14,0.13,0.14,10718000
K01.SI,20111226,0.13,0.13,0.13,0.13,000
K01.SI,20111225,0.12,0.13,0.12,0.13,91000
K01.SI,20111222,0.13,0.13,0.13,0.13,395000
K01.SI,20111221,0.13,0.13,0.13,0.13,792000
K01.SI,20111220,0.13,0.13,0.13,0.13,1861000
K01.SI,20111219,0.12,0.13,0.12,0.13,1074000
K01.SI,20111218,0.12,0.13,0.12,0.12,1258000
K01.SI,20111215,0.12,0.13,0.12,0.13,904000
K01.SI,20111214,0.12,0.13,0.12,0.12,1348000
K01.SI,20111213,0.12,0.13,0.12,0.13,1109000
K01.SI,20111212,0.12,0.13,0.12,0.12,872000
K01.SI,20111211,0.12,0.13,0.12,0.13,2846000
K01.SI,20111208,0.12,0.13,0.12,0.12,1856000
K01.SI,20111207,0.12,0.13,0.12,0.13,2403000
K01.SI,20111206,0.12,0.12,0.12,0.12,213000
K01.SI,20111205,0.12,0.12,0.12,0.12,27000
K01.SI,20111204,0.12,0.12,0.12,0.12,95000
K01.SI,20111201,0.12,0.12,0.12,0.12,484000
K01.SI,20111130,0.12,0.12,0.12,0.12,255000
K01.SI,20111129,0.12,0.12,0.12,0.12,85000
K01.SI,20111128,0.12,0.12,0.12,0.12,87000
K01.SI,20111127,0.12,0.12,0.12,0.12,174000
K01.SI,20111124,0.12,0.12,0.12,0.12,70000
K01.SI,20111123,0.12,0.12,0.12,0.12,412000
K01.SI,20111122,0.12,0.12,0.12,0.12,96000
K01.SI,20111121,0.12,0.12,0.12,0.12,180000
K01.SI,20111120,0.12,0.12,0.12,0.12,000
K01.SI,20111117,0.12,0.12,0.12,0.12,140000
K01.SI,20111116,0.12,0.12,0.12,0.12,600000
K01.SI,20111115,0.12,0.12,0.12,0.12,1457000
K01.SI,20111114,0.12,0.12,0.12,0.12,000
K01.SI,20111113,0.12,0.12,0.12,0.12,846000
K01.SI,20111110,0.12,0.12,0.12,0.12,795000
K01.SI,20111109,0.12,0.12,0.12,0.12,284000
K01.SI,20111108,0.12,0.12,0.12,0.12,441000
K01.SI,20111107,0.12,0.12,0.12,0.12,932000
K01.SI,20111106,0.12,0.12,0.12,0.12,524000
K01.SI,20111103,0.12,0.12,0.12,0.12,242000
K01.SI,20111102,0.12,0.12,0.12,0.12,244000
K01.SI,20111101,0.12,0.13,0.12,0.12,1353000
K01.SI,20111031,0.13,0.13,0.13,0.13,1842000
K01.SI,20111030,0.13,0.13,0.13,0.13,781000
K01.SI,20111027,0.13,0.13,0.13,0.13,000
K01.SI,20111026,0.13,0.13,0.13,0.13,86000
K01.SI,20111025,0.13,0.13,0.13,0.13,626000
K01.SI,20111024,0.13,0.13,0.13,0.13,756000
K01.SI,20111023,0.13,0.13,0.13,0.13,418000
K01.SI,20111020,0.13,0.13,0.13,0.13,835000
K01.SI,20111019,0.13,0.13,0.13,0.13,907000
K01.SI,20111018,0.13,0.13,0.13,0.13,324000
K01.SI,20111017,0.13,0.13,0.13,0.13,750000
K01.SI,20111016,0.13,0.13,0.13,0.13,136000
K01.SI,20111013,0.13,0.13,0.13,0.13,222000
K01.SI,20111012,0.13,0.13,0.13,0.13,323000
K01.SI,20111011,0.13,0.13,0.13,0.13,136000
K01.SI,20111010,0.13,0.13,0.13,0.13,79000
K01.SI,20111009,0.13,0.13,0.13,0.13,550000
K01.SI,20111006,0.13,0.13,0.13,0.13,316000
K01.SI,20111005,0.13,0.13,0.13,0.13,646000
K01.SI,20111004,0.13,0.13,0.13,0.13,595000
K01.SI,20111003,0.13,0.13,0.13,0.13,1438000
K01.SI,20111002,0.13,0.13,0.13,0.13,487000
K01.SI,20110929,0.13,0.13,0.13,0.13,529000
K01.SI,20110928,0.13,0.13,0.13,0.13,219000
K01.SI,20110927,0.13,0.13,0.13,0.13,661000
K01.SI,20110926,0.13,0.13,0.13,0.13,290000
K01.SI,20110925,0.13,0.13,0.13,0.13,1212000
K01.SI,20110922,0.13,0.13,0.13,0.13,899000
K01.SI,20110921,0.13,0.13,0.13,0.13,1821000
K01.SI,20110920,0.13,0.13,0.13,0.13,1707000
K01.SI,20110919,0.13,0.13,0.13,0.13,4682000
K01.SI,20110918,0.13,0.13,0.13,0.13,1648000
K01.SI,20110915,0.13,0.13,0.13,0.13,2175000
K01.SI,20110914,0.13,0.13,0.13,0.13,1020000
K01.SI,20110913,0.13,0.13,0.13,0.13,1509000
K01.SI,20110912,0.13,0.13,0.13,0.13,982000
K01.SI,20110911,0.13,0.13,0.13,0.13,1192000
K01.SI,20110908,0.13,0.13,0.13,0.13,168000
K01.SI,20110907,0.13,0.13,0.13,0.13,225000
K01.SI,20110906,0.13,0.13,0.13,0.13,1283000
K01.SI,20110905,0.13,0.13,0.13,0.13,1119000
K01.SI,20110904,0.13,0.13,0.13,0.13,3111000
K01.SI,20110901,0.13,0.13,0.13,0.13,1396000
K01.SI,20110831,0.13,0.13,0.13,0.13,578000
K01.SI,20110830,0.13,0.13,0.13,0.13,6644000
K01.SI,20110829,0.13,0.14,0.13,0.14,3558000
K01.SI,20110828,0.13,0.13,0.13,0.13,1067000
K01.SI,20110825,0.13,0.13,0.13,0.13,810000
K01.SI,20110824,0.13,0.13,0.13,0.13,980000
K01.SI,20110823,0.13,0.13,0.13,0.13,1398000
K01.SI,20110822,0.13,0.13,0.13,0.13,2418000
K01.SI,20110821,0.13,0.13,0.13,0.13,000
K01.SI,20110818,0.13,0.13,0.13,0.13,986000
K01.SI,20110817,0.13,0.13,0.13,0.13,6009000
K01.SI,20110816,0.13,0.13,0.13,0.13,1638000
K01.SI,20110815,0.13,0.13,0.13,0.13,404000
K01.SI,20110814,0.13,0.13,0.13,0.13,2075000
K01.SI,20110811,0.13,0.13,0.13,0.13,9068000
K01.SI,20110810,0.13,0.13,0.13,0.13,000
K01.SI,20110809,0.13,0.14,0.13,0.13,4535000
K01.SI,20110808,0.14,0.14,0.13,0.13,302000
K01.SI,20110807,0.13,0.14,0.13,0.14,348000
K01.SI,20110804,0.13,0.13,0.13,0.13,466000
K01.SI,20110803,0.13,0.14,0.13,0.13,651000
K01.SI,20110802,0.13,0.14,0.13,0.13,409000
K01.SI,20110801,0.14,0.14,0.13,0.13,126000
K01.SI,20110731,0.14,0.14,0.13,0.13,589000
K01.SI,20110728,0.13,0.14,0.13,0.13,1805000
K01.SI,20110727,0.13,0.13,0.13,0.13,406000
K01.SI,20110726,0.13,0.14,0.13,0.13,374000
K01.SI,20110725,0.14,0.14,0.13,0.13,505000
K01.SI,20110724,0.14,0.14,0.13,0.14,2004000
K01.SI,20110721,0.13,0.14,0.13,0.14,3915000
K01.SI,20110720,0.14,0.14,0.13,0.13,520000
K01.SI,20110719,0.14,0.14,0.13,0.14,1090000
K01.SI,20110718,0.14,0.14,0.13,0.13,315000
K01.SI,20110717,0.14,0.14,0.13,0.13,667000
K01.SI,20110714,0.13,0.14,0.13,0.13,111000
K01.SI,20110713,0.14,0.14,0.13,0.14,2065000
K01.SI,20110712,0.14,0.14,0.13,0.14,352000
K01.SI,20110711,0.13,0.14,0.13,0.14,4134000
K01.SI,20110710,0.13,0.13,0.13,0.13,2156000
K01.SI,20110707,0.13,0.14,0.13,0.14,8069000
K01.SI,20110706,0.13,0.13,0.13,0.13,6248000
K01.SI,20110705,0.13,0.13,0.13,0.13,2102000
K01.SI,20110704,0.13,0.13,0.13,0.13,3323000
K01.SI,20110703,0.13,0.13,0.13,0.13,7129000
K01.SI,20110630,0.13,0.13,0.13,0.13,5834000
K01.SI,20110629,0.13,0.14,0.13,0.13,12043000
K01.SI,20110628,0.11,0.11,0.11,0.11,000
K01.SI,20110627,0.11,0.11,0.11,0.11,000
K01.SI,20110626,0.11,0.12,0.11,0.11,2610000
K01.SI,20110623,0.10,0.11,0.10,0.11,977000
K01.SI,20110622,0.10,0.11,0.10,0.11,1206000
K01.SI,20110621,0.10,0.10,0.10,0.10,390000
K01.SI,20110620,0.10,0.10,0.10,0.10,1016000
K01.SI,20110619,0.10,0.10,0.10,0.10,49000
K01.SI,20110616,0.10,0.10,0.10,0.10,133000
K01.SI,20110615,0.10,0.10,0.10,0.10,334000
K01.SI,20110614,0.10,0.10,0.10,0.10,948000
K01.SI,20110613,0.10,0.10,0.10,0.10,664000
K01.SI,20110612,0.10,0.10,0.10,0.10,173000
K01.SI,20110609,0.10,0.10,0.10,0.10,135000
K01.SI,20110608,0.10,0.10,0.10,0.10,285000
K01.SI,20110607,0.10,0.10,0.10,0.10,642000
K01.SI,20110606,0.10,0.10,0.10,0.10,228000
K01.SI,20110605,0.10,0.10,0.10,0.10,340000
K01.SI,20110602,0.10,0.10,0.10,0.10,22000
K01.SI,20110601,0.10,0.10,0.10,0.10,623000
K01.SI,20110531,0.10,0.10,0.10,0.10,206000
K01.SI,20110530,0.10,0.10,0.10,0.10,257000
K01.SI,20110529,0.10,0.10,0.10,0.10,401000
K01.SI,20110526,0.10,0.10,0.10,0.10,100000
K01.SI,20110525,0.10,0.10,0.10,0.10,164000
K01.SI,20110524,0.10,0.10,0.10,0.10,299000
K01.SI,20110523,0.10,0.10,0.10,0.10,347000
K01.SI,20110522,0.10,0.10,0.10,0.10,341000
K01.SI,20110519,0.10,0.10,0.10,0.10,1017000
K01.SI,20110518,0.10,0.10,0.10,0.10,346000
K01.SI,20110517,0.10,0.10,0.10,0.10,1824000
K01.SI,20110516,0.11,0.11,0.10,0.10,2037000
K01.SI,20110515,0.10,0.10,0.09,0.09,679000
K01.SI,20110512,0.09,0.09,0.09,0.09,103000
K01.SI,20110511,0.09,0.09,0.09,0.09,369000
K01.SI,20110510,0.09,0.10,0.09,0.10,231000
K01.SI,20110509,0.09,0.09,0.09,0.09,409000
K01.SI,20110508,0.09,0.09,0.09,0.09,132000
K01.SI,20110505,0.10,0.10,0.10,0.10,175000
K01.SI,20110504,0.10,0.10,0.09,0.10,335000
K01.SI,20110503,0.10,0.10,0.10,0.10,000
K01.SI,20110502,0.10,0.10,0.10,0.10,000
K01.SI,20110501,0.10,0.10,0.10,0.10,45000
K01.SI,20110428,0.10,0.10,0.10,0.10,213000
K01.SI,20110427,0.10,0.10,0.10,0.10,386000
K01.SI,20110426,0.10,0.10,0.10,0.10,324000
K01.SI,20110425,0.10,0.10,0.10,0.10,240000
K01.SI,20110424,0.10,0.10,0.10,0.10,654000
K01.SI,20110421,0.10,0.10,0.10,0.10,38000
K01.SI,20110420,0.10,0.10,0.09,0.10,152000
K01.SI,20110419,0.10,0.10,0.09,0.10,412000
K01.SI,20110418,0.09,0.09,0.09,0.09,152000
K01.SI,20110417,0.10,0.10,0.09,0.09,376000
K01.SI,20110414,0.10,0.10,0.09,0.10,1379000
K01.SI,20110413,0.10,0.10,0.10,0.10,1089000
K01.SI,20110412,0.10,0.10,0.09,0.10,1627000
K01.SI,20110411,0.10,0.10,0.10,0.10,331000
K01.SI,20110410,0.10,0.10,0.10,0.10,586000
K01.SI,20110407,0.10,0.10,0.10,0.10,000
K01.SI,20110406,0.10,0.10,0.10,0.10,703000
K01.SI,20110405,0.10,0.10,0.10,0.10,794000
K01.SI,20110404,0.10,0.10,0.10,0.10,2483000
K01.SI,20110403,0.10,0.10,0.10,0.10,1130000
K01.SI,20110331,0.10,0.10,0.10,0.10,1759000
K01.SI,20110330,0.10,0.10,0.10,0.10,1798000
K01.SI,20110329,0.10,0.10,0.10,0.10,164000
K01.SI,20110328,0.10,0.10,0.10,0.10,193000
K01.SI,20110327,0.10,0.10,0.10,0.10,385000
K01.SI,20110324,0.10,0.10,0.10,0.10,569000
K01.SI,20110323,0.10,0.10,0.10,0.10,851000
K01.SI,20110322,0.11,0.11,0.10,0.10,1932000
K01.SI,20110321,0.10,0.10,0.10,0.10,850000
K01.SI,20110320,0.10,0.10,0.10,0.10,530000
K01.SI,20110317,0.11,0.11,0.10,0.10,6631000
K01.SI,20110316,0.11,0.11,0.10,0.11,392000
K01.SI,20110315,0.11,0.11,0.10,0.10,1355000
K01.SI,20110314,0.10,0.11,0.10,0.10,341000
K01.SI,20110313,0.10,0.11,0.10,0.10,110000
K01.SI,20110310,0.11,0.11,0.10,0.10,437000
K01.SI,20110309,0.10,0.11,0.10,0.11,70000
K01.SI,20110308,0.10,0.10,0.10,0.10,83000
K01.SI,20110307,0.10,0.10,0.10,0.10,457000
K01.SI,20110306,0.10,0.11,0.10,0.10,103000
K01.SI,20110303,0.11,0.11,0.11,0.11,115000
K01.SI,20110302,0.11,0.11,0.10,0.11,317000
K01.SI,20110301,0.11,0.11,0.11,0.11,194000
K01.SI,20110228,0.11,0.11,0.11,0.11,639000
K01.SI,20110227,0.11,0.11,0.11,0.11,181000
K01.SI,20110224,0.11,0.11,0.11,0.11,346000
K01.SI,20110223,0.11,0.11,0.11,0.11,547000
K01.SI,20110222,0.11,0.11,0.11,0.11,218000
K01.SI,20110221,0.11,0.11,0.11,0.11,1351000
K01.SI,20110220,0.11,0.11,0.11,0.11,180000
K01.SI,20110217,0.11,0.11,0.11,0.11,1606000
K01.SI,20110216,0.11,0.11,0.11,0.11,746000
K01.SI,20110215,0.11,0.11,0.11,0.11,2868000
K01.SI,20110214,0.11,0.12,0.11,0.11,7406000
K01.SI,20110213,0.11,0.11,0.10,0.10,450000
K01.SI,20110210,0.11,0.11,0.10,0.11,873000
K01.SI,20110209,0.11,0.11,0.11,0.11,1173000
K01.SI,20110208,0.10,0.11,0.10,0.11,1803000
K01.SI,20110207,0.10,0.10,0.10,0.10,923000
K01.SI,20110206,0.10,0.11,0.10,0.10,3605000
K01.SI,20110203,0.10,0.10,0.10,0.10,655000
K01.SI,20110202,0.10,0.10,0.10,0.10,1553000
K01.SI,20110201,0.10,0.10,0.10,0.10,625000
K01.SI,20110131,0.10,0.10,0.09,0.10,2799000
K01.SI,20110130,0.09,0.10,0.09,0.09,849000
K01.SI,20110127,0.09,0.09,0.09,0.09,800000
K01.SI,20110126,0.09,0.09,0.09,0.09,3170000
K01.SI,20110125,0.09,0.09,0.09,0.09,572000
K01.SI,20110124,0.09,0.09,0.09,0.09,000
K01.SI,20110123,0.09,0.09,0.09,0.09,000
K01.SI,20110120,0.09,0.09,0.09,0.09,377000
K01.SI,20110119,0.09,0.09,0.09,0.09,467000
K01.SI,20110118,0.09,0.09,0.09,0.09,310000
K01.SI,20110117,0.09,0.09,0.09,0.09,328000
K01.SI,20110116,0.09,0.09,0.09,0.09,150000
K01.SI,20110113,0.09,0.09,0.09,0.09,212000
K01.SI,20110112,0.09,0.09,0.09,0.09,427000
K01.SI,20110111,0.08,0.09,0.08,0.09,713000
K01.SI,20110110,0.08,0.08,0.08,0.08,681000
K01.SI,20110109,0.08,0.08,0.08,0.08,364000
K01.SI,20110106,0.08,0.08,0.08,0.08,1673000
K01.SI,20110105,0.08,0.08,0.08,0.08,551000
K01.SI,20110104,0.08,0.08,0.08,0.08,766000
K01.SI,20110103,0.08,0.08,0.08,0.08,2286000
K01.SI,20110102,0.08,0.08,0.08,0.08,000
