F9M.SI,20120605,0.305,0.305,0.305,0.305,1000
F9M.SI,20120604,0.31,0.31,0.31,0.31,21000
F9M.SI,20120603,0.31,0.31,0.31,0.31,000
F9M.SI,20120531,0.32,0.32,0.31,0.31,76000
F9M.SI,20120530,0.31,0.31,0.31,0.31,12000
F9M.SI,20120529,0.31,0.32,0.31,0.32,31000
F9M.SI,20120528,0.31,0.31,0.30,0.31,151000
F9M.SI,20120527,0.31,0.32,0.31,0.31,516000
F9M.SI,20120524,0.31,0.31,0.31,0.31,000
F9M.SI,20120523,0.31,0.32,0.31,0.31,91000
F9M.SI,20120522,0.31,0.31,0.31,0.31,000
F9M.SI,20120521,0.32,0.32,0.31,0.31,2041000
F9M.SI,20120520,0.32,0.32,0.31,0.32,545000
F9M.SI,20120517,0.31,0.32,0.31,0.32,47000
F9M.SI,20120516,0.31,0.31,0.31,0.31,000
F9M.SI,20120515,0.31,0.32,0.31,0.31,60000
F9M.SI,20120514,0.31,0.31,0.31,0.31,40000
F9M.SI,20120513,0.32,0.32,0.31,0.32,22000
F9M.SI,20120510,0.31,0.31,0.31,0.31,14000
F9M.SI,20120509,0.31,0.31,0.31,0.31,44000
F9M.SI,20120508,0.31,0.32,0.30,0.31,120000
F9M.SI,20120507,0.30,0.30,0.30,0.30,000
F9M.SI,20120506,0.31,0.31,0.30,0.30,18000
F9M.SI,20120503,0.31,0.31,0.30,0.30,103000
F9M.SI,20120502,0.31,0.31,0.30,0.31,207000
F9M.SI,20120501,0.31,0.31,0.31,0.31,000
F9M.SI,20120430,0.31,0.32,0.31,0.31,49000
F9M.SI,20120429,0.31,0.31,0.30,0.31,864000
F9M.SI,20120426,0.31,0.31,0.30,0.31,77000
F9M.SI,20120425,0.31,0.31,0.30,0.31,151000
F9M.SI,20120424,0.31,0.31,0.31,0.31,10000
F9M.SI,20120423,0.31,0.31,0.30,0.31,359000
F9M.SI,20120422,0.31,0.31,0.30,0.30,310000
F9M.SI,20120419,0.31,0.31,0.30,0.31,213000
F9M.SI,20120418,0.31,0.31,0.30,0.30,93000
F9M.SI,20120417,0.31,0.31,0.31,0.31,85000
F9M.SI,20120416,0.31,0.31,0.31,0.31,41000
F9M.SI,20120415,0.31,0.31,0.31,0.31,216000
F9M.SI,20120412,0.31,0.31,0.31,0.31,162000
F9M.SI,20120411,0.31,0.32,0.31,0.31,20000
F9M.SI,20120410,0.32,0.32,0.32,0.32,000
F9M.SI,20120409,0.31,0.32,0.31,0.32,155000
F9M.SI,20120408,0.31,0.31,0.31,0.31,106000
F9M.SI,20120405,0.32,0.32,0.32,0.32,49000
F9M.SI,20120404,0.31,0.31,0.31,0.31,80000
F9M.SI,20120403,0.32,0.32,0.32,0.32,60000
F9M.SI,20120402,0.32,0.32,0.32,0.32,155000
F9M.SI,20120401,0.32,0.32,0.32,0.32,50000
F9M.SI,20120329,0.32,0.32,0.32,0.32,000
F9M.SI,20120328,0.32,0.32,0.32,0.32,100000
F9M.SI,20120327,0.32,0.32,0.32,0.32,20000
F9M.SI,20120326,0.33,0.33,0.32,0.33,11000
F9M.SI,20120325,0.32,0.33,0.32,0.32,980000
F9M.SI,20120322,0.33,0.33,0.32,0.32,898000
F9M.SI,20120321,0.32,0.33,0.32,0.32,1353000
F9M.SI,20120320,0.33,0.33,0.32,0.32,1025000
F9M.SI,20120319,0.32,0.33,0.32,0.32,193000
F9M.SI,20120318,0.32,0.32,0.32,0.32,3000
F9M.SI,20120315,0.32,0.33,0.32,0.33,140000
F9M.SI,20120314,0.32,0.33,0.32,0.32,200000
F9M.SI,20120313,0.33,0.33,0.32,0.32,102000
F9M.SI,20120312,0.34,0.34,0.32,0.32,22000
F9M.SI,20120311,0.33,0.34,0.33,0.33,34000
F9M.SI,20120308,0.34,0.34,0.33,0.34,22000
F9M.SI,20120307,0.33,0.34,0.32,0.32,128000
F9M.SI,20120306,0.34,0.34,0.33,0.33,23000
F9M.SI,20120305,0.34,0.34,0.33,0.34,16000
F9M.SI,20120304,0.34,0.34,0.32,0.33,146000
F9M.SI,20120301,0.34,0.34,0.33,0.33,292000
F9M.SI,20120229,0.34,0.34,0.34,0.34,60000
F9M.SI,20120228,0.34,0.34,0.34,0.34,91000
F9M.SI,20120227,0.34,0.34,0.34,0.34,25000
F9M.SI,20120226,0.34,0.35,0.34,0.34,802000
F9M.SI,20120223,0.34,0.34,0.34,0.34,42000
F9M.SI,20120222,0.34,0.34,0.34,0.34,591000
F9M.SI,20120221,0.34,0.34,0.34,0.34,18000
F9M.SI,20120220,0.34,0.34,0.34,0.34,308000
F9M.SI,20120219,0.34,0.34,0.34,0.34,247000
F9M.SI,20120216,0.34,0.34,0.34,0.34,35000
F9M.SI,20120215,0.34,0.34,0.34,0.34,51000
F9M.SI,20120214,0.34,0.34,0.34,0.34,000
F9M.SI,20120213,0.34,0.34,0.34,0.34,000
F9M.SI,20120212,0.34,0.34,0.34,0.34,000
F9M.SI,20120209,0.34,0.34,0.34,0.34,10000
F9M.SI,20120208,0.34,0.34,0.34,0.34,31000
F9M.SI,20120207,0.34,0.34,0.34,0.34,320000
F9M.SI,20120206,0.34,0.34,0.34,0.34,342000
F9M.SI,20120205,0.34,0.34,0.34,0.34,252000
F9M.SI,20120202,0.34,0.34,0.34,0.34,20000
F9M.SI,20120201,0.33,0.34,0.33,0.34,167000
F9M.SI,20120131,0.34,0.34,0.33,0.33,244000
F9M.SI,20120130,0.34,0.34,0.34,0.34,870000
F9M.SI,20120129,0.34,0.35,0.34,0.34,321000
F9M.SI,20120126,0.33,0.34,0.33,0.34,175000
F9M.SI,20120125,0.34,0.34,0.33,0.33,40000
F9M.SI,20120124,0.33,0.34,0.33,0.33,115000
F9M.SI,20120123,0.32,0.34,0.32,0.32,81000
F9M.SI,20120122,0.34,0.34,0.33,0.33,237000
F9M.SI,20120119,0.34,0.34,0.32,0.32,438000
F9M.SI,20120118,0.34,0.34,0.34,0.34,210000
F9M.SI,20120117,0.34,0.34,0.34,0.34,112000
F9M.SI,20120116,0.34,0.34,0.34,0.34,99000
F9M.SI,20120115,0.34,0.34,0.34,0.34,370000
F9M.SI,20120112,0.34,0.34,0.34,0.34,143000
F9M.SI,20120111,0.34,0.34,0.34,0.34,45000
F9M.SI,20120110,0.34,0.34,0.34,0.34,714000
F9M.SI,20120109,0.35,0.35,0.34,0.34,157000
F9M.SI,20120108,0.35,0.35,0.34,0.34,67000
F9M.SI,20120105,0.34,0.34,0.34,0.34,000
F9M.SI,20120104,0.34,0.34,0.34,0.34,10000
F9M.SI,20120103,0.35,0.35,0.34,0.34,55000
F9M.SI,20120102,0.35,0.35,0.35,0.35,000
F9M.SI,20120101,0.34,0.35,0.34,0.35,67000
F9M.SI,20111229,0.34,0.35,0.34,0.34,36000
F9M.SI,20111228,0.34,0.34,0.34,0.34,5000
F9M.SI,20111227,0.34,0.34,0.34,0.34,80000
F9M.SI,20111226,0.35,0.35,0.35,0.35,000
F9M.SI,20111225,0.35,0.35,0.35,0.35,1000
F9M.SI,20111222,0.34,0.34,0.34,0.34,237000
F9M.SI,20111221,0.34,0.34,0.34,0.34,28000
F9M.SI,20111220,0.34,0.34,0.34,0.34,554000
F9M.SI,20111219,0.34,0.34,0.33,0.34,409000
F9M.SI,20111218,0.33,0.34,0.33,0.33,312000
F9M.SI,20111215,0.33,0.34,0.33,0.34,385000
F9M.SI,20111214,0.32,0.33,0.32,0.33,218000
F9M.SI,20111213,0.33,0.33,0.32,0.32,194000
F9M.SI,20111212,0.32,0.32,0.32,0.32,16000
F9M.SI,20111211,0.32,0.32,0.32,0.32,1744000
F9M.SI,20111208,0.32,0.32,0.32,0.32,166000
F9M.SI,20111207,0.32,0.32,0.32,0.32,428000
F9M.SI,20111206,0.32,0.32,0.32,0.32,115000
F9M.SI,20111205,0.32,0.32,0.32,0.32,20000
F9M.SI,20111204,0.32,0.32,0.32,0.32,000
F9M.SI,20111201,0.32,0.32,0.32,0.32,200000
F9M.SI,20111130,0.32,0.32,0.32,0.32,35000
F9M.SI,20111129,0.32,0.32,0.32,0.32,180000
F9M.SI,20111128,0.32,0.32,0.32,0.32,85000
F9M.SI,20111127,0.32,0.32,0.32,0.32,000
F9M.SI,20111124,0.32,0.32,0.32,0.32,000
F9M.SI,20111123,0.32,0.32,0.32,0.32,131000
F9M.SI,20111122,0.32,0.32,0.32,0.32,600000
F9M.SI,20111121,0.33,0.33,0.32,0.32,85000
F9M.SI,20111120,0.32,0.32,0.32,0.32,167000
F9M.SI,20111117,0.32,0.32,0.31,0.32,160000
F9M.SI,20111116,0.32,0.32,0.32,0.32,145000
F9M.SI,20111115,0.32,0.32,0.32,0.32,15000
F9M.SI,20111114,0.32,0.32,0.32,0.32,000
F9M.SI,20111113,0.32,0.32,0.32,0.32,280000
F9M.SI,20111110,0.32,0.32,0.32,0.32,51000
F9M.SI,20111109,0.33,0.33,0.33,0.33,160000
F9M.SI,20111108,0.33,0.33,0.32,0.32,160000
F9M.SI,20111107,0.32,0.33,0.32,0.32,160000
F9M.SI,20111106,0.32,0.32,0.32,0.32,278000
F9M.SI,20111103,0.33,0.33,0.32,0.32,150000
F9M.SI,20111102,0.32,0.34,0.32,0.32,53000
F9M.SI,20111101,0.33,0.33,0.33,0.33,000
F9M.SI,20111031,0.33,0.33,0.33,0.33,80000
F9M.SI,20111030,0.33,0.34,0.33,0.34,24000
F9M.SI,20111027,0.34,0.34,0.34,0.34,000
F9M.SI,20111026,0.34,0.34,0.34,0.34,303000
F9M.SI,20111025,0.34,0.34,0.34,0.34,445000
F9M.SI,20111024,0.34,0.34,0.32,0.32,65000
F9M.SI,20111023,0.33,0.33,0.33,0.33,000
F9M.SI,20111020,0.33,0.33,0.32,0.33,180000
F9M.SI,20111019,0.33,0.34,0.33,0.33,239000
F9M.SI,20111018,0.33,0.33,0.33,0.33,110000
F9M.SI,20111017,0.32,0.33,0.32,0.33,19000
F9M.SI,20111016,0.32,0.33,0.32,0.32,70000
F9M.SI,20111013,0.32,0.32,0.31,0.32,300000
F9M.SI,20111012,0.32,0.32,0.32,0.32,000
F9M.SI,20111011,0.32,0.33,0.32,0.32,104000
F9M.SI,20111010,0.33,0.33,0.32,0.33,128000
F9M.SI,20111009,0.33,0.33,0.32,0.32,260000
F9M.SI,20111006,0.34,0.34,0.33,0.33,31000
F9M.SI,20111005,0.32,0.34,0.32,0.34,43000
F9M.SI,20111004,0.32,0.32,0.31,0.32,852000
F9M.SI,20111003,0.34,0.34,0.34,0.34,10000
F9M.SI,20111002,0.34,0.34,0.34,0.34,000
F9M.SI,20110929,0.34,0.34,0.34,0.34,14000
F9M.SI,20110928,0.34,0.34,0.34,0.34,000
F9M.SI,20110927,0.35,0.35,0.34,0.34,268000
F9M.SI,20110926,0.34,0.35,0.34,0.35,240000
F9M.SI,20110925,0.34,0.34,0.34,0.34,166000
F9M.SI,20110922,0.33,0.33,0.33,0.33,000
F9M.SI,20110921,0.33,0.33,0.33,0.33,20000
F9M.SI,20110920,0.33,0.33,0.33,0.33,10000
F9M.SI,20110919,0.33,0.33,0.32,0.33,29000
F9M.SI,20110918,0.34,0.34,0.34,0.34,95000
F9M.SI,20110915,0.32,0.34,0.32,0.34,709000
F9M.SI,20110914,0.32,0.32,0.32,0.32,60000
F9M.SI,20110913,0.32,0.32,0.32,0.32,000
F9M.SI,20110912,0.32,0.32,0.32,0.32,000
F9M.SI,20110911,0.32,0.32,0.32,0.32,5000
F9M.SI,20110908,0.32,0.32,0.31,0.32,581000
F9M.SI,20110907,0.31,0.32,0.31,0.32,518000
F9M.SI,20110906,0.32,0.32,0.32,0.32,65000
F9M.SI,20110905,0.31,0.31,0.31,0.31,242000
F9M.SI,20110904,0.32,0.32,0.31,0.31,171000
F9M.SI,20110901,0.32,0.32,0.32,0.32,196000
F9M.SI,20110831,0.32,0.32,0.32,0.32,74000
F9M.SI,20110830,0.32,0.32,0.32,0.32,390000
F9M.SI,20110829,0.32,0.32,0.32,0.32,240000
F9M.SI,20110828,0.32,0.32,0.32,0.32,606000
F9M.SI,20110825,0.32,0.32,0.32,0.32,409000
F9M.SI,20110824,0.33,0.33,0.33,0.33,530000
F9M.SI,20110823,0.32,0.32,0.32,0.32,84000
F9M.SI,20110822,0.33,0.33,0.33,0.33,81000
F9M.SI,20110821,0.33,0.33,0.33,0.33,000
F9M.SI,20110818,0.33,0.33,0.33,0.33,50000
F9M.SI,20110817,0.33,0.34,0.33,0.33,412000
F9M.SI,20110816,0.34,0.34,0.33,0.33,317000
F9M.SI,20110815,0.34,0.34,0.34,0.34,518000
F9M.SI,20110814,0.34,0.34,0.34,0.34,216000
F9M.SI,20110811,0.34,0.34,0.34,0.34,000
F9M.SI,20110810,0.34,0.34,0.34,0.34,000
F9M.SI,20110809,0.34,0.34,0.34,0.34,000
F9M.SI,20110808,0.35,0.35,0.34,0.34,208000
F9M.SI,20110807,0.35,0.35,0.34,0.34,112000
F9M.SI,20110804,0.34,0.35,0.34,0.35,45000
F9M.SI,20110803,0.35,0.35,0.35,0.35,000
F9M.SI,20110802,0.35,0.35,0.35,0.35,000
F9M.SI,20110801,0.35,0.35,0.35,0.35,000
F9M.SI,20110731,0.35,0.35,0.35,0.35,000
F9M.SI,20110728,0.36,0.36,0.35,0.35,41000
F9M.SI,20110727,0.34,0.36,0.34,0.36,71000
F9M.SI,20110726,0.35,0.36,0.34,0.36,104000
F9M.SI,20110725,0.36,0.36,0.35,0.36,25000
F9M.SI,20110724,0.36,0.36,0.34,0.36,250000
F9M.SI,20110721,0.37,0.37,0.36,0.36,116000
F9M.SI,20110720,0.36,0.37,0.36,0.37,125000
F9M.SI,20110719,0.37,0.37,0.35,0.37,367000
F9M.SI,20110718,0.35,0.37,0.35,0.37,311000
F9M.SI,20110717,0.34,0.34,0.34,0.34,99000
F9M.SI,20110714,0.34,0.34,0.33,0.34,118000
F9M.SI,20110713,0.34,0.34,0.33,0.34,68000
F9M.SI,20110712,0.34,0.34,0.34,0.34,84000
F9M.SI,20110711,0.34,0.34,0.34,0.34,103000
F9M.SI,20110710,0.34,0.34,0.33,0.33,90000
F9M.SI,20110707,0.34,0.34,0.34,0.34,5000
F9M.SI,20110706,0.34,0.34,0.34,0.34,10000
F9M.SI,20110705,0.34,0.34,0.34,0.34,166000
F9M.SI,20110704,0.34,0.34,0.34,0.34,75000
F9M.SI,20110703,0.34,0.34,0.33,0.33,18000
F9M.SI,20110630,0.33,0.34,0.32,0.34,149000
F9M.SI,20110629,0.32,0.33,0.32,0.32,191000
F9M.SI,20110628,0.32,0.33,0.32,0.33,242000
F9M.SI,20110627,0.32,0.32,0.32,0.32,80000
F9M.SI,20110626,0.33,0.33,0.33,0.33,25000
F9M.SI,20110623,0.32,0.32,0.32,0.32,10000
F9M.SI,20110622,0.32,0.32,0.32,0.32,110000
F9M.SI,20110621,0.32,0.33,0.32,0.32,135000
F9M.SI,20110620,0.32,0.32,0.32,0.32,000
F9M.SI,20110619,0.32,0.32,0.32,0.32,100000
F9M.SI,20110616,0.32,0.32,0.32,0.32,61000
F9M.SI,20110615,0.33,0.33,0.32,0.32,172000
F9M.SI,20110614,0.33,0.33,0.32,0.32,130000
F9M.SI,20110613,0.34,0.34,0.32,0.33,133000
F9M.SI,20110612,0.32,0.32,0.32,0.32,106000
F9M.SI,20110609,0.32,0.32,0.32,0.32,25000
F9M.SI,20110608,0.32,0.32,0.32,0.32,000
F9M.SI,20110607,0.32,0.32,0.32,0.32,100000
F9M.SI,20110606,0.33,0.33,0.33,0.33,48000
F9M.SI,20110605,0.32,0.32,0.32,0.32,165000
F9M.SI,20110602,0.34,0.34,0.33,0.33,25000
F9M.SI,20110601,0.32,0.32,0.32,0.32,000
F9M.SI,20110531,0.32,0.32,0.32,0.32,000
F9M.SI,20110530,0.32,0.32,0.32,0.32,3000
F9M.SI,20110529,0.33,0.34,0.32,0.33,108000
F9M.SI,20110526,0.33,0.33,0.32,0.33,69000
F9M.SI,20110525,0.33,0.33,0.33,0.33,000
F9M.SI,20110524,0.33,0.33,0.33,0.33,10000
F9M.SI,20110523,0.34,0.34,0.33,0.33,50000
F9M.SI,20110522,0.32,0.32,0.32,0.32,62000
F9M.SI,20110519,0.34,0.34,0.33,0.33,392000
F9M.SI,20110518,0.34,0.34,0.34,0.34,161000
F9M.SI,20110517,0.35,0.35,0.34,0.34,396000
F9M.SI,20110516,0.34,0.35,0.34,0.35,154000
F9M.SI,20110515,0.36,0.36,0.34,0.35,340000
F9M.SI,20110512,0.36,0.36,0.35,0.36,220000
F9M.SI,20110511,0.37,0.37,0.36,0.37,529000
F9M.SI,20110510,0.37,0.37,0.36,0.37,334000
F9M.SI,20110509,0.37,0.37,0.36,0.37,201000
F9M.SI,20110508,0.36,0.37,0.36,0.36,457000
F9M.SI,20110505,0.37,0.37,0.36,0.36,146000
F9M.SI,20110504,0.38,0.38,0.36,0.37,365000
F9M.SI,20110503,0.37,0.38,0.37,0.38,422000
F9M.SI,20110502,0.36,0.36,0.36,0.36,000
F9M.SI,20110501,0.36,0.37,0.36,0.36,250000
F9M.SI,20110428,0.36,0.37,0.36,0.37,203000
F9M.SI,20110427,0.37,0.37,0.36,0.36,396000
F9M.SI,20110426,0.35,0.37,0.35,0.36,496000
F9M.SI,20110425,0.35,0.35,0.34,0.34,352000
F9M.SI,20110424,0.35,0.35,0.34,0.34,1117000
F9M.SI,20110421,0.34,0.35,0.34,0.35,202000
F9M.SI,20110420,0.34,0.34,0.34,0.34,5000
F9M.SI,20110419,0.35,0.35,0.34,0.34,63000
F9M.SI,20110418,0.35,0.35,0.35,0.35,20000
F9M.SI,20110417,0.35,0.35,0.35,0.35,99000
F9M.SI,20110414,0.35,0.35,0.35,0.35,8000
F9M.SI,20110413,0.35,0.35,0.35,0.35,345000
F9M.SI,20110412,0.35,0.35,0.35,0.35,61000
F9M.SI,20110411,0.34,0.35,0.34,0.35,120000
F9M.SI,20110410,0.35,0.35,0.34,0.35,258000
F9M.SI,20110407,0.35,0.35,0.35,0.35,000
F9M.SI,20110406,0.34,0.35,0.34,0.35,128000
F9M.SI,20110405,0.35,0.35,0.35,0.35,224000
F9M.SI,20110404,0.35,0.35,0.35,0.35,272000
F9M.SI,20110403,0.35,0.35,0.34,0.35,580000
F9M.SI,20110331,0.34,0.35,0.34,0.35,71000
F9M.SI,20110330,0.34,0.34,0.34,0.34,79000
F9M.SI,20110329,0.34,0.34,0.34,0.34,104000
F9M.SI,20110328,0.35,0.35,0.34,0.34,497000
F9M.SI,20110327,0.34,0.34,0.34,0.34,51000
F9M.SI,20110324,0.34,0.34,0.34,0.34,350000
F9M.SI,20110323,0.34,0.34,0.34,0.34,120000
F9M.SI,20110322,0.35,0.35,0.34,0.34,70000
F9M.SI,20110321,0.35,0.35,0.35,0.35,376000
F9M.SI,20110320,0.36,0.36,0.34,0.35,1712000
F9M.SI,20110317,0.36,0.37,0.35,0.37,156000
F9M.SI,20110316,0.35,0.35,0.35,0.35,144000
F9M.SI,20110315,0.36,0.36,0.35,0.35,425000
F9M.SI,20110314,0.37,0.37,0.35,0.35,60000
F9M.SI,20110313,0.35,0.36,0.35,0.36,184000
F9M.SI,20110310,0.36,0.36,0.36,0.36,100000
F9M.SI,20110309,0.35,0.36,0.35,0.35,75000
F9M.SI,20110308,0.35,0.35,0.35,0.35,219000
F9M.SI,20110307,0.35,0.35,0.35,0.35,599000
F9M.SI,20110306,0.36,0.36,0.36,0.36,162000
F9M.SI,20110303,0.36,0.37,0.36,0.36,157000
F9M.SI,20110302,0.37,0.37,0.36,0.37,322000
F9M.SI,20110301,0.38,0.38,0.37,0.37,1286000
F9M.SI,20110228,0.37,0.38,0.37,0.38,937000
F9M.SI,20110227,0.36,0.38,0.36,0.37,1115000
F9M.SI,20110224,0.37,0.37,0.37,0.37,124000
F9M.SI,20110223,0.37,0.37,0.36,0.36,287000
F9M.SI,20110222,0.37,0.38,0.37,0.37,1029000
F9M.SI,20110221,0.37,0.38,0.37,0.37,691000
F9M.SI,20110220,0.37,0.38,0.37,0.37,388000
F9M.SI,20110217,0.37,0.38,0.37,0.37,215000
F9M.SI,20110216,0.38,0.38,0.37,0.37,463000
F9M.SI,20110215,0.37,0.38,0.37,0.38,572000
F9M.SI,20110214,0.37,0.37,0.36,0.37,413000
F9M.SI,20110213,0.37,0.37,0.37,0.37,95000
F9M.SI,20110210,0.38,0.38,0.37,0.37,399000
F9M.SI,20110209,0.38,0.38,0.37,0.38,1115000
F9M.SI,20110208,0.38,0.38,0.38,0.38,1174000
F9M.SI,20110207,0.38,0.38,0.38,0.38,1097000
F9M.SI,20110206,0.35,0.40,0.35,0.38,2178000
F9M.SI,20110203,0.35,0.36,0.35,0.35,449000
F9M.SI,20110202,0.35,0.35,0.35,0.35,559000
F9M.SI,20110201,0.34,0.35,0.34,0.34,494000
F9M.SI,20110131,0.34,0.34,0.34,0.34,7000
F9M.SI,20110130,0.34,0.34,0.34,0.34,75000
F9M.SI,20110127,0.34,0.35,0.34,0.34,273000
F9M.SI,20110126,0.34,0.34,0.34,0.34,237000
F9M.SI,20110125,0.35,0.35,0.35,0.35,50000
F9M.SI,20110124,0.35,0.35,0.35,0.35,000
F9M.SI,20110123,0.35,0.35,0.35,0.35,000
F9M.SI,20110120,0.35,0.35,0.35,0.35,83000
F9M.SI,20110119,0.35,0.35,0.34,0.35,164000
F9M.SI,20110118,0.36,0.36,0.35,0.35,22000
F9M.SI,20110117,0.35,0.37,0.35,0.36,314000
F9M.SI,20110116,0.34,0.34,0.34,0.34,49000
F9M.SI,20110113,0.34,0.34,0.34,0.34,50000
F9M.SI,20110112,0.34,0.34,0.33,0.33,74000
F9M.SI,20110111,0.34,0.34,0.33,0.33,120000
F9M.SI,20110110,0.34,0.34,0.34,0.34,69000
F9M.SI,20110109,0.33,0.33,0.33,0.33,000
F9M.SI,20110106,0.33,0.33,0.33,0.33,38000
F9M.SI,20110105,0.33,0.34,0.33,0.33,290000
F9M.SI,20110104,0.33,0.33,0.33,0.33,65000
F9M.SI,20110103,0.33,0.33,0.33,0.33,10000
F9M.SI,20110102,0.33,0.33,0.33,0.33,000
F9M.SI,20101230,0.33,0.33,0.33,0.33,40000
F9M.SI,20101229,0.34,0.34,0.34,0.34,000
F9M.SI,20101228,0.34,0.34,0.34,0.34,10000
F9M.SI,20101227,0.34,0.34,0.33,0.33,36000
F9M.SI,20101226,0.34,0.34,0.34,0.34,000
F9M.SI,20101223,0.33,0.34,0.33,0.34,25000
F9M.SI,20101222,0.33,0.33,0.32,0.32,85000
F9M.SI,20101221,0.33,0.33,0.33,0.33,213000
F9M.SI,20101220,0.33,0.33,0.33,0.33,000
F9M.SI,20101219,0.33,0.33,0.33,0.33,104000
F9M.SI,20101216,0.33,0.33,0.33,0.33,11000
F9M.SI,20101215,0.33,0.33,0.32,0.32,40000
F9M.SI,20101214,0.33,0.33,0.32,0.32,316000
F9M.SI,20101213,0.33,0.34,0.33,0.33,225000
F9M.SI,20101212,0.34,0.34,0.34,0.34,110000
F9M.SI,20101209,0.34,0.34,0.33,0.34,52000
F9M.SI,20101208,0.34,0.34,0.34,0.34,445000
F9M.SI,20101207,0.34,0.34,0.34,0.34,20000
F9M.SI,20101206,0.34,0.34,0.34,0.34,000
F9M.SI,20101205,0.34,0.34,0.34,0.34,710000
F9M.SI,20101202,0.34,0.34,0.34,0.34,202000
F9M.SI,20101201,0.34,0.35,0.34,0.34,363000
F9M.SI,20101130,0.34,0.34,0.34,0.34,275000
F9M.SI,20101129,0.34,0.34,0.34,0.34,240000
F9M.SI,20101128,0.34,0.34,0.34,0.34,32000
F9M.SI,20101125,0.34,0.34,0.34,0.34,50000
F9M.SI,20101124,0.34,0.34,0.34,0.34,000
F9M.SI,20101123,0.34,0.34,0.34,0.34,000
F9M.SI,20101122,0.34,0.34,0.34,0.34,11000
F9M.SI,20101121,0.34,0.35,0.34,0.34,76000
F9M.SI,20101118,0.34,0.34,0.33,0.34,65000
F9M.SI,20101117,0.35,0.35,0.35,0.35,000
F9M.SI,20101116,0.35,0.35,0.32,0.35,144000
F9M.SI,20101115,0.35,0.35,0.35,0.35,79000
F9M.SI,20101114,0.35,0.35,0.34,0.34,49000
F9M.SI,20101111,0.34,0.35,0.33,0.34,128000
F9M.SI,20101110,0.33,0.33,0.32,0.33,172000
F9M.SI,20101109,0.35,0.35,0.35,0.35,151000
F9M.SI,20101108,0.35,0.35,0.35,0.35,5000
F9M.SI,20101104,0.34,0.34,0.34,0.34,213000
F9M.SI,20101103,0.34,0.35,0.34,0.34,163000
F9M.SI,20101102,0.34,0.34,0.34,0.34,206000
F9M.SI,20101101,0.34,0.34,0.33,0.33,198000
F9M.SI,20101031,0.35,0.35,0.34,0.35,218000
F9M.SI,20101028,0.35,0.36,0.35,0.35,349000
F9M.SI,20101027,0.34,0.35,0.34,0.35,394000
F9M.SI,20101025,0.33,0.34,0.33,0.34,38000
F9M.SI,20101021,0.34,0.34,0.33,0.33,11000
F9M.SI,20101019,0.34,0.34,0.34,0.34,95000
F9M.SI,20101018,0.34,0.35,0.34,0.35,237000
F9M.SI,20101017,0.34,0.35,0.34,0.35,109000
F9M.SI,20101014,0.34,0.35,0.34,0.35,183000
F9M.SI,20101013,0.35,0.35,0.35,0.35,360000
F9M.SI,20101012,0.35,0.35,0.35,0.35,146000
F9M.SI,20101011,0.34,0.36,0.34,0.34,576000
F9M.SI,20101010,0.34,0.34,0.34,0.34,52000
F9M.SI,20101007,0.34,0.35,0.34,0.35,452000
F9M.SI,20101006,0.35,0.35,0.34,0.35,81000
F9M.SI,20101005,0.32,0.42,0.28,0.42,69000
F9M.SI,20101004,0.32,0.32,0.32,0.32,105000
F9M.SI,20101003,0.33,0.33,0.33,0.33,115000
F9M.SI,20100930,0.34,0.35,0.34,0.34,721000
F9M.SI,20100929,0.34,0.35,0.34,0.34,574000
F9M.SI,20100928,0.32,0.35,0.32,0.35,545000
F9M.SI,20100927,0.34,0.35,0.34,0.34,98000
F9M.SI,20100926,0.33,0.33,0.32,0.33,30000
F9M.SI,20100923,0.34,0.34,0.34,0.34,177000
F9M.SI,20100922,0.34,0.35,0.34,0.34,190000
F9M.SI,20100921,0.35,0.35,0.35,0.35,958000
F9M.SI,20100920,0.35,0.36,0.35,0.35,465000
F9M.SI,20100919,0.35,0.35,0.34,0.34,69000
F9M.SI,20100916,0.35,0.35,0.35,0.35,33000
F9M.SI,20100915,0.35,0.35,0.35,0.35,160000
F9M.SI,20100913,0.34,0.35,0.34,0.35,48000
F9M.SI,20100912,0.35,0.35,0.34,0.34,103000
F9M.SI,20100909,0.35,0.35,0.35,0.35,40000
F9M.SI,20100908,0.36,0.36,0.35,0.35,31000
F9M.SI,20100907,0.35,0.35,0.35,0.35,20000
F9M.SI,20100906,0.35,0.36,0.35,0.36,31000
F9M.SI,20100905,0.35,0.36,0.35,0.36,141000
F9M.SI,20100902,0.36,0.36,0.35,0.35,62000
F9M.SI,20100901,0.37,0.37,0.36,0.36,262000
F9M.SI,20100831,0.35,0.37,0.35,0.37,314000
F9M.SI,20100829,0.35,0.35,0.35,0.35,350000
F9M.SI,20100826,0.36,0.36,0.36,0.35,8000
F9M.SI,20100825,0.35,0.36,0.35,0.36,56000
F9M.SI,20100824,0.35,0.35,0.35,0.35,79000
F9M.SI,20100823,0.34,0.35,0.34,0.35,180000
F9M.SI,20100822,0.35,0.35,0.34,0.35,487000
F9M.SI,20100819,0.35,0.36,0.35,0.35,160000
F9M.SI,20100818,0.37,0.37,0.37,0.37,55000
F9M.SI,20100817,0.36,0.37,0.36,0.37,496000
F9M.SI,20100816,0.38,0.38,0.35,0.35,15000
F9M.SI,20100815,0.38,0.38,0.38,0.38,130000
F9M.SI,20100812,0.37,0.37,0.37,0.37,153000
F9M.SI,20100811,0.37,0.37,0.35,0.36,1077000
F9M.SI,20100810,0.38,0.38,0.37,0.37,1183000
F9M.SI,20100808,0.38,0.38,0.37,0.37,1216000
F9M.SI,20100805,0.38,0.39,0.38,0.38,627000
F9M.SI,20100804,0.39,0.40,0.39,0.40,275000
F9M.SI,20100803,0.40,0.40,0.40,0.40,250000
F9M.SI,20100802,0.39,0.40,0.39,0.40,198000
F9M.SI,20100801,0.40,0.40,0.40,0.40,203000
F9M.SI,20100729,0.39,0.40,0.39,0.40,79000
F9M.SI,20100728,0.39,0.40,0.38,0.40,345000
F9M.SI,20100727,0.41,0.41,0.39,0.39,442000
F9M.SI,20100725,0.40,0.40,0.39,0.39,60000
F9M.SI,20100722,0.41,0.41,0.40,0.40,145000
F9M.SI,20100721,0.40,0.41,0.40,0.41,96000
F9M.SI,20100720,0.39,0.41,0.39,0.41,2374000
F9M.SI,20100719,0.39,0.39,0.38,0.38,189000
F9M.SI,20100718,0.40,0.40,0.39,0.39,150000
F9M.SI,20100715,0.39,0.40,0.39,0.40,143000
F9M.SI,20100714,0.40,0.40,0.39,0.39,55000
F9M.SI,20100713,0.40,0.40,0.40,0.40,5000
F9M.SI,20100712,0.40,0.40,0.40,0.40,528000
F9M.SI,20100711,0.40,0.41,0.40,0.40,63000
F9M.SI,20100708,0.40,0.41,0.40,0.41,878000
F9M.SI,20100707,0.40,0.40,0.40,0.40,721000
F9M.SI,20100706,0.40,0.40,0.40,0.40,214000
F9M.SI,20100705,0.40,0.40,0.40,0.40,334000
F9M.SI,20100704,0.39,0.40,0.39,0.40,580000
F9M.SI,20100701,0.40,0.40,0.40,0.40,237000
F9M.SI,20100630,0.40,0.40,0.40,0.40,20000
F9M.SI,20100629,0.39,0.40,0.39,0.40,122000
F9M.SI,20100628,0.39,0.40,0.39,0.40,11000
F9M.SI,20100627,0.39,0.39,0.39,0.39,13000
F9M.SI,20100624,0.40,0.40,0.40,0.40,195000
F9M.SI,20100623,0.40,0.40,0.39,0.40,403000
F9M.SI,20100622,0.40,0.41,0.40,0.40,304000
F9M.SI,20100621,0.39,0.40,0.39,0.40,333000
F9M.SI,20100620,0.40,0.40,0.38,0.38,152000
F9M.SI,20100617,0.40,0.40,0.39,0.39,110000
F9M.SI,20100616,0.39,0.39,0.38,0.38,324000
F9M.SI,20100615,0.39,0.40,0.39,0.39,301000
F9M.SI,20100614,0.39,0.39,0.39,0.39,37000
F9M.SI,20100613,0.39,0.39,0.38,0.39,116000
F9M.SI,20100610,0.38,0.40,0.38,0.39,210000
F9M.SI,20100609,0.39,0.39,0.39,0.39,138000
F9M.SI,20100608,0.38,0.39,0.38,0.38,28000
F9M.SI,20100607,0.39,0.39,0.38,0.38,159000
F9M.SI,20100606,0.39,0.39,0.39,0.39,116000
F9M.SI,20100603,0.39,0.40,0.39,0.40,77000
F9M.SI,20100602,0.40,0.40,0.39,0.40,253000
F9M.SI,20100601,0.40,0.40,0.39,0.39,147000
F9M.SI,20100531,0.40,0.40,0.39,0.40,303000
F9M.SI,20100527,0.40,0.41,0.40,0.41,130000
F9M.SI,20100526,0.40,0.40,0.40,0.40,52000
F9M.SI,20100525,0.40,0.40,0.40,0.40,211000
F9M.SI,20100524,0.40,0.40,0.40,0.40,156000
F9M.SI,20100523,0.40,0.40,0.40,0.40,403000
F9M.SI,20100520,0.41,0.41,0.41,0.41,125000
F9M.SI,20100519,0.41,0.41,0.40,0.40,157000
F9M.SI,20100518,0.41,0.41,0.40,0.41,153000
F9M.SI,20100516,0.41,0.41,0.40,0.40,233000
F9M.SI,20100513,0.40,0.41,0.40,0.41,692000
F9M.SI,20100512,0.40,0.40,0.40,0.40,126000
F9M.SI,20100511,0.40,0.40,0.40,0.40,50000
F9M.SI,20100509,0.40,0.40,0.40,0.40,215000
F9M.SI,20100506,0.40,0.40,0.39,0.40,2420000
F9M.SI,20100505,0.40,0.40,0.40,0.40,82000
F9M.SI,20100504,0.40,0.40,0.40,0.40,218000
F9M.SI,20100503,0.40,0.40,0.40,0.40,486000
F9M.SI,20100429,0.41,0.41,0.40,0.40,72000
F9M.SI,20100428,0.40,0.40,0.40,0.40,104000
F9M.SI,20100427,0.41,0.41,0.40,0.40,175000
F9M.SI,20100426,0.40,0.40,0.40,0.40,182000
F9M.SI,20100425,0.41,0.41,0.40,0.40,170000
F9M.SI,20100421,0.41,0.41,0.40,0.40,192000
F9M.SI,20100420,0.40,0.41,0.40,0.41,75000
F9M.SI,20100419,0.40,0.40,0.40,0.40,130000
F9M.SI,20100418,0.41,0.41,0.41,0.41,120000
F9M.SI,20100415,0.41,0.41,0.41,0.41,138000
F9M.SI,20100414,0.41,0.41,0.41,0.41,138000
F9M.SI,20100413,0.41,0.41,0.41,0.41,176000
F9M.SI,20100412,0.41,0.41,0.41,0.41,127000
F9M.SI,20100411,0.43,0.43,0.41,0.41,342000
F9M.SI,20100408,0.41,0.43,0.41,0.42,702000
F9M.SI,20100407,0.41,0.41,0.41,0.41,125000
F9M.SI,20100406,0.42,0.42,0.41,0.41,97000
F9M.SI,20100405,0.42,0.43,0.42,0.43,253000
F9M.SI,20100404,0.43,0.43,0.43,0.43,1114000
F9M.SI,20100401,0.41,0.43,0.41,0.43,612000
F9M.SI,20100331,0.41,0.41,0.41,0.41,170000
F9M.SI,20100330,0.41,0.42,0.41,0.42,272000
F9M.SI,20100329,0.41,0.41,0.41,0.41,184000
F9M.SI,20100328,0.41,0.41,0.41,0.41,106000
F9M.SI,20100325,0.41,0.42,0.41,0.41,290000
F9M.SI,20100324,0.41,0.41,0.41,0.41,362000
F9M.SI,20100323,0.41,0.41,0.41,0.41,86000
F9M.SI,20100322,0.41,0.41,0.41,0.41,343000
F9M.SI,20100321,0.40,0.41,0.40,0.41,380000
F9M.SI,20100318,0.40,0.40,0.40,0.40,235000
F9M.SI,20100317,0.39,0.40,0.39,0.40,339000
F9M.SI,20100316,0.40,0.41,0.40,0.41,262000
F9M.SI,20100315,0.40,0.40,0.39,0.40,1063000
F9M.SI,20100314,0.40,0.40,0.40,0.40,797000
F9M.SI,20100311,0.41,0.41,0.40,0.40,1063000
F9M.SI,20100310,0.41,0.41,0.41,0.41,158000
F9M.SI,20100309,0.41,0.41,0.41,0.41,608000
F9M.SI,20100308,0.41,0.42,0.41,0.41,667000
F9M.SI,20100307,0.41,0.41,0.41,0.41,152000
F9M.SI,20100304,0.41,0.42,0.41,0.42,524000
F9M.SI,20100303,0.41,0.42,0.41,0.41,1309000
F9M.SI,20100302,0.41,0.41,0.41,0.41,646000
F9M.SI,20100301,0.41,0.42,0.41,0.41,1390000
F9M.SI,20100228,0.41,0.41,0.40,0.41,770000
F9M.SI,20100225,0.40,0.41,0.40,0.41,810000
F9M.SI,20100224,0.41,0.41,0.40,0.41,590000
F9M.SI,20100223,0.41,0.41,0.40,0.41,1269000
F9M.SI,20100222,0.43,0.43,0.40,0.40,917000
F9M.SI,20100221,0.43,0.43,0.43,0.43,679000
F9M.SI,20100218,0.43,0.44,0.43,0.43,832000
F9M.SI,20100217,0.44,0.44,0.43,0.43,378000
F9M.SI,20100216,0.43,0.43,0.43,0.43,329000
F9M.SI,20100215,0.44,0.44,0.43,0.43,753000
F9M.SI,20100214,0.44,0.44,0.43,0.44,422000
F9M.SI,20100211,0.44,0.44,0.43,0.43,585000
F9M.SI,20100210,0.44,0.45,0.44,0.44,426000
F9M.SI,20100209,0.44,0.44,0.44,0.44,210000
F9M.SI,20100208,0.44,0.44,0.44,0.44,151000
F9M.SI,20100207,0.45,0.46,0.44,0.44,653000
F9M.SI,20100202,0.45,0.46,0.45,0.45,347000
F9M.SI,20100201,0.44,0.45,0.44,0.44,2279000
F9M.SI,20100131,0.44,0.44,0.43,0.43,671000
F9M.SI,20100128,0.44,0.44,0.44,0.44,637000
F9M.SI,20100127,0.44,0.44,0.44,0.44,163000
F9M.SI,20100126,0.44,0.44,0.44,0.44,879000
F9M.SI,20100125,0.44,0.44,0.44,0.44,1483000
F9M.SI,20100124,0.45,0.45,0.44,0.44,1845000
F9M.SI,20100121,0.45,0.45,0.44,0.44,1641000
F9M.SI,20100120,0.46,0.46,0.44,0.44,933000
F9M.SI,20100119,0.46,0.46,0.45,0.46,705000
F9M.SI,20100118,0.46,0.46,0.45,0.45,1236000
F9M.SI,20100117,0.46,0.46,0.45,0.45,1497000
F9M.SI,20100114,0.47,0.47,0.46,0.46,1634000
F9M.SI,20100113,0.46,0.47,0.46,0.47,5903000
F9M.SI,20100112,0.46,0.46,0.45,0.46,1329000
F9M.SI,20100111,0.45,0.46,0.45,0.46,909000
F9M.SI,20100110,0.46,0.46,0.44,0.45,1053000
F9M.SI,20100107,0.46,0.46,0.45,0.45,970000
F9M.SI,20100106,0.47,0.47,0.46,0.46,1941000
F9M.SI,20100105,0.46,0.47,0.46,0.46,1910000
F9M.SI,20100104,0.47,0.47,0.46,0.46,3036000
F9M.SI,20100103,0.46,0.47,0.46,0.47,5299000
