ER0.SI,20120606,0.575,0.575,0.575,0.575,20000
ER0.SI,20120604,0.56,0.57,0.56,0.57,2413000
ER0.SI,20120603,0.56,0.58,0.56,0.56,2600000
ER0.SI,20120531,0.58,0.58,0.57,0.57,1777000
ER0.SI,20120530,0.58,0.59,0.57,0.58,2557000
ER0.SI,20120529,0.60,0.61,0.57,0.58,3574000
ER0.SI,20120528,0.61,0.62,0.59,0.60,8604000
ER0.SI,20120527,0.58,0.60,0.58,0.60,3617000
ER0.SI,20120524,0.58,0.58,0.58,0.58,000
ER0.SI,20120523,0.61,0.62,0.55,0.58,10122000
ER0.SI,20120522,0.58,0.61,0.58,0.61,9917000
ER0.SI,20120521,0.54,0.57,0.54,0.57,11726000
ER0.SI,20120520,0.51,0.54,0.51,0.53,4121000
ER0.SI,20120517,0.52,0.52,0.51,0.51,2011000
ER0.SI,20120516,0.49,0.52,0.49,0.52,7798000
ER0.SI,20120515,0.48,0.49,0.47,0.49,2186000
ER0.SI,20120514,0.48,0.48,0.47,0.48,295000
ER0.SI,20120513,0.47,0.49,0.47,0.48,2299000
ER0.SI,20120510,0.47,0.48,0.47,0.48,638000
ER0.SI,20120509,0.47,0.47,0.47,0.47,3210000
ER0.SI,20120508,0.47,0.47,0.46,0.47,1677000
ER0.SI,20120507,0.47,0.47,0.47,0.47,1123000
ER0.SI,20120506,0.47,0.47,0.47,0.47,977000
ER0.SI,20120503,0.47,0.47,0.46,0.47,1468000
ER0.SI,20120502,0.47,0.47,0.47,0.47,589000
ER0.SI,20120501,0.47,0.47,0.47,0.47,000
ER0.SI,20120430,0.47,0.47,0.47,0.47,464000
ER0.SI,20120429,0.47,0.48,0.47,0.47,830000
ER0.SI,20120426,0.47,0.48,0.47,0.47,2709000
ER0.SI,20120425,0.47,0.47,0.47,0.47,755000
ER0.SI,20120424,0.47,0.47,0.47,0.47,221000
ER0.SI,20120423,0.47,0.47,0.47,0.47,354000
ER0.SI,20120422,0.47,0.47,0.47,0.47,1360000
ER0.SI,20120419,0.47,0.47,0.47,0.47,754000
ER0.SI,20120418,0.47,0.47,0.47,0.47,838000
ER0.SI,20120417,0.47,0.47,0.47,0.47,792000
ER0.SI,20120416,0.47,0.47,0.47,0.47,1297000
ER0.SI,20120415,0.48,0.48,0.47,0.47,762000
ER0.SI,20120412,0.48,0.48,0.47,0.48,1833000
ER0.SI,20120411,0.47,0.49,0.47,0.47,4901000
ER0.SI,20120410,0.47,0.47,0.46,0.46,1838000
ER0.SI,20120409,0.47,0.47,0.47,0.47,858000
ER0.SI,20120408,0.49,0.49,0.47,0.47,1448000
ER0.SI,20120405,0.49,0.49,0.48,0.49,1303000
ER0.SI,20120404,0.49,0.49,0.49,0.49,2192000
ER0.SI,20120403,0.49,0.50,0.49,0.50,4305000
ER0.SI,20120402,0.47,0.48,0.47,0.47,1941000
ER0.SI,20120401,0.47,0.47,0.46,0.47,1290000
ER0.SI,20120329,0.47,0.47,0.47,0.47,000
ER0.SI,20120328,0.47,0.47,0.47,0.47,873000
ER0.SI,20120327,0.47,0.48,0.47,0.47,4124000
ER0.SI,20120326,0.46,0.47,0.46,0.47,4883000
ER0.SI,20120325,0.44,0.46,0.44,0.46,2047000
ER0.SI,20120322,0.43,0.44,0.43,0.44,641000
ER0.SI,20120321,0.44,0.44,0.43,0.43,570000
ER0.SI,20120320,0.43,0.44,0.43,0.44,790000
ER0.SI,20120319,0.43,0.44,0.43,0.43,763000
ER0.SI,20120318,0.44,0.44,0.42,0.43,629000
ER0.SI,20120315,0.44,0.44,0.43,0.43,957000
ER0.SI,20120314,0.44,0.44,0.43,0.44,762000
ER0.SI,20120313,0.44,0.47,0.44,0.44,4635000
ER0.SI,20120312,0.44,0.44,0.44,0.44,000
ER0.SI,20120311,0.42,0.44,0.42,0.44,2218000
ER0.SI,20120308,0.42,0.43,0.41,0.43,791000
ER0.SI,20120307,0.42,0.43,0.42,0.42,1004000
ER0.SI,20120306,0.44,0.44,0.42,0.43,2048000
ER0.SI,20120305,0.42,0.44,0.42,0.44,1415000
ER0.SI,20120304,0.43,0.43,0.41,0.42,1996000
ER0.SI,20120301,0.44,0.44,0.43,0.43,1710000
ER0.SI,20120229,0.44,0.45,0.43,0.44,2341000
ER0.SI,20120228,0.44,0.44,0.41,0.44,3037000
ER0.SI,20120227,0.44,0.44,0.43,0.43,853000
ER0.SI,20120226,0.45,0.45,0.44,0.44,1261000
ER0.SI,20120223,0.44,0.45,0.44,0.45,1585000
ER0.SI,20120222,0.46,0.46,0.44,0.44,2526000
ER0.SI,20120221,0.47,0.47,0.45,0.46,1748000
ER0.SI,20120220,0.47,0.47,0.47,0.47,573000
ER0.SI,20120219,0.47,0.47,0.46,0.47,1562000
ER0.SI,20120216,0.47,0.47,0.46,0.47,1848000
ER0.SI,20120215,0.49,0.50,0.47,0.47,4386000
ER0.SI,20120214,0.44,0.49,0.44,0.48,9918000
ER0.SI,20120213,0.44,0.44,0.44,0.44,000
ER0.SI,20120212,0.44,0.44,0.44,0.44,000
ER0.SI,20120209,0.43,0.44,0.41,0.44,6056000
ER0.SI,20120208,0.43,0.44,0.41,0.41,3480000
ER0.SI,20120207,0.41,0.43,0.41,0.43,3895000
ER0.SI,20120206,0.41,0.41,0.40,0.41,1717000
ER0.SI,20120205,0.41,0.42,0.41,0.41,5174000
ER0.SI,20120202,0.41,0.41,0.41,0.41,1482000
ER0.SI,20120201,0.41,0.42,0.41,0.41,7611000
ER0.SI,20120131,0.39,0.42,0.39,0.41,8446000
ER0.SI,20120130,0.38,0.39,0.38,0.39,1823000
ER0.SI,20120129,0.38,0.40,0.38,0.38,3545000
ER0.SI,20120126,0.38,0.39,0.38,0.38,9228000
ER0.SI,20120125,0.38,0.39,0.38,0.38,8917000
ER0.SI,20120124,0.37,0.38,0.36,0.37,3849000
ER0.SI,20120123,0.37,0.37,0.36,0.37,10684000
ER0.SI,20120122,0.34,0.35,0.34,0.35,2719000
ER0.SI,20120119,0.34,0.35,0.34,0.35,896000
ER0.SI,20120118,0.35,0.35,0.34,0.34,1322000
ER0.SI,20120117,0.34,0.35,0.34,0.34,1343000
ER0.SI,20120116,0.35,0.35,0.33,0.34,4374000
ER0.SI,20120115,0.35,0.36,0.34,0.35,5299000
ER0.SI,20120112,0.38,0.38,0.38,0.38,2666000
ER0.SI,20120111,0.38,0.38,0.38,0.38,1360000
ER0.SI,20120110,0.38,0.38,0.37,0.38,1678000
ER0.SI,20120109,0.38,0.38,0.37,0.38,3837000
ER0.SI,20120108,0.37,0.38,0.37,0.38,6063000
ER0.SI,20120105,0.37,0.37,0.36,0.37,3951000
ER0.SI,20120104,0.36,0.37,0.35,0.37,6846000
ER0.SI,20120103,0.35,0.36,0.35,0.35,3682000
ER0.SI,20120102,0.35,0.35,0.35,0.35,000
ER0.SI,20120101,0.35,0.35,0.34,0.35,406000
ER0.SI,20111229,0.35,0.35,0.35,0.35,1381000
ER0.SI,20111228,0.35,0.35,0.35,0.35,3321000
ER0.SI,20111227,0.35,0.35,0.34,0.35,1772000
ER0.SI,20111226,0.35,0.35,0.35,0.35,000
ER0.SI,20111225,0.34,0.35,0.34,0.35,3727000
ER0.SI,20111222,0.34,0.34,0.33,0.34,975000
ER0.SI,20111221,0.33,0.34,0.32,0.34,1196000
ER0.SI,20111220,0.33,0.34,0.32,0.33,698000
ER0.SI,20111219,0.34,0.34,0.33,0.33,505000
ER0.SI,20111218,0.33,0.33,0.33,0.33,401000
ER0.SI,20111215,0.33,0.34,0.32,0.34,588000
ER0.SI,20111214,0.33,0.34,0.33,0.34,491000
ER0.SI,20111213,0.34,0.34,0.33,0.33,379000
ER0.SI,20111212,0.33,0.33,0.33,0.33,574000
ER0.SI,20111211,0.33,0.34,0.33,0.33,637000
ER0.SI,20111208,0.33,0.33,0.33,0.33,373000
ER0.SI,20111207,0.34,0.34,0.32,0.32,1581000
ER0.SI,20111206,0.34,0.35,0.34,0.34,1971000
ER0.SI,20111205,0.34,0.34,0.34,0.34,1183000
ER0.SI,20111204,0.34,0.34,0.34,0.34,510000
ER0.SI,20111201,0.34,0.34,0.34,0.34,1488000
ER0.SI,20111130,0.34,0.34,0.34,0.34,1422000
ER0.SI,20111129,0.34,0.34,0.33,0.33,1568000
ER0.SI,20111128,0.34,0.34,0.34,0.34,959000
ER0.SI,20111127,0.34,0.34,0.34,0.34,1607000
ER0.SI,20111124,0.34,0.34,0.34,0.34,1705000
ER0.SI,20111123,0.34,0.34,0.34,0.34,576000
ER0.SI,20111122,0.33,0.35,0.33,0.34,9563000
ER0.SI,20111121,0.34,0.34,0.34,0.34,1092000
ER0.SI,20111120,0.34,0.34,0.34,0.34,1355000
ER0.SI,20111117,0.34,0.34,0.33,0.34,1053000
ER0.SI,20111116,0.34,0.34,0.34,0.34,3518000
ER0.SI,20111115,0.34,0.34,0.33,0.34,1368000
ER0.SI,20111114,0.34,0.34,0.34,0.34,000
ER0.SI,20111113,0.34,0.34,0.34,0.34,1179000
ER0.SI,20111110,0.34,0.35,0.34,0.34,3060000
ER0.SI,20111109,0.34,0.34,0.34,0.34,1673000
ER0.SI,20111108,0.35,0.36,0.35,0.35,3130000
ER0.SI,20111107,0.34,0.36,0.34,0.35,5730000
ER0.SI,20111106,0.34,0.34,0.34,0.34,2236000
ER0.SI,20111103,0.32,0.34,0.32,0.34,4807000
ER0.SI,20111102,0.31,0.32,0.31,0.32,983000
ER0.SI,20111101,0.31,0.32,0.31,0.32,554000
ER0.SI,20111031,0.31,0.31,0.31,0.31,1232000
ER0.SI,20111030,0.32,0.32,0.31,0.31,815000
ER0.SI,20111027,0.32,0.32,0.32,0.32,000
ER0.SI,20111026,0.32,0.32,0.32,0.32,640000
ER0.SI,20111025,0.32,0.32,0.31,0.32,1621000
ER0.SI,20111024,0.32,0.32,0.32,0.32,1962000
ER0.SI,20111023,0.31,0.32,0.31,0.31,635000
ER0.SI,20111020,0.32,0.32,0.31,0.32,782000
ER0.SI,20111019,0.31,0.32,0.31,0.32,1458000
ER0.SI,20111018,0.32,0.32,0.31,0.31,1111000
ER0.SI,20111017,0.31,0.32,0.31,0.31,2017000
ER0.SI,20111016,0.31,0.32,0.31,0.31,1654000
ER0.SI,20111013,0.31,0.32,0.31,0.31,2508000
ER0.SI,20111012,0.31,0.31,0.31,0.31,1599000
ER0.SI,20111011,0.31,0.32,0.30,0.31,4603000
ER0.SI,20111010,0.32,0.33,0.32,0.32,2120000
ER0.SI,20111009,0.34,0.34,0.32,0.32,8793000
ER0.SI,20111006,0.34,0.35,0.34,0.34,3985000
ER0.SI,20111005,0.34,0.35,0.34,0.34,6659000
ER0.SI,20111004,0.34,0.34,0.34,0.34,2311000
ER0.SI,20111003,0.35,0.35,0.34,0.34,5426000
ER0.SI,20111002,0.34,0.34,0.34,0.34,2697000
ER0.SI,20110929,0.34,0.35,0.34,0.34,6680000
ER0.SI,20110928,0.32,0.35,0.32,0.34,13863000
ER0.SI,20110927,0.34,0.34,0.32,0.33,5129000
ER0.SI,20110926,0.35,0.36,0.34,0.34,16153000
ER0.SI,20110925,0.30,0.34,0.30,0.34,28601000
ER0.SI,20110922,0.25,0.30,0.25,0.29,21106000
ER0.SI,20110921,0.25,0.25,0.24,0.25,446000
ER0.SI,20110920,0.25,0.25,0.23,0.25,461000
ER0.SI,20110919,0.25,0.25,0.25,0.25,215000
ER0.SI,20110918,0.25,0.25,0.24,0.25,1624000
ER0.SI,20110915,0.23,0.24,0.23,0.24,1185000
ER0.SI,20110914,0.23,0.24,0.23,0.23,358000
ER0.SI,20110913,0.22,0.23,0.22,0.23,1301000
ER0.SI,20110912,0.22,0.22,0.22,0.22,93000
ER0.SI,20110911,0.23,0.23,0.23,0.23,44000
ER0.SI,20110908,0.23,0.23,0.23,0.23,575000
ER0.SI,20110907,0.22,0.22,0.22,0.22,38000
ER0.SI,20110906,0.22,0.23,0.22,0.22,202000
ER0.SI,20110905,0.22,0.22,0.22,0.22,150000
ER0.SI,20110904,0.22,0.22,0.22,0.22,93000
ER0.SI,20110901,0.22,0.22,0.22,0.22,90000
ER0.SI,20110831,0.22,0.22,0.22,0.22,128000
ER0.SI,20110830,0.22,0.22,0.22,0.22,185000
ER0.SI,20110829,0.22,0.22,0.22,0.22,50000
ER0.SI,20110828,0.22,0.22,0.22,0.22,600000
ER0.SI,20110825,0.22,0.22,0.22,0.22,32000
ER0.SI,20110824,0.22,0.22,0.22,0.22,236000
ER0.SI,20110823,0.22,0.22,0.22,0.22,110000
ER0.SI,20110822,0.22,0.22,0.22,0.22,20000
ER0.SI,20110821,0.22,0.22,0.22,0.22,000
ER0.SI,20110818,0.22,0.22,0.22,0.22,100000
ER0.SI,20110817,0.22,0.22,0.22,0.22,274000
ER0.SI,20110816,0.22,0.22,0.22,0.22,331000
ER0.SI,20110815,0.21,0.22,0.21,0.22,556000
ER0.SI,20110814,0.21,0.21,0.21,0.21,11000
ER0.SI,20110811,0.21,0.21,0.21,0.21,2000
ER0.SI,20110810,0.21,0.21,0.21,0.21,000
ER0.SI,20110809,0.21,0.21,0.21,0.21,40000
ER0.SI,20110808,0.21,0.21,0.21,0.21,168000
ER0.SI,20110807,0.22,0.22,0.22,0.22,16000
ER0.SI,20110804,0.22,0.22,0.22,0.22,000
ER0.SI,20110803,0.22,0.22,0.22,0.22,000
ER0.SI,20110802,0.22,0.22,0.22,0.22,238000
ER0.SI,20110801,0.22,0.22,0.22,0.22,839300
ER0.SI,20110731,0.22,0.22,0.22,0.22,51700
ER0.SI,20110728,0.22,0.22,0.22,0.22,93500
ER0.SI,20110727,0.22,0.22,0.22,0.22,255200
ER0.SI,20110726,0.22,0.22,0.22,0.22,92400
ER0.SI,20110725,0.22,0.22,0.22,0.22,213400
ER0.SI,20110724,0.22,0.22,0.22,0.22,105600
ER0.SI,20110721,0.22,0.22,0.22,0.22,756800
ER0.SI,20110720,0.22,0.22,0.22,0.22,99000
ER0.SI,20110719,0.22,0.22,0.22,0.22,757900
ER0.SI,20110718,0.22,0.23,0.22,0.22,322300
ER0.SI,20110717,0.22,0.23,0.22,0.22,1343100
ER0.SI,20110714,0.22,0.22,0.22,0.22,949300
ER0.SI,20110713,0.22,0.22,0.21,0.22,1555400
ER0.SI,20110712,0.21,0.21,0.21,0.21,60500
ER0.SI,20110711,0.21,0.21,0.21,0.21,000
ER0.SI,20110710,0.21,0.21,0.21,0.21,000
ER0.SI,20110707,0.21,0.21,0.21,0.21,332200
ER0.SI,20110706,0.21,0.21,0.21,0.21,000
ER0.SI,20110705,0.21,0.21,0.21,0.21,99000
ER0.SI,20110704,0.21,0.21,0.21,0.21,26400
ER0.SI,20110703,0.21,0.21,0.21,0.21,5500
ER0.SI,20110630,0.21,0.21,0.21,0.21,110000
ER0.SI,20110629,0.21,0.21,0.21,0.21,4400
ER0.SI,20110628,0.21,0.21,0.21,0.21,105600
ER0.SI,20110627,0.21,0.21,0.21,0.21,000
ER0.SI,20110626,0.21,0.21,0.21,0.21,000
ER0.SI,20110623,0.21,0.21,0.21,0.21,277200
ER0.SI,20110622,0.21,0.21,0.21,0.21,40700
ER0.SI,20110621,0.21,0.21,0.21,0.21,234300
ER0.SI,20110620,0.21,0.21,0.21,0.21,5500
ER0.SI,20110619,0.21,0.21,0.21,0.21,000
ER0.SI,20110616,0.21,0.21,0.21,0.21,242000
ER0.SI,20110615,0.21,0.21,0.21,0.21,330000
ER0.SI,20110614,0.21,0.21,0.21,0.21,405900
ER0.SI,20110613,0.21,0.21,0.21,0.21,413600
ER0.SI,20110612,0.20,0.21,0.20,0.21,357500
ER0.SI,20110609,0.20,0.20,0.20,0.20,176000
ER0.SI,20110608,0.20,0.20,0.20,0.20,22000
ER0.SI,20110607,0.20,0.21,0.20,0.21,260700
ER0.SI,20110606,0.20,0.20,0.20,0.20,84700
ER0.SI,20110605,0.20,0.21,0.20,0.20,195800
ER0.SI,20110602,0.21,0.21,0.21,0.21,60500
ER0.SI,20110601,0.20,0.21,0.20,0.21,200200
ER0.SI,20110531,0.21,0.21,0.21,0.21,000
ER0.SI,20110530,0.20,0.21,0.20,0.21,53900
ER0.SI,20110529,0.20,0.21,0.20,0.20,1269400
ER0.SI,20110526,0.20,0.20,0.20,0.20,110000
ER0.SI,20110525,0.20,0.20,0.20,0.20,000
ER0.SI,20110524,0.20,0.20,0.20,0.20,000
ER0.SI,20110523,0.20,0.20,0.20,0.20,4400
ER0.SI,20110522,0.20,0.20,0.20,0.20,132000
ER0.SI,20110519,0.20,0.20,0.20,0.20,350900
ER0.SI,20110518,0.20,0.20,0.20,0.20,217800
ER0.SI,20110517,0.20,0.20,0.20,0.20,244200
ER0.SI,20110516,0.20,0.20,0.20,0.20,140800
ER0.SI,20110515,0.20,0.21,0.20,0.21,77000
ER0.SI,20110512,0.20,0.20,0.20,0.20,193600
ER0.SI,20110511,0.20,0.20,0.20,0.20,22000
ER0.SI,20110510,0.20,0.21,0.20,0.21,350900
ER0.SI,20110509,0.20,0.21,0.20,0.21,389400
ER0.SI,20110508,0.21,0.21,0.21,0.21,110000
ER0.SI,20110505,0.21,0.21,0.21,0.21,16500
ER0.SI,20110504,0.21,0.21,0.21,0.21,77000
ER0.SI,20110503,0.21,0.21,0.21,0.21,262900
ER0.SI,20110502,0.21,0.21,0.21,0.21,000
ER0.SI,20110501,0.21,0.21,0.21,0.21,470800
ER0.SI,20110428,0.21,0.21,0.21,0.21,212300
ER0.SI,20110427,0.21,0.21,0.21,0.21,9900
ER0.SI,20110426,0.21,0.21,0.21,0.21,102300
ER0.SI,20110425,0.21,0.22,0.21,0.21,495000
ER0.SI,20110424,0.21,0.21,0.21,0.21,575300
ER0.SI,20110421,0.21,0.22,0.21,0.21,108900
ER0.SI,20110420,0.21,0.21,0.21,0.21,22000
ER0.SI,20110419,0.21,0.22,0.21,0.21,310200
ER0.SI,20110418,0.21,0.21,0.21,0.21,116600
ER0.SI,20110417,0.22,0.23,0.21,0.22,6141300
ER0.SI,20110414,0.21,0.22,0.20,0.22,1571900
ER0.SI,20110413,0.20,0.21,0.20,0.21,586300
ER0.SI,20110412,0.21,0.21,0.21,0.21,214500
ER0.SI,20110411,0.21,0.21,0.21,0.21,5500
ER0.SI,20110410,0.21,0.21,0.21,0.21,330000
ER0.SI,20110407,0.21,0.21,0.21,0.21,000
ER0.SI,20110406,0.21,0.21,0.21,0.21,88000
ER0.SI,20110405,0.21,0.21,0.21,0.21,49500
ER0.SI,20110404,0.21,0.21,0.21,0.21,000
ER0.SI,20110403,0.21,0.21,0.21,0.21,000
ER0.SI,20110331,0.22,0.22,0.21,0.21,169400
ER0.SI,20110330,0.21,0.22,0.21,0.22,177100
ER0.SI,20110329,0.22,0.22,0.22,0.22,000
ER0.SI,20110328,0.22,0.22,0.22,0.22,121000
ER0.SI,20110327,0.22,0.22,0.22,0.22,415800
ER0.SI,20110324,0.21,0.21,0.21,0.21,184800
ER0.SI,20110323,0.20,0.21,0.20,0.21,90200
ER0.SI,20110322,0.21,0.21,0.21,0.21,154000
ER0.SI,20110321,0.21,0.21,0.20,0.20,220000
ER0.SI,20110320,0.21,0.21,0.21,0.21,000
ER0.SI,20110317,0.21,0.21,0.21,0.21,240900
ER0.SI,20110316,0.21,0.21,0.21,0.21,110000
ER0.SI,20110315,0.21,0.21,0.21,0.21,105600
ER0.SI,20110314,0.20,0.20,0.20,0.20,000
ER0.SI,20110313,0.20,0.21,0.20,0.20,210100
ER0.SI,20110310,0.20,0.20,0.20,0.20,100100
ER0.SI,20110309,0.20,0.20,0.20,0.20,70400
ER0.SI,20110308,0.20,0.21,0.20,0.21,99000
ER0.SI,20110307,0.20,0.21,0.20,0.20,122100
ER0.SI,20110306,0.20,0.20,0.20,0.20,35200
ER0.SI,20110303,0.20,0.20,0.20,0.20,22000
ER0.SI,20110302,0.20,0.20,0.20,0.20,248600
ER0.SI,20110301,0.21,0.21,0.21,0.21,110000
ER0.SI,20110228,0.21,0.21,0.21,0.21,000
ER0.SI,20110227,0.22,0.22,0.21,0.21,34100
ER0.SI,20110224,0.21,0.22,0.21,0.22,232100
ER0.SI,20110223,0.21,0.21,0.21,0.21,209000
ER0.SI,20110222,0.22,0.22,0.21,0.22,325600
ER0.SI,20110221,0.22,0.22,0.22,0.22,289300
ER0.SI,20110220,0.22,0.22,0.22,0.22,474100
ER0.SI,20110217,0.22,0.22,0.22,0.22,138600
ER0.SI,20110216,0.22,0.22,0.22,0.22,743600
ER0.SI,20110215,0.22,0.22,0.22,0.22,543400
ER0.SI,20110214,0.22,0.22,0.22,0.22,245300
ER0.SI,20110213,0.22,0.22,0.22,0.22,203500
ER0.SI,20110210,0.22,0.23,0.22,0.22,1183600
ER0.SI,20110209,0.22,0.22,0.22,0.22,743600
ER0.SI,20110208,0.21,0.22,0.21,0.22,177100
ER0.SI,20110207,0.21,0.22,0.21,0.22,231000
ER0.SI,20110206,0.21,0.22,0.21,0.21,416900
ER0.SI,20110203,0.21,0.21,0.21,0.21,198000
ER0.SI,20110202,0.21,0.21,0.21,0.21,353100
ER0.SI,20110201,0.21,0.21,0.21,0.21,244200
ER0.SI,20110131,0.21,0.21,0.21,0.21,000
ER0.SI,20110130,0.21,0.21,0.20,0.21,140800
ER0.SI,20110127,0.20,0.21,0.20,0.21,220000
ER0.SI,20110126,0.20,0.20,0.20,0.20,148500
ER0.SI,20110125,0.20,0.21,0.20,0.20,349800
ER0.SI,20110124,0.20,0.20,0.20,0.20,000
ER0.SI,20110123,0.20,0.20,0.20,0.20,000
ER0.SI,20110120,0.20,0.20,0.20,0.20,45100
ER0.SI,20110119,0.20,0.20,0.20,0.20,217800
ER0.SI,20110118,0.20,0.20,0.20,0.20,529100
ER0.SI,20110117,0.20,0.20,0.20,0.20,238700
ER0.SI,20110116,0.20,0.20,0.19,0.19,165000
ER0.SI,20110113,0.20,0.20,0.20,0.20,68200
ER0.SI,20110112,0.20,0.20,0.20,0.20,148500
ER0.SI,20110111,0.20,0.20,0.20,0.20,323400
ER0.SI,20110110,0.20,0.20,0.20,0.20,74800
ER0.SI,20110109,0.20,0.20,0.19,0.19,2200
ER0.SI,20110106,0.19,0.20,0.19,0.19,19800
ER0.SI,20110105,0.19,0.20,0.19,0.20,138600
ER0.SI,20110104,0.20,0.20,0.20,0.20,000
ER0.SI,20110103,0.20,0.20,0.20,0.20,111100
ER0.SI,20110102,0.19,0.19,0.19,0.19,000
ER0.SI,20101230,0.19,0.20,0.19,0.19,93500
ER0.SI,20101229,0.19,0.19,0.19,0.19,308000
ER0.SI,20101228,0.19,0.19,0.19,0.19,000
ER0.SI,20101227,0.19,0.19,0.19,0.19,000
ER0.SI,20101226,0.19,0.19,0.19,0.19,000
ER0.SI,20101223,0.19,0.19,0.19,0.19,22000
ER0.SI,20101222,0.19,0.19,0.19,0.19,143000
ER0.SI,20101221,0.19,0.19,0.19,0.19,128700
ER0.SI,20101220,0.19,0.19,0.19,0.19,33000
ER0.SI,20101219,0.18,0.19,0.18,0.19,90200
ER0.SI,20101216,0.19,0.19,0.19,0.19,000
ER0.SI,20101215,0.19,0.19,0.19,0.19,000
ER0.SI,20101214,0.19,0.19,0.19,0.19,000
ER0.SI,20101213,0.19,0.19,0.19,0.19,000
ER0.SI,20101212,0.19,0.19,0.19,0.19,000
ER0.SI,20101209,0.19,0.19,0.19,0.19,20900
ER0.SI,20101208,0.19,0.19,0.19,0.19,8800
ER0.SI,20101207,0.19,0.19,0.19,0.19,33000
ER0.SI,20101206,0.20,0.20,0.20,0.20,242000
ER0.SI,20101205,0.20,0.20,0.19,0.19,242000
ER0.SI,20101202,0.19,0.19,0.19,0.19,000
ER0.SI,20101201,0.19,0.19,0.19,0.19,000
ER0.SI,20101130,0.19,0.19,0.19,0.19,000
ER0.SI,20101129,0.19,0.19,0.19,0.19,152900
ER0.SI,20101128,0.19,0.19,0.19,0.19,53900
ER0.SI,20101125,0.18,0.19,0.18,0.18,148500
ER0.SI,20101124,0.19,0.19,0.19,0.19,330000
ER0.SI,20101123,0.18,0.18,0.18,0.18,000
ER0.SI,20101122,0.18,0.18,0.18,0.18,8800
ER0.SI,20101121,0.20,0.20,0.19,0.19,247500
ER0.SI,20101118,0.19,0.19,0.19,0.19,20900
ER0.SI,20101117,0.19,0.19,0.19,0.19,27500
ER0.SI,20101115,0.19,0.19,0.19,0.19,198000
ER0.SI,20101114,0.20,0.20,0.19,0.20,405900
ER0.SI,20101111,0.20,0.20,0.20,0.20,330000
ER0.SI,20101110,0.20,0.20,0.20,0.20,312400
ER0.SI,20101109,0.20,0.20,0.20,0.20,832700
ER0.SI,20101108,0.20,0.20,0.20,0.20,302500
ER0.SI,20101104,0.20,0.20,0.20,0.20,60500
ER0.SI,20101103,0.20,0.20,0.20,0.20,55000
ER0.SI,20101102,0.20,0.20,0.19,0.20,390500
ER0.SI,20101101,0.20,0.20,0.20,0.20,27500
ER0.SI,20101031,0.20,0.20,0.20,0.20,63800
ER0.SI,20101028,0.20,0.21,0.20,0.20,222200
ER0.SI,20101027,0.20,0.20,0.20,0.20,176000
ER0.SI,20101024,0.20,0.20,0.20,0.20,5500
ER0.SI,20101020,0.20,0.20,0.20,0.20,169400
ER0.SI,20101019,0.20,0.20,0.20,0.20,66000
ER0.SI,20101018,0.20,0.20,0.20,0.20,119900
ER0.SI,20101017,0.20,0.20,0.20,0.20,82500
ER0.SI,20101014,0.20,0.20,0.20,0.20,22000
ER0.SI,20101013,0.20,0.20,0.20,0.20,28600
ER0.SI,20101011,0.19,0.20,0.19,0.19,253000
ER0.SI,20101010,0.19,0.19,0.19,0.19,37400
ER0.SI,20101007,0.19,0.19,0.19,0.19,84700
ER0.SI,20101006,0.19,0.19,0.19,0.19,4400
ER0.SI,20101005,0.18,0.19,0.18,0.19,156200
ER0.SI,20101004,0.19,0.19,0.18,0.19,268400
ER0.SI,20100930,0.19,0.19,0.19,0.19,92400
ER0.SI,20100929,0.20,0.20,0.20,0.20,2200
ER0.SI,20100928,0.20,0.20,0.20,0.20,31900
ER0.SI,20100927,0.19,0.20,0.19,0.20,81400
ER0.SI,20100926,0.20,0.20,0.19,0.19,379500
ER0.SI,20100923,0.19,0.20,0.19,0.20,92400
ER0.SI,20100922,0.20,0.20,0.20,0.20,188100
ER0.SI,20100921,0.20,0.20,0.20,0.20,78100
ER0.SI,20100920,0.20,0.20,0.20,0.20,88000
ER0.SI,20100919,0.20,0.20,0.20,0.20,63800
ER0.SI,20100916,0.20,0.20,0.20,0.20,88000
ER0.SI,20100915,0.20,0.20,0.20,0.20,47300
ER0.SI,20100914,0.20,0.20,0.20,0.20,602800
ER0.SI,20100913,0.20,0.20,0.20,0.20,894300
ER0.SI,20100912,0.19,0.20,0.19,0.20,110000
ER0.SI,20100909,0.19,0.20,0.19,0.20,99000
ER0.SI,20100908,0.20,0.20,0.19,0.19,128700
ER0.SI,20100907,0.19,0.20,0.19,0.20,100100
ER0.SI,20100906,0.19,0.20,0.19,0.19,254100
ER0.SI,20100905,0.20,0.20,0.19,0.19,244200
ER0.SI,20100902,0.20,0.20,0.20,0.20,66000
ER0.SI,20100901,0.20,0.20,0.20,0.20,426800
ER0.SI,20100831,0.20,0.20,0.20,0.20,623700
ER0.SI,20100829,0.20,0.20,0.20,0.20,22000
ER0.SI,20100826,0.20,0.20,0.20,0.20,84700
ER0.SI,20100825,0.19,0.20,0.19,0.20,91300
ER0.SI,20100824,0.20,0.20,0.19,0.19,217800
ER0.SI,20100823,0.19,0.19,0.19,0.19,300300
ER0.SI,20100822,0.19,0.19,0.18,0.19,264000
ER0.SI,20100819,0.19,0.19,0.19,0.19,253000
ER0.SI,20100818,0.19,0.20,0.19,0.19,118800
ER0.SI,20100816,0.20,0.20,0.20,0.20,1071400
ER0.SI,20100815,0.20,0.20,0.20,0.20,141900
ER0.SI,20100812,0.20,0.20,0.19,0.20,247500
ER0.SI,20100811,0.18,0.19,0.18,0.19,407000
ER0.SI,20100810,0.20,0.20,0.19,0.19,1353000
ER0.SI,20100808,0.20,0.20,0.19,0.20,1428900
ER0.SI,20100805,0.22,0.22,0.21,0.21,1093400
ER0.SI,20100804,0.22,0.22,0.22,0.22,44000
ER0.SI,20100803,0.23,0.23,0.22,0.22,976800
ER0.SI,20100802,0.23,0.23,0.23,0.23,1679700
ER0.SI,20100801,0.24,0.24,0.23,0.23,550000
ER0.SI,20100729,0.24,0.25,0.24,0.24,1917300
ER0.SI,20100728,0.24,0.24,0.24,0.24,275000
ER0.SI,20100727,0.24,0.25,0.24,0.25,1078000
ER0.SI,20100726,0.24,0.24,0.24,0.24,357500
ER0.SI,20100725,0.24,0.24,0.24,0.24,220000
ER0.SI,20100722,0.23,0.24,0.23,0.24,1548800
ER0.SI,20100721,0.23,0.23,0.23,0.23,308000
ER0.SI,20100720,0.23,0.24,0.23,0.23,775500
ER0.SI,20100719,0.22,0.23,0.22,0.23,503800
ER0.SI,20100718,0.23,0.23,0.23,0.23,1720400
ER0.SI,20100715,0.23,0.24,0.23,0.23,518100
ER0.SI,20100714,0.24,0.24,0.23,0.24,1738000
ER0.SI,20100713,0.24,0.25,0.24,0.24,1831500
ER0.SI,20100712,0.25,0.25,0.24,0.24,2989800
ER0.SI,20100711,0.25,0.25,0.25,0.25,1124200
ER0.SI,20100708,0.25,0.25,0.25,0.25,1030700
ER0.SI,20100707,0.25,0.25,0.25,0.25,973500
ER0.SI,20100706,0.25,0.26,0.25,0.26,15314200
ER0.SI,20100705,0.25,0.26,0.25,0.25,14164700
ER0.SI,20100704,0.25,0.25,0.25,0.25,7865000
ER0.SI,20100701,0.23,0.25,0.23,0.24,1607100
ER0.SI,20100630,0.23,0.23,0.23,0.23,257400
ER0.SI,20100629,0.23,0.23,0.23,0.23,346500
ER0.SI,20100628,0.23,0.23,0.23,0.23,310200
ER0.SI,20100627,0.22,0.23,0.22,0.23,441100
ER0.SI,20100624,0.22,0.22,0.22,0.22,44000
ER0.SI,20100623,0.23,0.23,0.22,0.22,137500
ER0.SI,20100621,0.22,0.23,0.22,0.22,414700
ER0.SI,20100620,0.22,0.22,0.22,0.22,95700
ER0.SI,20100617,0.22,0.22,0.22,0.22,181500
ER0.SI,20100616,0.22,0.22,0.22,0.22,675400
ER0.SI,20100615,0.23,0.23,0.23,0.23,193600
ER0.SI,20100614,0.23,0.23,0.23,0.23,44000
ER0.SI,20100613,0.23,0.23,0.22,0.23,239800
ER0.SI,20100610,0.23,0.23,0.23,0.23,264000
ER0.SI,20100609,0.23,0.23,0.23,0.23,235400
ER0.SI,20100608,0.23,0.23,0.23,0.23,112200
ER0.SI,20100607,0.24,0.24,0.23,0.23,13200
ER0.SI,20100606,0.23,0.23,0.23,0.23,83600
ER0.SI,20100603,0.23,0.23,0.23,0.23,182600
ER0.SI,20100602,0.23,0.23,0.23,0.23,1014200
ER0.SI,20100601,0.23,0.23,0.23,0.23,977900
ER0.SI,20100531,0.23,0.24,0.23,0.24,628100
ER0.SI,20100530,0.24,0.24,0.23,0.23,223300
ER0.SI,20100527,0.24,0.24,0.24,0.24,434500
ER0.SI,20100526,0.24,0.24,0.24,0.24,422400
ER0.SI,20100525,0.25,0.26,0.24,0.25,13415600
ER0.SI,20100524,0.23,0.25,0.23,0.25,3699300
ER0.SI,20100523,0.23,0.23,0.23,0.23,49500
ER0.SI,20100520,0.23,0.23,0.23,0.23,168300
ER0.SI,20100519,0.23,0.23,0.23,0.23,283800
ER0.SI,20100518,0.23,0.23,0.23,0.23,220000
ER0.SI,20100516,0.23,0.23,0.23,0.23,156200
ER0.SI,20100513,0.23,0.23,0.23,0.23,133100
ER0.SI,20100512,0.23,0.23,0.22,0.22,44000
ER0.SI,20100511,0.23,0.23,0.23,0.23,66000
ER0.SI,20100510,0.22,0.23,0.22,0.23,217800
ER0.SI,20100509,0.22,0.22,0.22,0.22,110000
ER0.SI,20100506,0.22,0.22,0.22,0.22,121000
ER0.SI,20100505,0.23,0.23,0.22,0.22,88000
ER0.SI,20100504,0.22,0.22,0.22,0.22,196900
ER0.SI,20100503,0.23,0.23,0.22,0.22,732600
ER0.SI,20100429,0.23,0.23,0.23,0.23,253000
ER0.SI,20100428,0.24,0.24,0.24,0.24,145200
ER0.SI,20100427,0.24,0.24,0.24,0.24,323400
ER0.SI,20100426,0.25,0.25,0.24,0.24,445500
ER0.SI,20100425,0.24,0.25,0.24,0.25,11678700
ER0.SI,20100421,0.24,0.25,0.23,0.24,4515500
ER0.SI,20100420,0.23,0.23,0.23,0.23,455400
ER0.SI,20100418,0.22,0.23,0.22,0.23,206800
ER0.SI,20100415,0.23,0.23,0.22,0.23,319000
ER0.SI,20100414,0.23,0.23,0.23,0.23,136400
ER0.SI,20100413,0.23,0.23,0.23,0.23,161700
ER0.SI,20100412,0.23,0.23,0.23,0.23,170500
ER0.SI,20100411,0.23,0.23,0.23,0.23,22000
ER0.SI,20100408,0.23,0.23,0.23,0.23,126500
ER0.SI,20100407,0.23,0.23,0.23,0.23,317900
ER0.SI,20100406,0.23,0.23,0.22,0.22,396000
ER0.SI,20100405,0.22,0.23,0.22,0.23,116600
ER0.SI,20100404,0.22,0.22,0.22,0.22,42900
ER0.SI,20100401,0.22,0.22,0.22,0.22,1100
ER0.SI,20100331,0.23,0.23,0.21,0.22,154000
ER0.SI,20100330,0.21,0.22,0.21,0.22,154000
ER0.SI,20100329,0.21,0.21,0.21,0.21,253000
ER0.SI,20100328,0.21,0.21,0.21,0.21,121000
ER0.SI,20100325,0.21,0.21,0.21,0.21,44000
ER0.SI,20100324,0.21,0.21,0.21,0.21,249700
ER0.SI,20100323,0.21,0.21,0.21,0.21,33000
ER0.SI,20100322,0.21,0.21,0.20,0.21,210100
ER0.SI,20100321,0.20,0.20,0.20,0.20,55000
ER0.SI,20100318,0.20,0.20,0.20,0.20,85800
ER0.SI,20100317,0.20,0.20,0.20,0.20,348700
ER0.SI,20100316,0.20,0.20,0.20,0.20,742500
ER0.SI,20100315,0.21,0.21,0.20,0.20,804100
ER0.SI,20100314,0.21,0.21,0.21,0.21,355300
ER0.SI,20100311,0.21,0.21,0.21,0.21,22000
ER0.SI,20100310,0.22,0.22,0.22,0.22,56100
ER0.SI,20100309,0.22,0.22,0.22,0.22,66000
ER0.SI,20100308,0.22,0.23,0.22,0.23,122100
ER0.SI,20100307,0.22,0.22,0.22,0.22,174900
ER0.SI,20100304,0.22,0.22,0.22,0.22,409200
ER0.SI,20100303,0.22,0.22,0.22,0.22,133100
ER0.SI,20100302,0.22,0.22,0.22,0.22,7700
ER0.SI,20100301,0.22,0.22,0.22,0.22,350900
ER0.SI,20100228,0.22,0.22,0.21,0.22,185900
ER0.SI,20100225,0.22,0.22,0.22,0.22,88000
ER0.SI,20100224,0.22,0.22,0.22,0.22,202400
ER0.SI,20100223,0.22,0.22,0.22,0.22,467500
ER0.SI,20100222,0.23,0.23,0.22,0.22,259600
ER0.SI,20100221,0.23,0.23,0.23,0.23,172700
ER0.SI,20100218,0.23,0.23,0.23,0.23,468600
ER0.SI,20100216,0.23,0.23,0.23,0.23,107800
ER0.SI,20100215,0.23,0.23,0.23,0.23,86900
ER0.SI,20100214,0.23,0.23,0.23,0.23,223300
ER0.SI,20100211,0.23,0.23,0.23,0.23,339900
ER0.SI,20100210,0.23,0.23,0.23,0.23,247500
ER0.SI,20100209,0.23,0.23,0.23,0.23,165000
ER0.SI,20100208,0.23,0.23,0.23,0.23,135300
ER0.SI,20100207,0.23,0.23,0.23,0.23,3300
ER0.SI,20100202,0.23,0.23,0.23,0.23,16500
ER0.SI,20100201,0.23,0.23,0.23,0.23,126500
ER0.SI,20100131,0.23,0.23,0.23,0.23,302500
ER0.SI,20100125,0.23,0.23,0.23,0.23,418000
ER0.SI,20100124,0.23,0.23,0.23,0.23,220000
ER0.SI,20100121,0.24,0.24,0.23,0.23,99000
ER0.SI,20100120,0.24,0.24,0.24,0.24,34100
ER0.SI,20100118,0.24,0.24,0.24,0.24,171600
ER0.SI,20100117,0.24,0.24,0.23,0.23,39600
ER0.SI,20100114,0.24,0.24,0.24,0.24,482900
ER0.SI,20100113,0.24,0.24,0.24,0.24,477400
ER0.SI,20100112,0.24,0.24,0.24,0.24,165000
ER0.SI,20100111,0.23,0.24,0.23,0.24,280500
ER0.SI,20100110,0.24,0.24,0.24,0.24,56100
ER0.SI,20100107,0.24,0.24,0.24,0.24,82500
ER0.SI,20100105,0.24,0.24,0.23,0.23,55000
ER0.SI,20100104,0.24,0.24,0.24,0.24,143000
ER0.SI,20100103,0.24,0.24,0.24,0.24,44000
