EB7.SI,20120522,0.10,0.10,0.098,0.098,105000
EB7.SI,20120604,0.10,0.10,0.10,0.10,000
EB7.SI,20120603,0.10,0.10,0.10,0.10,000
EB7.SI,20120531,0.10,0.10,0.10,0.10,000
EB7.SI,20120530,0.10,0.10,0.10,0.10,000
EB7.SI,20120529,0.10,0.10,0.10,0.10,000
EB7.SI,20120528,0.10,0.10,0.10,0.10,000
EB7.SI,20120527,0.10,0.10,0.10,0.10,000
EB7.SI,20120524,0.10,0.10,0.10,0.10,000
EB7.SI,20120523,0.10,0.10,0.10,0.10,000
EB7.SI,20120522,0.10,0.10,0.10,0.10,105000
EB7.SI,20120521,0.10,0.10,0.10,0.10,000
EB7.SI,20120520,0.10,0.10,0.10,0.10,000
EB7.SI,20120517,0.10,0.10,0.10,0.10,12000
EB7.SI,20120516,0.09,0.09,0.09,0.09,000
EB7.SI,20120515,0.09,0.09,0.09,0.09,000
EB7.SI,20120514,0.09,0.10,0.09,0.09,191000
EB7.SI,20120513,0.09,0.09,0.09,0.09,5000
EB7.SI,20120510,0.09,0.09,0.09,0.09,160000
EB7.SI,20120509,0.10,0.10,0.09,0.09,25000
EB7.SI,20120508,0.09,0.09,0.08,0.09,367000
EB7.SI,20120507,0.10,0.10,0.10,0.10,000
EB7.SI,20120506,0.09,0.10,0.09,0.10,124000
EB7.SI,20120503,0.10,0.10,0.10,0.10,000
EB7.SI,20120502,0.10,0.10,0.10,0.10,000
EB7.SI,20120501,0.10,0.10,0.10,0.10,000
EB7.SI,20120430,0.10,0.10,0.10,0.10,000
EB7.SI,20120426,0.10,0.10,0.10,0.10,000
EB7.SI,20120425,0.10,0.10,0.10,0.10,000
EB7.SI,20120424,0.10,0.10,0.10,0.10,000
EB7.SI,20120423,0.10,0.10,0.10,0.10,000
EB7.SI,20120422,0.10,0.10,0.10,0.10,000
EB7.SI,20120419,0.10,0.10,0.10,0.10,000
EB7.SI,20120418,0.10,0.10,0.10,0.10,000
EB7.SI,20120417,0.10,0.10,0.10,0.10,000
EB7.SI,20120416,0.10,0.10,0.09,0.10,31000
EB7.SI,20120415,0.09,0.09,0.09,0.09,30000
EB7.SI,20120412,0.10,0.10,0.10,0.10,000
EB7.SI,20120411,0.10,0.10,0.10,0.10,000
EB7.SI,20120410,0.10,0.10,0.10,0.10,000
EB7.SI,20120409,0.10,0.10,0.10,0.10,000
EB7.SI,20120408,0.10,0.10,0.10,0.10,30000
EB7.SI,20120405,0.10,0.10,0.10,0.10,000
EB7.SI,20120404,0.10,0.10,0.10,0.10,1000
EB7.SI,20120403,0.10,0.10,0.10,0.10,1000
EB7.SI,20120402,0.10,0.10,0.10,0.10,000
EB7.SI,20120401,0.10,0.10,0.10,0.10,000
EB7.SI,20120329,0.10,0.10,0.10,0.10,000
EB7.SI,20120328,0.10,0.10,0.10,0.10,000
EB7.SI,20120327,0.10,0.10,0.10,0.10,000
EB7.SI,20120326,0.10,0.10,0.10,0.10,000
EB7.SI,20120325,0.10,0.10,0.10,0.10,000
EB7.SI,20120322,0.09,0.10,0.09,0.10,72000
EB7.SI,20120321,0.10,0.10,0.10,0.10,000
EB7.SI,20120320,0.10,0.10,0.10,0.10,000
EB7.SI,20120319,0.10,0.10,0.10,0.10,000
EB7.SI,20120318,0.10,0.10,0.10,0.10,000
EB7.SI,20120315,0.10,0.10,0.10,0.10,000
EB7.SI,20120314,0.10,0.10,0.10,0.10,50000
EB7.SI,20120313,0.10,0.10,0.10,0.10,90000
EB7.SI,20120312,0.09,0.09,0.09,0.09,5000
EB7.SI,20120311,0.10,0.10,0.09,0.09,100000
EB7.SI,20120308,0.11,0.11,0.11,0.11,000
EB7.SI,20120307,0.11,0.11,0.11,0.11,000
EB7.SI,20120306,0.11,0.11,0.11,0.11,000
EB7.SI,20120305,0.11,0.11,0.11,0.11,000
EB7.SI,20120304,0.11,0.11,0.11,0.11,000
EB7.SI,20120301,0.11,0.11,0.11,0.11,000
EB7.SI,20120229,0.11,0.11,0.11,0.11,000
EB7.SI,20120228,0.10,0.11,0.10,0.11,22000
EB7.SI,20120227,0.11,0.11,0.11,0.11,000
EB7.SI,20120226,0.11,0.11,0.11,0.11,000
EB7.SI,20120223,0.10,0.11,0.10,0.11,54000
EB7.SI,20120222,0.10,0.10,0.10,0.10,000
EB7.SI,20120221,0.10,0.10,0.10,0.10,2000
EB7.SI,20120220,0.11,0.11,0.11,0.11,000
EB7.SI,20120219,0.10,0.11,0.10,0.11,46000
EB7.SI,20120216,0.10,0.10,0.10,0.10,103000
EB7.SI,20120215,0.11,0.11,0.11,0.11,2000
EB7.SI,20120214,0.10,0.10,0.10,0.10,23000
EB7.SI,20120213,0.10,0.10,0.10,0.10,000
EB7.SI,20120212,0.10,0.10,0.10,0.10,000
EB7.SI,20120209,0.10,0.10,0.10,0.10,150000
EB7.SI,20120208,0.10,0.11,0.10,0.11,14000
EB7.SI,20120207,0.11,0.11,0.11,0.11,000
EB7.SI,20120206,0.11,0.11,0.11,0.11,1000
EB7.SI,20120205,0.11,0.11,0.11,0.11,40000
EB7.SI,20120202,0.11,0.12,0.11,0.12,110000
EB7.SI,20120201,0.11,0.11,0.11,0.11,68000
EB7.SI,20120131,0.11,0.11,0.11,0.11,000
EB7.SI,20120130,0.12,0.12,0.11,0.11,196000
EB7.SI,20120129,0.12,0.12,0.12,0.12,385000
EB7.SI,20120126,0.12,0.12,0.12,0.12,81000
EB7.SI,20120125,0.12,0.12,0.12,0.12,271000
EB7.SI,20120124,0.12,0.12,0.12,0.12,51000
EB7.SI,20120123,0.12,0.12,0.12,0.12,567000
EB7.SI,20120122,0.12,0.12,0.12,0.12,215000
EB7.SI,20120119,0.12,0.12,0.12,0.12,250000
EB7.SI,20120118,0.12,0.13,0.12,0.12,947000
EB7.SI,20120117,0.13,0.13,0.12,0.12,2763000
EB7.SI,20120116,0.12,0.12,0.12,0.12,4520000
EB7.SI,20120115,0.12,0.12,0.12,0.12,2596000
EB7.SI,20120112,0.11,0.12,0.11,0.11,2005000
EB7.SI,20120111,0.11,0.11,0.11,0.11,3213000
EB7.SI,20120110,0.10,0.11,0.10,0.11,3641000
EB7.SI,20120109,0.10,0.10,0.10,0.10,519000
EB7.SI,20120108,0.09,0.10,0.09,0.10,1574000
EB7.SI,20120105,0.09,0.09,0.09,0.09,384000
EB7.SI,20120104,0.09,0.10,0.09,0.10,238000
EB7.SI,20120103,0.09,0.10,0.09,0.09,942000
EB7.SI,20120102,0.09,0.09,0.09,0.09,000
EB7.SI,20120101,0.09,0.09,0.09,0.09,526000
EB7.SI,20111229,0.10,0.10,0.10,0.10,451000
EB7.SI,20111228,0.10,0.10,0.10,0.10,249000
EB7.SI,20111227,0.10,0.10,0.10,0.10,000
EB7.SI,20111226,0.10,0.10,0.10,0.10,000
EB7.SI,20111225,0.10,0.10,0.10,0.10,10000
EB7.SI,20111222,0.10,0.10,0.10,0.10,000
EB7.SI,20111221,0.10,0.10,0.10,0.10,000
EB7.SI,20111220,0.10,0.10,0.10,0.10,195000
EB7.SI,20111219,0.10,0.10,0.10,0.10,232000
EB7.SI,20111218,0.10,0.10,0.10,0.10,110000
EB7.SI,20111215,0.10,0.10,0.10,0.10,43000
EB7.SI,20111214,0.09,0.10,0.09,0.10,147000
EB7.SI,20111213,0.10,0.10,0.10,0.10,292000
EB7.SI,20111212,0.10,0.10,0.10,0.10,334000
EB7.SI,20111211,0.11,0.11,0.11,0.11,1000
EB7.SI,20111208,0.13,0.13,0.13,0.13,000
EB7.SI,20111207,0.13,0.13,0.13,0.13,1000
EB7.SI,20111206,0.12,0.12,0.12,0.12,000
EB7.SI,20111205,0.12,0.12,0.12,0.12,151000
EB7.SI,20111204,0.13,0.13,0.13,0.13,000
EB7.SI,20111201,0.12,0.13,0.12,0.13,26000
EB7.SI,20111130,0.13,0.13,0.10,0.13,131000
EB7.SI,20111129,0.16,0.16,0.14,0.14,268000
EB7.SI,20111128,0.15,0.15,0.15,0.15,2000
EB7.SI,20111127,0.14,0.14,0.14,0.14,000
EB7.SI,20111124,0.14,0.14,0.14,0.14,000
EB7.SI,20111123,0.14,0.14,0.14,0.14,1000
EB7.SI,20111122,0.14,0.14,0.13,0.13,15000
EB7.SI,20111121,0.14,0.14,0.14,0.14,000
EB7.SI,20111120,0.14,0.14,0.14,0.14,5000
EB7.SI,20111117,0.14,0.14,0.14,0.14,000
EB7.SI,20111116,0.14,0.14,0.14,0.14,000
EB7.SI,20111115,0.14,0.14,0.14,0.14,000
EB7.SI,20111114,0.14,0.14,0.14,0.14,000
EB7.SI,20111113,0.14,0.14,0.14,0.14,5000
EB7.SI,20111110,0.14,0.14,0.14,0.14,000
EB7.SI,20111109,0.14,0.14,0.14,0.14,53000
EB7.SI,20111108,0.14,0.14,0.14,0.14,000
EB7.SI,20111107,0.14,0.14,0.14,0.14,48000
EB7.SI,20111106,0.13,0.13,0.13,0.13,000
EB7.SI,20111103,0.13,0.13,0.13,0.13,30000
EB7.SI,20111102,0.14,0.14,0.14,0.14,000
EB7.SI,20111101,0.14,0.14,0.14,0.14,000
EB7.SI,20111031,0.14,0.14,0.14,0.14,000
EB7.SI,20111030,0.14,0.14,0.14,0.14,000
EB7.SI,20111027,0.14,0.14,0.14,0.14,000
EB7.SI,20111026,0.14,0.14,0.14,0.14,000
EB7.SI,20111025,0.14,0.14,0.14,0.14,000
EB7.SI,20111024,0.14,0.14,0.14,0.14,1000
EB7.SI,20111023,0.14,0.14,0.14,0.14,000
EB7.SI,20111020,0.14,0.14,0.14,0.14,000
EB7.SI,20111019,0.14,0.14,0.14,0.14,000
EB7.SI,20111018,0.13,0.14,0.13,0.14,53000
EB7.SI,20111017,0.14,0.14,0.14,0.14,000
EB7.SI,20111016,0.14,0.14,0.14,0.14,40000
EB7.SI,20111013,0.14,0.14,0.14,0.14,000
EB7.SI,20111012,0.14,0.14,0.14,0.14,28000
EB7.SI,20111011,0.14,0.14,0.14,0.14,000
EB7.SI,20111010,0.14,0.14,0.14,0.14,000
EB7.SI,20111009,0.13,0.14,0.13,0.14,4000
EB7.SI,20111006,0.14,0.14,0.14,0.14,52000
EB7.SI,20111005,0.13,0.14,0.13,0.14,96000
EB7.SI,20111004,0.15,0.15,0.13,0.14,136000
EB7.SI,20111003,0.15,0.15,0.15,0.15,8000
EB7.SI,20111002,0.14,0.14,0.13,0.13,2000
EB7.SI,20110929,0.15,0.15,0.15,0.15,000
EB7.SI,20110928,0.15,0.15,0.15,0.15,000
EB7.SI,20110927,0.15,0.15,0.15,0.15,22000
EB7.SI,20110926,0.15,0.15,0.15,0.15,000
EB7.SI,20110925,0.15,0.15,0.15,0.15,30000
EB7.SI,20110922,0.16,0.16,0.15,0.15,26000
EB7.SI,20110921,0.16,0.16,0.16,0.16,11000
EB7.SI,20110920,0.15,0.15,0.15,0.15,000
EB7.SI,20110919,0.15,0.15,0.15,0.15,20000
EB7.SI,20110918,0.15,0.15,0.15,0.15,000
EB7.SI,20110915,0.15,0.15,0.15,0.15,13000
EB7.SI,20110914,0.15,0.15,0.15,0.15,000
EB7.SI,20110913,0.15,0.15,0.15,0.15,000
EB7.SI,20110912,0.15,0.15,0.15,0.15,000
EB7.SI,20110911,0.15,0.15,0.15,0.15,000
EB7.SI,20110908,0.15,0.15,0.15,0.15,42000
EB7.SI,20110907,0.16,0.16,0.16,0.16,000
EB7.SI,20110906,0.16,0.16,0.16,0.16,000
EB7.SI,20110905,0.16,0.16,0.16,0.16,000
EB7.SI,20110904,0.16,0.16,0.16,0.16,000
EB7.SI,20110901,0.16,0.16,0.16,0.16,5000
EB7.SI,20110831,0.16,0.16,0.16,0.16,5000
EB7.SI,20110830,0.16,0.16,0.16,0.16,42000
EB7.SI,20110829,0.16,0.16,0.16,0.16,1000
EB7.SI,20110828,0.15,0.16,0.15,0.16,32000
EB7.SI,20110825,0.16,0.16,0.16,0.16,5000
EB7.SI,20110824,0.16,0.16,0.16,0.16,20000
EB7.SI,20110823,0.16,0.16,0.16,0.16,19000
EB7.SI,20110822,0.15,0.15,0.15,0.15,9000
EB7.SI,20110821,0.16,0.16,0.16,0.16,000
EB7.SI,20110818,0.16,0.16,0.15,0.16,4000
EB7.SI,20110817,0.16,0.16,0.15,0.16,15000
EB7.SI,20110816,0.16,0.16,0.16,0.16,000
EB7.SI,20110815,0.15,0.16,0.15,0.16,4000
EB7.SI,20110814,0.16,0.16,0.16,0.16,1000
EB7.SI,20110811,0.16,0.16,0.15,0.15,53000
EB7.SI,20110810,0.15,0.15,0.15,0.15,000
EB7.SI,20110809,0.15,0.16,0.15,0.15,701000
EB7.SI,20110808,0.15,0.16,0.15,0.16,239000
EB7.SI,20110807,0.16,0.16,0.16,0.16,000
EB7.SI,20110804,0.15,0.16,0.15,0.16,52000
EB7.SI,20110803,0.15,0.16,0.15,0.15,25000
EB7.SI,20110802,0.15,0.15,0.15,0.15,75000
EB7.SI,20110801,0.17,0.17,0.17,0.17,000
EB7.SI,20110731,0.17,0.17,0.17,0.17,000
EB7.SI,20110728,0.17,0.17,0.17,0.17,000
EB7.SI,20110727,0.17,0.17,0.17,0.17,000
EB7.SI,20110726,0.17,0.17,0.17,0.17,000
EB7.SI,20110725,0.17,0.17,0.17,0.17,000
EB7.SI,20110724,0.16,0.17,0.16,0.17,71000
EB7.SI,20110721,0.17,0.17,0.17,0.17,000
EB7.SI,20110720,0.17,0.17,0.17,0.17,000
EB7.SI,20110719,0.17,0.17,0.17,0.17,4000
EB7.SI,20110718,0.17,0.17,0.17,0.17,000
EB7.SI,20110717,0.17,0.17,0.17,0.17,000
EB7.SI,20110714,0.17,0.17,0.17,0.17,000
EB7.SI,20110713,0.17,0.17,0.17,0.17,000
EB7.SI,20110712,0.17,0.17,0.17,0.17,000
EB7.SI,20110711,0.17,0.17,0.17,0.17,000
EB7.SI,20110710,0.17,0.17,0.17,0.17,000
EB7.SI,20110707,0.17,0.17,0.17,0.17,000
EB7.SI,20110706,0.17,0.17,0.17,0.17,000
EB7.SI,20110705,0.17,0.17,0.17,0.17,000
EB7.SI,20110704,0.17,0.17,0.17,0.17,000
EB7.SI,20110703,0.17,0.17,0.17,0.17,000
EB7.SI,20110630,0.17,0.17,0.17,0.17,000
EB7.SI,20110629,0.17,0.17,0.17,0.17,000
EB7.SI,20110628,0.17,0.17,0.17,0.17,000
EB7.SI,20110627,0.17,0.17,0.17,0.17,000
EB7.SI,20110626,0.17,0.17,0.17,0.17,000
EB7.SI,20110623,0.17,0.17,0.17,0.17,000
EB7.SI,20110622,0.17,0.17,0.17,0.17,000
EB7.SI,20110621,0.17,0.17,0.17,0.17,000
EB7.SI,20110620,0.17,0.17,0.17,0.17,000
EB7.SI,20110619,0.17,0.17,0.17,0.17,000
EB7.SI,20110616,0.16,0.17,0.16,0.17,11000
EB7.SI,20110615,0.17,0.17,0.17,0.17,000
EB7.SI,20110614,0.17,0.17,0.17,0.17,000
EB7.SI,20110613,0.17,0.17,0.17,0.17,000
EB7.SI,20110612,0.17,0.17,0.17,0.17,000
EB7.SI,20110609,0.17,0.17,0.17,0.17,000
EB7.SI,20110608,0.17,0.17,0.17,0.17,5000
EB7.SI,20110607,0.16,0.17,0.16,0.17,13000
EB7.SI,20110606,0.17,0.17,0.17,0.17,000
EB7.SI,20110605,0.17,0.17,0.17,0.17,000
EB7.SI,20110602,0.17,0.17,0.17,0.17,38000
EB7.SI,20110601,0.17,0.17,0.17,0.17,000
EB7.SI,20110531,0.17,0.17,0.17,0.17,000
EB7.SI,20110530,0.17,0.17,0.17,0.17,59000
EB7.SI,20110529,0.17,0.17,0.17,0.17,000
EB7.SI,20110526,0.17,0.17,0.17,0.17,37000
EB7.SI,20110525,0.17,0.17,0.17,0.17,000
EB7.SI,20110524,0.17,0.17,0.17,0.17,2000
EB7.SI,20110523,0.15,0.15,0.15,0.15,000
EB7.SI,20110522,0.15,0.15,0.15,0.15,000
EB7.SI,20110519,0.15,0.15,0.15,0.15,1000
EB7.SI,20110518,0.15,0.15,0.13,0.13,65000
EB7.SI,20110517,0.15,0.15,0.15,0.15,111000
EB7.SI,20110516,0.14,0.16,0.14,0.15,153000
EB7.SI,20110515,0.15,0.15,0.15,0.15,239000
EB7.SI,20110512,0.15,0.16,0.15,0.15,211000
EB7.SI,20110511,0.15,0.15,0.15,0.15,155000
EB7.SI,20110510,0.15,0.16,0.15,0.16,156000
EB7.SI,20110509,0.16,0.16,0.16,0.16,000
EB7.SI,20110508,0.16,0.16,0.16,0.16,5000
EB7.SI,20110505,0.17,0.17,0.17,0.17,000
EB7.SI,20110504,0.17,0.17,0.17,0.17,000
EB7.SI,20110503,0.15,0.17,0.15,0.17,17000
EB7.SI,20110502,0.15,0.15,0.15,0.15,000
EB7.SI,20110501,0.15,0.15,0.15,0.15,000
EB7.SI,20110428,0.15,0.15,0.15,0.15,000
EB7.SI,20110427,0.16,0.16,0.15,0.16,7000
EB7.SI,20110426,0.14,0.14,0.14,0.14,20000
EB7.SI,20110425,0.16,0.16,0.16,0.16,000
EB7.SI,20110424,0.16,0.16,0.16,0.16,000
EB7.SI,20110421,0.16,0.16,0.16,0.16,000
EB7.SI,20110420,0.16,0.16,0.16,0.16,000
EB7.SI,20110419,0.16,0.16,0.16,0.16,2000
EB7.SI,20110418,0.15,0.16,0.14,0.14,31000
EB7.SI,20110417,0.14,0.14,0.14,0.14,10000
EB7.SI,20110414,0.16,0.16,0.16,0.16,000
EB7.SI,20110413,0.16,0.16,0.16,0.16,000
EB7.SI,20110412,0.16,0.16,0.16,0.16,3000
EB7.SI,20110411,0.16,0.16,0.16,0.16,2000
EB7.SI,20110410,0.14,0.14,0.14,0.14,000
EB7.SI,20110407,0.14,0.14,0.14,0.14,000
EB7.SI,20110406,0.14,0.14,0.14,0.14,000
EB7.SI,20110405,0.14,0.14,0.14,0.14,60000
EB7.SI,20110404,0.15,0.15,0.15,0.15,000
EB7.SI,20110403,0.15,0.15,0.15,0.15,20000
EB7.SI,20110331,0.16,0.16,0.14,0.14,173000
EB7.SI,20110330,0.16,0.16,0.16,0.16,30000
EB7.SI,20110329,0.16,0.16,0.16,0.16,000
EB7.SI,20110328,0.16,0.16,0.16,0.16,000
EB7.SI,20110327,0.16,0.16,0.16,0.16,000
EB7.SI,20110324,0.16,0.16,0.16,0.16,000
EB7.SI,20110323,0.16,0.16,0.16,0.16,000
EB7.SI,20110322,0.16,0.16,0.16,0.16,000
EB7.SI,20110321,0.16,0.16,0.16,0.16,2000
EB7.SI,20110320,0.15,0.15,0.15,0.15,2000
EB7.SI,20110317,0.16,0.16,0.16,0.16,000
EB7.SI,20110316,0.16,0.16,0.16,0.16,000
EB7.SI,20110315,0.16,0.16,0.16,0.16,000
EB7.SI,20110314,0.14,0.16,0.14,0.16,48000
EB7.SI,20110313,0.14,0.16,0.14,0.16,13000
EB7.SI,20110310,0.16,0.16,0.16,0.16,000
EB7.SI,20110309,0.16,0.16,0.16,0.16,000
EB7.SI,20110308,0.16,0.16,0.16,0.16,000
EB7.SI,20110307,0.16,0.16,0.16,0.16,000
EB7.SI,20110306,0.16,0.16,0.16,0.16,10000
EB7.SI,20110303,0.16,0.16,0.16,0.16,000
EB7.SI,20110302,0.16,0.16,0.16,0.16,000
EB7.SI,20110301,0.16,0.16,0.16,0.16,12000
EB7.SI,20110228,0.16,0.16,0.16,0.16,000
EB7.SI,20110227,0.16,0.16,0.16,0.16,000
EB7.SI,20110224,0.16,0.16,0.16,0.16,000
EB7.SI,20110223,0.15,0.16,0.14,0.16,179000
EB7.SI,20110222,0.15,0.15,0.15,0.15,000
EB7.SI,20110221,0.16,0.16,0.15,0.15,27000
EB7.SI,20110220,0.16,0.16,0.16,0.16,000
EB7.SI,20110217,0.14,0.16,0.14,0.16,46000
EB7.SI,20110216,0.15,0.15,0.15,0.15,000
EB7.SI,20110215,0.15,0.15,0.15,0.15,66000
EB7.SI,20110214,0.16,0.16,0.16,0.16,12000
EB7.SI,20110213,0.16,0.16,0.16,0.16,16000
EB7.SI,20110210,0.16,0.16,0.16,0.16,80000
EB7.SI,20110209,0.15,0.16,0.15,0.16,146000
EB7.SI,20110208,0.16,0.17,0.15,0.16,210000
EB7.SI,20110207,0.14,0.14,0.14,0.14,51000
EB7.SI,20110206,0.15,0.15,0.15,0.15,41000
EB7.SI,20110203,0.15,0.16,0.15,0.15,715000
EB7.SI,20110202,0.14,0.14,0.14,0.14,000
EB7.SI,20110201,0.14,0.14,0.14,0.14,90000
EB7.SI,20110131,0.13,0.14,0.13,0.14,98000
EB7.SI,20110130,0.13,0.15,0.13,0.14,27000
EB7.SI,20110127,0.14,0.14,0.14,0.14,000
EB7.SI,20110126,0.14,0.14,0.14,0.14,000
EB7.SI,20110125,0.14,0.14,0.13,0.14,55000
EB7.SI,20110124,0.14,0.14,0.14,0.14,000
EB7.SI,20110123,0.14,0.14,0.14,0.14,000
EB7.SI,20110120,0.14,0.14,0.13,0.14,92000
EB7.SI,20110119,0.13,0.14,0.13,0.14,129000
EB7.SI,20110118,0.14,0.14,0.13,0.13,492000
EB7.SI,20110117,0.14,0.14,0.14,0.14,10000
EB7.SI,20110116,0.16,0.16,0.15,0.15,32000
EB7.SI,20110113,0.17,0.17,0.16,0.16,52000
EB7.SI,20110112,0.17,0.17,0.15,0.15,17000
EB7.SI,20110111,0.16,0.16,0.16,0.16,000
EB7.SI,20110110,0.16,0.16,0.16,0.16,1000
EB7.SI,20110109,0.14,0.14,0.14,0.14,7000
EB7.SI,20110106,0.16,0.16,0.16,0.16,000
EB7.SI,20110105,0.16,0.16,0.16,0.16,000
EB7.SI,20110104,0.16,0.16,0.16,0.16,000
EB7.SI,20110103,0.16,0.16,0.16,0.16,50000
EB7.SI,20110102,0.16,0.16,0.16,0.16,000
EB7.SI,20101230,0.16,0.16,0.14,0.16,13000
EB7.SI,20101229,0.17,0.17,0.17,0.17,2000
EB7.SI,20101228,0.15,0.15,0.14,0.15,338000
EB7.SI,20101227,0.16,0.16,0.16,0.16,000
EB7.SI,20101226,0.16,0.16,0.16,0.16,000
EB7.SI,20101223,0.16,0.16,0.16,0.16,000
EB7.SI,20101222,0.16,0.16,0.16,0.16,000
EB7.SI,20101221,0.16,0.16,0.16,0.16,1000
EB7.SI,20101220,0.14,0.16,0.14,0.16,55000
EB7.SI,20101219,0.14,0.17,0.14,0.17,11000
EB7.SI,20101216,0.17,0.17,0.17,0.17,000
EB7.SI,20101215,0.17,0.17,0.17,0.17,000
EB7.SI,20101214,0.17,0.17,0.17,0.17,1000
EB7.SI,20101213,0.16,0.16,0.16,0.16,000
EB7.SI,20101212,0.16,0.16,0.16,0.16,000
EB7.SI,20101209,0.16,0.16,0.16,0.16,1000
EB7.SI,20101208,0.16,0.16,0.16,0.16,000
EB7.SI,20101207,0.16,0.16,0.16,0.16,2000
EB7.SI,20101206,0.16,0.16,0.14,0.14,23000
EB7.SI,20101205,0.17,0.17,0.16,0.16,66000
EB7.SI,20101202,0.15,0.15,0.15,0.15,000
EB7.SI,20101201,0.17,0.17,0.15,0.15,70000
EB7.SI,20101130,0.16,0.16,0.16,0.16,2000
EB7.SI,20101129,0.16,0.16,0.16,0.16,000
EB7.SI,20101128,0.16,0.16,0.16,0.16,110000
EB7.SI,20101125,0.17,0.17,0.17,0.17,000
EB7.SI,20101124,0.17,0.17,0.17,0.17,000
EB7.SI,20101123,0.17,0.17,0.16,0.17,64000
EB7.SI,20101122,0.18,0.18,0.18,0.18,2000
EB7.SI,20101121,0.17,0.17,0.15,0.15,110000
EB7.SI,20101118,0.17,0.17,0.17,0.17,000
EB7.SI,20101117,0.16,0.17,0.15,0.17,257000
EB7.SI,20101115,0.17,0.17,0.17,0.17,2000
EB7.SI,20101114,0.17,0.17,0.16,0.16,118000
EB7.SI,20101111,0.14,0.18,0.14,0.14,19000
EB7.SI,20101109,0.18,0.18,0.18,0.18,5000
EB7.SI,20101108,0.16,0.16,0.16,0.16,23000
EB7.SI,20101104,0.17,0.17,0.16,0.16,79000
EB7.SI,20101102,0.18,0.18,0.18,0.18,1000
EB7.SI,20101101,0.16,0.16,0.16,0.16,141000
EB7.SI,20101031,0.17,0.17,0.17,0.17,12000
EB7.SI,20101028,0.17,0.17,0.17,0.17,100000
EB7.SI,20101027,0.17,0.17,0.17,0.17,1000
EB7.SI,20101025,0.16,0.17,0.16,0.16,113000
EB7.SI,20101024,0.17,0.17,0.17,0.17,133000
EB7.SI,20101021,0.17,0.17,0.17,0.17,132000
EB7.SI,20101020,0.17,0.17,0.17,0.17,98000
EB7.SI,20101017,0.17,0.18,0.17,0.17,230000
EB7.SI,20101014,0.17,0.18,0.17,0.17,204000
EB7.SI,20101013,0.18,0.18,0.17,0.17,169000
EB7.SI,20101012,0.17,0.18,0.17,0.18,394000
EB7.SI,20101011,0.17,0.17,0.17,0.17,24000
EB7.SI,20101010,0.17,0.17,0.17,0.17,201000
EB7.SI,20101007,0.17,0.17,0.17,0.17,25000
EB7.SI,20101006,0.16,0.17,0.16,0.17,50000
EB7.SI,20101005,0.17,0.17,0.17,0.17,11000
EB7.SI,20101004,0.16,0.17,0.16,0.17,110000
EB7.SI,20101003,0.17,0.17,0.17,0.17,649000
EB7.SI,20100930,0.17,0.17,0.17,0.17,534000
EB7.SI,20100929,0.17,0.17,0.17,0.17,465000
EB7.SI,20100928,0.17,0.17,0.17,0.17,202000
EB7.SI,20100927,0.16,0.17,0.16,0.17,314000
EB7.SI,20100926,0.17,0.17,0.16,0.16,397000
EB7.SI,20100923,0.17,0.17,0.17,0.17,1438000
EB7.SI,20100922,0.17,0.18,0.17,0.17,354000
EB7.SI,20100921,0.18,0.18,0.18,0.18,379000
EB7.SI,20100920,0.18,0.19,0.18,0.18,145000
EB7.SI,20100919,0.19,0.19,0.17,0.18,1028000
EB7.SI,20100916,0.20,0.20,0.19,0.19,3075000
EB7.SI,20100915,0.20,0.20,0.20,0.20,650000
EB7.SI,20100914,0.20,0.20,0.19,0.20,700000
EB7.SI,20100913,0.21,0.21,0.20,0.20,1342000
EB7.SI,20100912,0.20,0.21,0.19,0.20,1702000
EB7.SI,20100909,0.19,0.22,0.19,0.21,13086000
EB7.SI,20100908,0.18,0.20,0.18,0.19,4393000
EB7.SI,20100907,0.18,0.18,0.18,0.18,1045000
EB7.SI,20100906,0.18,0.18,0.17,0.18,845000
EB7.SI,20100905,0.18,0.18,0.17,0.18,1227000
EB7.SI,20100902,0.17,0.19,0.17,0.18,3108000
EB7.SI,20100901,0.16,0.18,0.16,0.17,8550000
EB7.SI,20100831,0.14,0.16,0.14,0.15,6079000
EB7.SI,20100829,0.14,0.14,0.12,0.13,5332000
EB7.SI,20100826,0.15,0.15,0.14,0.14,5868000
EB7.SI,20100825,0.12,0.15,0.12,0.15,12981000
EB7.SI,20100824,0.22,0.22,0.10,0.12,16555000
EB7.SI,20100823,0.35,0.37,0.18,0.22,3068000
EB7.SI,20100822,0.38,0.38,0.15,0.37,5911000
EB7.SI,20100819,0.38,0.40,0.38,0.39,6798000
EB7.SI,20100818,0.40,0.40,0.40,0.40,5016000
EB7.SI,20100817,0.39,0.40,0.39,0.40,3399000
EB7.SI,20100816,0.39,0.39,0.38,0.39,5973000
EB7.SI,20100815,0.39,0.39,0.39,0.39,3399000
EB7.SI,20100812,0.40,0.40,0.38,0.40,7546000
EB7.SI,20100811,0.38,0.38,0.38,0.38,5525000
EB7.SI,20100810,0.39,0.40,0.39,0.39,4136000
EB7.SI,20100808,0.34,0.40,0.34,0.40,5528000
EB7.SI,20100805,0.40,0.40,0.40,0.40,3620000
EB7.SI,20100804,0.40,0.41,0.40,0.41,6525000
EB7.SI,20100803,0.39,0.40,0.39,0.40,5478000
EB7.SI,20100802,0.39,0.40,0.39,0.40,4428000
EB7.SI,20100801,0.40,0.40,0.40,0.40,5355000
EB7.SI,20100729,0.40,0.40,0.40,0.40,3734000
EB7.SI,20100728,0.40,0.40,0.40,0.40,6109000
EB7.SI,20100727,0.40,0.41,0.40,0.41,5376000
EB7.SI,20100726,0.40,0.40,0.40,0.40,4679000
EB7.SI,20100725,0.38,0.40,0.38,0.40,5518000
EB7.SI,20100722,0.40,0.40,0.39,0.40,3434000
EB7.SI,20100721,0.39,0.40,0.39,0.40,6173000
EB7.SI,20100720,0.41,0.41,0.39,0.40,5786000
EB7.SI,20100719,0.40,0.40,0.40,0.40,4210000
EB7.SI,20100718,0.39,0.40,0.39,0.40,5839000
EB7.SI,20100715,0.39,0.40,0.39,0.40,3368000
EB7.SI,20100714,0.40,0.40,0.38,0.40,5976000
EB7.SI,20100713,0.40,0.40,0.39,0.40,5361000
EB7.SI,20100712,0.40,0.40,0.40,0.40,4789000
EB7.SI,20100711,0.40,0.41,0.40,0.41,5563000
EB7.SI,20100708,0.40,0.40,0.40,0.40,3918000
EB7.SI,20100707,0.40,0.40,0.39,0.40,5527000
EB7.SI,20100706,0.39,0.40,0.39,0.40,5245000
EB7.SI,20100705,0.40,0.40,0.40,0.40,4724000
EB7.SI,20100704,0.40,0.40,0.39,0.40,5018000
EB7.SI,20100701,0.39,0.40,0.39,0.40,3222000
EB7.SI,20100630,0.39,0.40,0.39,0.40,5841000
EB7.SI,20100629,0.40,0.40,0.39,0.40,5317000
EB7.SI,20100628,0.39,0.40,0.39,0.40,4701000
EB7.SI,20100627,0.38,0.39,0.38,0.39,5279000
EB7.SI,20100624,0.38,0.38,0.38,0.38,3395000
EB7.SI,20100623,0.38,0.38,0.38,0.38,5109000
EB7.SI,20100622,0.38,0.38,0.38,0.38,5426000
EB7.SI,20100621,0.38,0.38,0.38,0.38,4595000
EB7.SI,20100620,0.38,0.38,0.38,0.38,4917000
EB7.SI,20100617,0.38,0.38,0.38,0.38,3521000
EB7.SI,20100616,0.38,0.38,0.38,0.38,4655000
EB7.SI,20100615,0.38,0.38,0.38,0.38,5686000
EB7.SI,20100614,0.38,0.38,0.38,0.38,4526000
EB7.SI,20100613,0.38,0.38,0.38,0.38,5475000
EB7.SI,20100610,0.38,0.38,0.38,0.38,3294000
EB7.SI,20100609,0.38,0.39,0.38,0.38,4432000
EB7.SI,20100608,0.38,0.38,0.38,0.38,5675000
EB7.SI,20100607,0.38,0.38,0.38,0.38,5158000
EB7.SI,20100606,0.38,0.38,0.38,0.38,5016000
EB7.SI,20100603,0.38,0.38,0.38,0.38,3117000
EB7.SI,20100602,0.38,0.38,0.38,0.38,4363000
EB7.SI,20100601,0.38,0.38,0.38,0.38,5309000
EB7.SI,20100531,0.38,0.38,0.38,0.38,6417000
EB7.SI,20100530,0.38,0.38,0.38,0.38,4126000
EB7.SI,20100527,0.38,0.38,0.38,0.38,3192000
EB7.SI,20100526,0.38,0.38,0.38,0.38,4614000
EB7.SI,20100525,0.38,0.38,0.37,0.38,5045000
EB7.SI,20100524,0.37,0.38,0.37,0.38,5719000
EB7.SI,20100523,0.38,0.38,0.38,0.38,3796000
EB7.SI,20100520,0.38,0.38,0.38,0.38,3435000
EB7.SI,20100519,0.38,0.38,0.38,0.38,4894000
EB7.SI,20100518,0.38,0.38,0.38,0.38,4704000
EB7.SI,20100516,0.37,0.38,0.37,0.38,4289000
EB7.SI,20100513,0.38,0.38,0.38,0.38,3315000
EB7.SI,20100512,0.38,0.38,0.37,0.37,3573000
EB7.SI,20100511,0.38,0.38,0.37,0.38,4958000
EB7.SI,20100510,0.37,0.38,0.37,0.38,4753000
EB7.SI,20100509,0.38,0.38,0.38,0.38,4647000
EB7.SI,20100506,0.38,0.38,0.37,0.38,3249000
EB7.SI,20100505,0.37,0.37,0.37,0.37,3544000
EB7.SI,20100504,0.37,0.37,0.37,0.37,4853000
EB7.SI,20100503,0.37,0.38,0.37,0.37,4740000
EB7.SI,20100429,0.38,0.38,0.37,0.38,5060000
EB7.SI,20100428,0.38,0.38,0.38,0.38,2687000
EB7.SI,20100427,0.38,0.38,0.37,0.38,3813000
EB7.SI,20100426,0.38,0.38,0.37,0.38,5072000
EB7.SI,20100425,0.38,0.38,0.38,0.38,4209000
EB7.SI,20100421,0.38,0.38,0.37,0.38,4894000
EB7.SI,20100420,0.37,0.38,0.37,0.38,3352000
EB7.SI,20100419,0.37,0.38,0.37,0.38,3215000
EB7.SI,20100418,0.37,0.38,0.37,0.38,4942000
EB7.SI,20100415,0.37,0.38,0.37,0.38,3931000
EB7.SI,20100414,0.37,0.38,0.37,0.37,5099000
EB7.SI,20100413,0.37,0.37,0.36,0.37,3187000
EB7.SI,20100412,0.37,0.37,0.37,0.37,3503000
EB7.SI,20100411,0.37,0.38,0.37,0.38,4653000
EB7.SI,20100408,0.37,0.38,0.37,0.38,4079000
EB7.SI,20100407,0.38,0.38,0.37,0.37,4926000
EB7.SI,20100406,0.36,0.37,0.36,0.37,4313000
EB7.SI,20100405,0.37,0.37,0.37,0.37,2513000
EB7.SI,20100404,0.35,0.37,0.35,0.37,4840000
EB7.SI,20100401,0.35,0.35,0.35,0.35,4107000
EB7.SI,20100331,0.35,0.35,0.35,0.35,4513000
EB7.SI,20100330,0.35,0.35,0.35,0.35,3332000
EB7.SI,20100329,0.35,0.35,0.35,0.35,2580000
EB7.SI,20100328,0.35,0.35,0.35,0.35,4250000
EB7.SI,20100325,0.34,0.35,0.34,0.35,4158000
EB7.SI,20100324,0.35,0.35,0.35,0.35,4507000
EB7.SI,20100323,0.35,0.35,0.35,0.35,3538000
EB7.SI,20100322,0.35,0.36,0.35,0.36,2730000
EB7.SI,20100321,0.35,0.35,0.35,0.35,3844000
EB7.SI,20100318,0.35,0.35,0.35,0.35,4027000
EB7.SI,20100317,0.35,0.36,0.35,0.36,4402000
EB7.SI,20100316,0.35,0.35,0.35,0.35,3998000
EB7.SI,20100315,0.32,0.36,0.32,0.36,2248000
EB7.SI,20100314,0.36,0.36,0.36,0.36,3812000
EB7.SI,20100311,0.36,0.36,0.35,0.35,3363000
EB7.SI,20100310,0.36,0.36,0.35,0.36,4899000
EB7.SI,20100309,0.35,0.36,0.35,0.36,3665000
EB7.SI,20100308,0.35,0.35,0.35,0.35,2233000
EB7.SI,20100307,0.36,0.36,0.35,0.36,3824000
EB7.SI,20100304,0.35,0.36,0.35,0.36,3742000
EB7.SI,20100303,0.36,0.36,0.35,0.36,4209000
EB7.SI,20100302,0.36,0.37,0.35,0.37,3917000
EB7.SI,20100301,0.35,0.36,0.35,0.36,2195000
EB7.SI,20100228,0.35,0.37,0.35,0.36,4044000
EB7.SI,20100225,0.35,0.36,0.35,0.35,3556000
EB7.SI,20100224,0.36,0.36,0.35,0.35,4184000
EB7.SI,20100223,0.35,0.37,0.35,0.35,3773000
EB7.SI,20100222,0.37,0.37,0.36,0.37,2149000
EB7.SI,20100221,0.37,0.37,0.36,0.37,3867000
EB7.SI,20100218,0.37,0.37,0.36,0.37,3487000
EB7.SI,20100217,0.37,0.37,0.35,0.37,3853000
EB7.SI,20100216,0.36,0.37,0.36,0.37,3440000
EB7.SI,20100215,0.36,0.37,0.35,0.37,2283000
EB7.SI,20100214,0.36,0.37,0.35,0.35,4235000
EB7.SI,20100211,0.35,0.37,0.35,0.37,3406000
EB7.SI,20100210,0.35,0.36,0.35,0.35,3728000
EB7.SI,20100209,0.35,0.37,0.35,0.37,3288000
EB7.SI,20100208,0.37,0.37,0.35,0.35,2184000
EB7.SI,20100207,0.36,0.38,0.36,0.38,4460000
EB7.SI,20100202,0.37,0.37,0.36,0.37,3255000
EB7.SI,20100201,0.35,0.37,0.35,0.37,3184000
EB7.SI,20100131,0.35,0.37,0.35,0.37,3608000
EB7.SI,20100128,0.37,0.37,0.37,0.37,2223000
EB7.SI,20100127,0.37,0.37,0.37,0.37,4331000
EB7.SI,20100126,0.36,0.37,0.36,0.37,3254000
EB7.SI,20100125,0.37,0.37,0.36,0.37,2959000
EB7.SI,20100124,0.35,0.37,0.35,0.35,2873000
EB7.SI,20100121,0.37,0.37,0.35,0.35,2318000
EB7.SI,20100120,0.37,0.37,0.37,0.37,4051000
EB7.SI,20100119,0.37,0.37,0.36,0.37,3695000
EB7.SI,20100118,0.36,0.37,0.36,0.37,2747000
EB7.SI,20100117,0.37,0.37,0.37,0.37,2665000
EB7.SI,20100114,0.37,0.37,0.36,0.37,2339000
EB7.SI,20100113,0.37,0.37,0.36,0.37,4080000
EB7.SI,20100112,0.37,0.38,0.37,0.37,3796000
EB7.SI,20100111,0.37,0.38,0.37,0.38,2375000
EB7.SI,20100110,0.37,0.37,0.37,0.37,2410000
EB7.SI,20100107,0.37,0.37,0.37,0.37,1940000
EB7.SI,20100106,0.37,0.38,0.37,0.38,3635000
EB7.SI,20100105,0.37,0.37,0.37,0.37,3277000
EB7.SI,20100104,0.38,0.38,0.37,0.38,2308000
EB7.SI,20100103,0.37,0.38,0.37,0.38,2468000
