JC5.SI,20120530,13.65,13.65,13.65,13.65,250
JC5.SI,20120530,13.65,13.65,13.65,13.65,200
JC5.SI,20120520,13.77,13.77,13.77,13.77,000
JC5.SI,20120509,13.49,13.49,13.49,13.49,000
JC5.SI,20120503,13.49,13.49,13.49,13.49,500
JC5.SI,20120405,13.09,13.09,13.09,13.09,1000
JC5.SI,20120404,13.17,13.27,13.17,13.27,11300
JC5.SI,20120322,13.19,13.19,13.19,13.19,200
JC5.SI,20120318,13.17,13.17,13.17,13.17,700
JC5.SI,20120227,12.95,12.95,12.95,12.95,300
JC5.SI,20120222,13.37,13.37,13.37,13.37,300
JC5.SI,20120207,13.37,13.37,13.37,13.37,300
JC5.SI,20120130,13.38,13.38,13.38,13.38,500
JC5.SI,20120123,13.13,13.13,13.13,13.13,5700
JC5.SI,20111011,11.96,11.96,11.96,11.96,2500
JC5.SI,20111009,12.16,12.17,12.12,12.12,15500
JC5.SI,20111006,12.18,12.18,12.18,12.18,5000
JC5.SI,20111004,12.11,12.11,12.11,12.11,2000
JC5.SI,20110922,12.46,12.46,12.46,12.46,200
JC5.SI,20110918,12.57,12.57,12.57,12.57,000
JC5.SI,20110906,11.57,11.57,11.57,11.57,300
JC5.SI,20110829,11.74,11.74,11.74,11.74,600
JC5.SI,20110824,11.70,11.70,11.70,11.70,3000
JC5.SI,20110822,11.54,11.54,11.54,11.54,1700
JC5.SI,20110818,11.63,11.63,11.63,11.63,6000
JC5.SI,20110809,11.55,11.55,11.55,11.55,600
JC5.SI,20110724,11.00,11.00,10.80,10.80,400
JC5.SI,20110717,10.90,10.90,10.90,10.90,900
JC5.SI,20110712,10.93,10.93,10.66,10.66,15000
JC5.SI,20110710,11.28,11.28,11.28,11.28,000
JC5.SI,20110630,11.09,11.10,11.09,11.10,12000
JC5.SI,20110621,11.14,11.14,11.14,11.14,6000
JC5.SI,20110619,11.06,11.06,11.06,11.06,6000
JC5.SI,20110609,10.64,10.64,10.64,10.64,300
JC5.SI,20110607,10.34,10.34,10.34,10.34,6000
JC5.SI,20110605,10.24,10.24,10.24,10.24,9100
JC5.SI,20110531,10.75,10.75,10.72,10.72,5300
JC5.SI,20110530,10.80,10.80,10.80,10.80,000
JC5.SI,20110529,10.88,10.88,10.88,10.88,1000
JC5.SI,20110512,11.40,11.40,11.40,11.40,1000
JC5.SI,20110508,11.47,11.47,11.46,11.46,1100
JC5.SI,20110501,12.03,12.03,12.03,12.03,300
JC5.SI,20110412,11.56,11.56,11.56,11.56,700
JC5.SI,20110410,11.84,11.84,11.84,11.84,000
JC5.SI,20110406,11.90,11.90,11.90,11.90,000
JC5.SI,20110324,12.29,12.29,12.29,12.29,700
JC5.SI,20110320,12.56,12.56,12.56,12.56,300
JC5.SI,20110301,12.29,12.29,12.29,12.29,200
JC5.SI,20110209,12.12,12.12,12.12,12.12,13500
JC5.SI,20101222,10.85,10.85,10.85,10.85,000
JC5.SI,20101219,10.50,10.50,10.50,10.50,5000
JC5.SI,20101202,8.40,11.26,8.40,11.26,20000
JC5.SI,20101123,10.34,10.56,10.34,10.56,20300
JC5.SI,20101121,10.88,10.88,10.88,10.88,5000
JC5.SI,20101114,11.67,11.67,11.67,11.67,5000
JC5.SI,20101111,11.13,11.34,11.13,11.34,15000
JC5.SI,20101110,10.91,11.06,10.91,11.06,5500
JC5.SI,20101103,11.06,11.06,11.04,11.04,10000
JC5.SI,20101031,12.02,12.02,12.02,12.02,500
JC5.SI,20101027,11.84,12.14,11.84,12.07,20500
JC5.SI,20101007,10.79,10.79,10.79,10.79,300
JC5.SI,20101006,10.55,10.55,10.55,10.55,000
JC5.SI,20101003,10.20,10.20,10.20,10.20,5000
JC5.SI,20100923,10.22,10.22,10.22,10.22,5000
JC5.SI,20100919,10.76,10.78,10.60,10.78,32100
JC5.SI,20100916,11.00,11.00,11.00,11.00,800
JC5.SI,20100915,10.80,10.80,10.80,10.80,5000
JC5.SI,20100914,10.31,10.48,10.26,10.48,30000
JC5.SI,20100913,10.42,10.52,10.42,10.52,40600
JC5.SI,20100906,11.04,11.04,11.03,11.03,10000
JC5.SI,20100825,11.60,11.60,11.60,11.60,5000
JC5.SI,20100822,11.00,11.00,11.00,11.00,500
JC5.SI,20100819,11.15,11.15,10.87,10.87,10000
JC5.SI,20100811,11.27,11.27,11.27,11.27,5000
JC5.SI,20100810,11.70,11.70,11.70,11.70,5000
JC5.SI,20100808,11.68,11.68,11.57,11.57,15300
JC5.SI,20100805,11.70,11.70,11.46,11.46,21400
JC5.SI,20100804,12.66,12.66,12.66,12.66,200
JC5.SI,20100803,12.48,12.48,12.48,12.48,5000
JC5.SI,20100802,12.90,12.90,12.90,12.90,5000
JC5.SI,20100801,13.26,13.26,13.26,13.26,5000
JC5.SI,20100729,13.08,13.08,13.02,13.02,25000
JC5.SI,20100728,13.09,13.09,13.04,13.04,20000
JC5.SI,20100726,13.55,13.55,13.55,13.55,10000
JC5.SI,20100725,13.37,13.37,13.37,13.37,5000
JC5.SI,20100718,12.90,12.90,12.90,12.90,100
JC5.SI,20100714,13.11,13.11,13.04,13.04,10000
JC5.SI,20100712,12.89,12.89,12.87,12.87,10000
JC5.SI,20100707,13.53,13.53,13.53,13.53,400
JC5.SI,20100623,13.45,13.45,13.45,13.45,400
JC5.SI,20100616,13.32,13.32,13.32,13.32,2000
JC5.SI,20100601,14.56,14.56,14.43,14.45,23000
JC5.SI,20100527,13.94,13.94,13.94,13.94,7500
JC5.SI,20100509,14.20,14.26,14.16,14.26,42600
JC5.SI,20100504,14.56,14.65,14.56,14.65,10300
JC5.SI,20100428,14.76,14.76,14.76,14.76,10500
JC5.SI,20100418,13.93,13.93,13.93,13.93,100
JC5.SI,20100412,14.00,14.00,13.99,13.99,10000
JC5.SI,20100408,14.12,14.12,14.12,14.12,10000
JC5.SI,20100321,12.80,13.36,12.80,13.36,13100
JC5.SI,20100317,12.80,12.80,12.80,12.80,10000
JC5.SI,20100315,13.22,13.22,12.82,12.82,10500
JC5.SI,20100314,13.27,13.27,13.27,13.27,20000
JC5.SI,20100302,13.50,13.52,13.46,13.52,40600
JC5.SI,20100214,13.55,13.55,13.55,13.55,200
JC5.SI,20100124,13.26,13.26,13.26,13.26,600
JC5.SI,20100119,13.42,13.42,13.42,13.42,10000
JC5.SI,20100114,13.07,13.07,13.07,13.07,000
JC5.SI,20100110,12.66,12.67,12.62,12.62,12600
JC5.SI,20100107,12.63,12.63,12.63,12.63,300
JC5.SI,20100105,12.83,12.83,12.83,12.83,300
JC5.SI,20100103,12.86,12.92,12.86,12.92,30000
