M41.SI,20120606,0.179,0.179,0.179,0.179,200000
M41.SI,20120605,0.18,0.18,0.18,0.18,3795000
M41.SI,20120604,0.18,0.18,0.18,0.18,1426000
M41.SI,20120603,0.18,0.18,0.18,0.18,10086000
M41.SI,20120531,0.18,0.18,0.18,0.18,9465000
M41.SI,20120528,0.18,0.18,0.18,0.18,4684000
M41.SI,20120523,0.19,0.19,0.18,0.18,14046000
M41.SI,20120522,0.19,0.19,0.18,0.19,13186000
M41.SI,20120521,0.18,0.19,0.18,0.18,10675000
M41.SI,20120520,0.19,0.19,0.18,0.19,32966000
M41.SI,20120517,0.19,0.20,0.19,0.19,77307000
M41.SI,20120506,0.62,0.63,0.62,0.63,34501000
M41.SI,20120503,0.61,0.62,0.61,0.62,9995000
M41.SI,20120502,0.62,0.63,0.60,0.62,23369000
M41.SI,20120430,0.63,0.63,0.62,0.62,4786000
M41.SI,20120429,0.63,0.63,0.63,0.63,4367000
M41.SI,20120426,0.63,0.63,0.62,0.62,2285000
M41.SI,20120425,0.63,0.63,0.62,0.63,2070000
M41.SI,20120424,0.62,0.63,0.62,0.63,1374000
M41.SI,20120423,0.62,0.63,0.62,0.62,2191000
M41.SI,20120422,0.63,0.63,0.62,0.63,4843000
M41.SI,20120419,0.62,0.63,0.62,0.63,9743000
M41.SI,20120418,0.62,0.62,0.61,0.62,1979000
M41.SI,20120417,0.61,0.62,0.61,0.62,6384000
M41.SI,20120416,0.61,0.61,0.60,0.61,5734000
M41.SI,20120415,0.61,0.61,0.60,0.61,4317000
M41.SI,20120412,0.61,0.62,0.61,0.61,10865000
M41.SI,20120411,0.59,0.62,0.59,0.61,21509000
M41.SI,20120410,0.58,0.60,0.58,0.59,10262000
M41.SI,20120409,0.58,0.58,0.58,0.58,9884000
M41.SI,20120408,0.58,0.58,0.57,0.58,13436000
M41.SI,20120405,0.58,0.60,0.57,0.58,11668000
M41.SI,20120404,0.60,0.60,0.58,0.59,7689000
M41.SI,20120403,0.57,0.58,0.57,0.57,1293000
M41.SI,20120402,0.57,0.57,0.57,0.57,441000
M41.SI,20120401,0.57,0.57,0.57,0.57,276000
M41.SI,20120328,0.57,0.57,0.57,0.57,315000
M41.SI,20120327,0.57,0.57,0.57,0.57,2479000
M41.SI,20120326,0.57,0.57,0.57,0.57,935000
M41.SI,20120325,0.57,0.57,0.57,0.57,650000
M41.SI,20120322,0.57,0.57,0.57,0.57,2415000
M41.SI,20120321,0.57,0.57,0.57,0.57,502000
M41.SI,20120320,0.57,0.57,0.57,0.57,393000
M41.SI,20120319,0.57,0.57,0.57,0.57,887000
M41.SI,20120318,0.57,0.57,0.57,0.57,2597000
M41.SI,20120315,0.57,0.58,0.57,0.57,502000
M41.SI,20120314,0.57,0.58,0.57,0.58,294000
M41.SI,20120313,0.58,0.58,0.57,0.57,2052000
M41.SI,20120311,0.58,0.58,0.57,0.58,3502000
M41.SI,20120308,0.57,0.58,0.57,0.58,4097000
M41.SI,20120307,0.57,0.57,0.57,0.57,1880000
M41.SI,20120306,0.57,0.57,0.57,0.57,4257000
M41.SI,20120305,0.57,0.57,0.57,0.57,3847000
M41.SI,20120304,0.57,0.57,0.57,0.57,5029000
M41.SI,20120301,0.56,0.57,0.56,0.57,742000
M41.SI,20120229,0.57,0.57,0.56,0.57,1180000
M41.SI,20120228,0.57,0.58,0.57,0.57,2671000
M41.SI,20120227,0.58,0.58,0.57,0.57,1409000
M41.SI,20120226,0.58,0.58,0.57,0.57,3389000
M41.SI,20120223,0.58,0.58,0.57,0.57,1627000
M41.SI,20120222,0.58,0.58,0.58,0.58,1172000
M41.SI,20120220,0.58,0.58,0.57,0.58,2686000
M41.SI,20120219,0.58,0.58,0.57,0.57,4707000
M41.SI,20120216,0.57,0.58,0.57,0.58,3178000
M41.SI,20120215,0.58,0.58,0.57,0.57,1489000
M41.SI,20120214,0.58,0.58,0.57,0.57,3639000
M41.SI,20120209,0.58,0.58,0.58,0.58,901000
M41.SI,20120208,0.58,0.59,0.58,0.58,1474000
M41.SI,20120207,0.59,0.59,0.58,0.58,2236000
M41.SI,20120206,0.59,0.60,0.59,0.59,2458000
M41.SI,20120205,0.60,0.60,0.59,0.59,2357000
M41.SI,20120202,0.60,0.60,0.59,0.59,4592000
M41.SI,20120201,0.65,0.65,0.65,0.65,3749000
M41.SI,20120131,0.65,0.65,0.65,0.65,3565000
M41.SI,20120130,0.65,0.65,0.65,0.65,2598000
M41.SI,20120129,0.65,0.65,0.65,0.65,5871000
M41.SI,20120126,0.65,0.65,0.64,0.64,1552000
M41.SI,20120125,0.64,0.65,0.64,0.65,2020000
M41.SI,20120124,0.64,0.64,0.64,0.64,6900000
M41.SI,20120123,0.65,0.65,0.64,0.64,7082000
M41.SI,20120122,0.64,0.67,0.64,0.65,8412000
M41.SI,20120119,0.63,0.64,0.63,0.64,280000
M41.SI,20120118,0.63,0.64,0.63,0.64,2181000
M41.SI,20120117,0.63,0.63,0.62,0.63,653000
M41.SI,20120116,0.63,0.63,0.63,0.63,1455000
M41.SI,20120115,0.63,0.63,0.62,0.63,1161000
M41.SI,20120112,0.63,0.63,0.62,0.63,908000
M41.SI,20120111,0.63,0.63,0.62,0.63,2335000
M41.SI,20120110,0.62,0.63,0.62,0.63,1488000
M41.SI,20120109,0.62,0.62,0.62,0.62,2182000
M41.SI,20120108,0.62,0.62,0.62,0.62,1539000
M41.SI,20120105,0.62,0.62,0.62,0.62,1287000
M41.SI,20120104,0.62,0.63,0.62,0.62,2039000
M41.SI,20120103,0.62,0.62,0.62,0.62,2451000
M41.SI,20120101,0.62,0.62,0.62,0.62,2110000
M41.SI,20111229,0.62,0.62,0.62,0.62,469000
M41.SI,20111228,0.62,0.62,0.62,0.62,657000
M41.SI,20111227,0.62,0.63,0.62,0.62,2170000
M41.SI,20111225,0.62,0.62,0.62,0.62,1352000
M41.SI,20111222,0.62,0.63,0.62,0.62,3781000
M41.SI,20111221,0.63,0.63,0.62,0.62,8031000
M41.SI,20111220,0.63,0.64,0.63,0.63,12710000
M41.SI,20111219,0.63,0.64,0.62,0.62,10395000
M41.SI,20111218,0.59,0.59,0.59,0.59,599000
M41.SI,20111215,0.58,0.59,0.58,0.58,795000
M41.SI,20111214,0.58,0.60,0.58,0.59,1788000
M41.SI,20111213,0.58,0.58,0.58,0.58,1665000
M41.SI,20111212,0.58,0.58,0.58,0.58,275000
M41.SI,20111211,0.58,0.58,0.57,0.58,907000
M41.SI,20111208,0.57,0.58,0.57,0.58,1104000
M41.SI,20111207,0.57,0.58,0.57,0.57,1066000
M41.SI,20111206,0.58,0.58,0.57,0.57,2058000
M41.SI,20111205,0.58,0.58,0.58,0.58,687000
M41.SI,20111204,0.58,0.58,0.58,0.58,862000
M41.SI,20111201,0.58,0.59,0.58,0.58,982000
M41.SI,20111130,0.57,0.59,0.57,0.59,2637000
M41.SI,20111129,0.57,0.57,0.57,0.57,408000
M41.SI,20111128,0.57,0.58,0.57,0.57,7133000
M41.SI,20111127,0.57,0.57,0.56,0.57,6780000
M41.SI,20111124,0.57,0.57,0.56,0.56,1385000
M41.SI,20111123,0.56,0.57,0.56,0.57,726000
M41.SI,20111122,0.57,0.57,0.56,0.56,5065000
M41.SI,20111121,0.56,0.56,0.56,0.56,3780000
M41.SI,20111120,0.56,0.56,0.56,0.56,2186000
M41.SI,20111117,0.56,0.56,0.56,0.56,3485000
M41.SI,20111116,0.57,0.57,0.56,0.56,2123000
M41.SI,20111115,0.57,0.57,0.56,0.57,2483000
M41.SI,20111113,0.57,0.57,0.57,0.57,3063000
M41.SI,20111110,0.56,0.57,0.56,0.57,1454000
M41.SI,20111109,0.57,0.57,0.56,0.56,2561000
M41.SI,20111108,0.57,0.57,0.56,0.57,3158000
M41.SI,20111107,0.56,0.56,0.56,0.56,263000
M41.SI,20111106,0.56,0.57,0.56,0.56,2138000
M41.SI,20111103,0.56,0.56,0.56,0.56,1639000
M41.SI,20111102,0.56,0.56,0.56,0.56,1879000
M41.SI,20111101,0.56,0.56,0.56,0.56,1446000
M41.SI,20111031,0.56,0.56,0.56,0.56,668000
M41.SI,20111030,0.56,0.56,0.56,0.56,2253000
M41.SI,20111026,0.56,0.56,0.56,0.56,4274000
M41.SI,20111025,0.56,0.56,0.56,0.56,490000
M41.SI,20111024,0.56,0.56,0.56,0.56,1690000
M41.SI,20111023,0.56,0.56,0.55,0.56,1032000
M41.SI,20111020,0.55,0.56,0.55,0.56,2214000
M41.SI,20111019,0.56,0.56,0.55,0.55,1925000
M41.SI,20111018,0.56,0.56,0.56,0.56,1748000
M41.SI,20111017,0.55,0.56,0.55,0.56,3093000
M41.SI,20111016,0.56,0.56,0.55,0.56,1800000
M41.SI,20111013,0.55,0.56,0.55,0.56,3257000
M41.SI,20111012,0.55,0.56,0.55,0.55,8916000
M41.SI,20111011,0.54,0.55,0.54,0.55,5716000
M41.SI,20111010,0.54,0.54,0.54,0.54,940000
M41.SI,20111009,0.54,0.54,0.54,0.54,3042000
M41.SI,20111006,0.54,0.54,0.54,0.54,7065000
M41.SI,20111005,0.53,0.54,0.53,0.54,924000
M41.SI,20111004,0.54,0.54,0.53,0.53,3317000
M41.SI,20111003,0.54,0.54,0.53,0.54,1391000
M41.SI,20111002,0.54,0.54,0.54,0.54,866000
M41.SI,20110929,0.54,0.54,0.54,0.54,191000
M41.SI,20110928,0.54,0.54,0.54,0.54,117000
M41.SI,20110927,0.54,0.54,0.54,0.54,759000
M41.SI,20110926,0.54,0.54,0.54,0.54,767000
M41.SI,20110925,0.54,0.54,0.54,0.54,346000
M41.SI,20110922,0.54,0.54,0.54,0.54,234000
M41.SI,20110921,0.54,0.54,0.54,0.54,871000
M41.SI,20110920,0.54,0.54,0.54,0.54,1018000
M41.SI,20110919,0.54,0.54,0.54,0.54,1160000
M41.SI,20110918,0.53,0.54,0.53,0.54,6248000
M41.SI,20110915,0.53,0.54,0.53,0.54,2270000
M41.SI,20110914,0.52,0.53,0.52,0.53,1599000
M41.SI,20110913,0.53,0.53,0.52,0.53,490000
M41.SI,20110912,0.53,0.53,0.52,0.52,314000
M41.SI,20110911,0.52,0.53,0.52,0.53,763000
M41.SI,20110908,0.53,0.53,0.52,0.52,5051000
M41.SI,20110907,0.53,0.53,0.52,0.52,284000
M41.SI,20110906,0.53,0.54,0.53,0.53,953000
M41.SI,20110905,0.52,0.53,0.52,0.53,6281000
M41.SI,20110904,0.52,0.53,0.52,0.53,1070000
M41.SI,20110901,0.52,0.53,0.52,0.52,1668000
M41.SI,20110831,0.52,0.52,0.52,0.52,5639000
M41.SI,20110830,0.52,0.53,0.52,0.53,8990000
M41.SI,20110829,0.53,0.53,0.52,0.52,1581000
M41.SI,20110828,0.52,0.53,0.52,0.52,3071000
M41.SI,20110825,0.53,0.53,0.52,0.52,1748000
M41.SI,20110824,0.53,0.54,0.52,0.53,2336000
M41.SI,20110823,0.56,0.56,0.56,0.56,6336000
M41.SI,20110822,0.56,0.56,0.56,0.56,5166000
M41.SI,20110821,0.56,0.56,0.56,0.56,000
M41.SI,20110818,0.56,0.56,0.56,0.56,2353000
M41.SI,20110817,0.55,0.56,0.55,0.56,2893000
M41.SI,20110816,0.55,0.56,0.55,0.56,9096000
M41.SI,20110815,0.55,0.55,0.55,0.55,4494000
M41.SI,20110814,0.55,0.56,0.55,0.55,3050000
M41.SI,20110811,0.55,0.56,0.55,0.55,6472000
M41.SI,20110810,0.54,0.54,0.54,0.54,000
M41.SI,20110809,0.55,0.56,0.54,0.54,5657000
M41.SI,20110808,0.54,0.54,0.54,0.54,1008000
M41.SI,20110807,0.54,0.54,0.54,0.54,1162000
M41.SI,20110804,0.54,0.55,0.54,0.54,3183000
M41.SI,20110803,0.55,0.55,0.54,0.54,1686000
M41.SI,20110802,0.54,0.55,0.54,0.55,1477000
M41.SI,20110801,0.54,0.55,0.54,0.55,681000
M41.SI,20110731,0.54,0.54,0.54,0.54,553000
M41.SI,20110728,0.54,0.55,0.54,0.54,2081000
M41.SI,20110727,0.53,0.56,0.52,0.55,5310000
M41.SI,20110726,0.53,0.54,0.52,0.53,2116000
M41.SI,20110725,0.53,0.54,0.52,0.53,2296000
M41.SI,20110724,0.54,0.54,0.53,0.53,3449000
M41.SI,20110721,0.54,0.54,0.53,0.53,1868000
M41.SI,20110720,0.54,0.54,0.53,0.54,1499000
M41.SI,20110719,0.54,0.54,0.53,0.53,2582000
M41.SI,20110718,0.55,0.55,0.54,0.54,3357000
M41.SI,20110717,0.55,0.55,0.54,0.55,502000
M41.SI,20110714,0.55,0.55,0.54,0.55,150000
M41.SI,20110713,0.54,0.55,0.54,0.55,537000
M41.SI,20110712,0.54,0.54,0.54,0.54,959000
M41.SI,20110711,0.54,0.54,0.54,0.54,1830000
M41.SI,20110710,0.55,0.55,0.54,0.54,1272000
M41.SI,20110707,0.54,0.55,0.54,0.55,1003000
M41.SI,20110706,0.54,0.55,0.54,0.54,598000
M41.SI,20110705,0.54,0.54,0.54,0.54,424000
M41.SI,20110704,0.53,0.54,0.53,0.54,1401000
M41.SI,20110703,0.53,0.54,0.52,0.53,1539000
M41.SI,20110630,0.53,0.54,0.52,0.52,1481000
M41.SI,20110629,0.54,0.55,0.53,0.54,1587000
M41.SI,20110628,0.54,0.55,0.54,0.54,468000
M41.SI,20110627,0.52,0.54,0.52,0.54,2540000
M41.SI,20110626,0.52,0.54,0.52,0.53,1954000
M41.SI,20110623,0.51,0.52,0.51,0.52,756000
M41.SI,20110622,0.51,0.52,0.51,0.51,547000
M41.SI,20110621,0.51,0.52,0.51,0.52,5018000
M41.SI,20110620,0.52,0.52,0.51,0.52,1038000
M41.SI,20110619,0.51,0.52,0.51,0.52,1536000
M41.SI,20110616,0.51,0.52,0.51,0.51,3506000
M41.SI,20110615,0.51,0.52,0.51,0.51,2797000
M41.SI,20110614,0.50,0.52,0.50,0.52,2087000
M41.SI,20110613,0.51,0.51,0.50,0.50,2689000
M41.SI,20110612,0.51,0.52,0.51,0.52,578000
M41.SI,20110609,0.51,0.51,0.50,0.50,657000
M41.SI,20110608,0.51,0.52,0.51,0.51,944000
M41.SI,20110607,0.52,0.52,0.51,0.51,403000
M41.SI,20110606,0.51,0.52,0.51,0.51,865000
M41.SI,20110605,0.51,0.51,0.50,0.50,3043000
M41.SI,20110602,0.52,0.53,0.51,0.51,8628000
M41.SI,20110601,0.55,0.55,0.52,0.52,4047000
M41.SI,20110531,0.55,0.55,0.55,0.55,538000
M41.SI,20110530,0.55,0.55,0.55,0.55,1070000
M41.SI,20110529,0.55,0.55,0.55,0.55,212000
M41.SI,20110526,0.56,0.56,0.55,0.55,1797000
M41.SI,20110525,0.55,0.55,0.55,0.55,2256000
M41.SI,20110524,0.56,0.56,0.55,0.55,4811000
M41.SI,20110523,0.56,0.56,0.56,0.56,1659000
M41.SI,20110522,0.56,0.56,0.55,0.56,2102000
M41.SI,20110519,0.57,0.57,0.56,0.56,3826000
M41.SI,20110518,0.57,0.57,0.57,0.57,323000
M41.SI,20110517,0.58,0.58,0.57,0.57,848000
M41.SI,20110516,0.57,0.58,0.57,0.58,865000
M41.SI,20110515,0.58,0.58,0.57,0.58,492000
M41.SI,20110512,0.57,0.58,0.57,0.58,756000
M41.SI,20110511,0.58,0.58,0.57,0.58,990000
M41.SI,20110510,0.58,0.58,0.57,0.57,1480000
M41.SI,20110509,0.58,0.58,0.57,0.58,605000
M41.SI,20110508,0.57,0.57,0.57,0.57,1624000
M41.SI,20110505,0.58,0.58,0.57,0.58,283000
M41.SI,20110504,0.58,0.58,0.58,0.58,860000
M41.SI,20110503,0.58,0.58,0.57,0.58,8738000
M41.SI,20110502,0.58,0.58,0.58,0.58,000
M41.SI,20110501,0.58,0.58,0.57,0.58,2110000
M41.SI,20110428,0.58,0.58,0.57,0.57,1797000
M41.SI,20110427,0.57,0.58,0.57,0.58,2147000
M41.SI,20110426,0.58,0.58,0.57,0.57,147000
M41.SI,20110425,0.58,0.58,0.57,0.58,236000
M41.SI,20110424,0.58,0.58,0.57,0.58,689000
M41.SI,20110421,0.58,0.58,0.57,0.58,1107000
M41.SI,20110420,0.57,0.58,0.57,0.58,2014000
M41.SI,20110419,0.58,0.58,0.57,0.58,1050000
M41.SI,20110418,0.58,0.58,0.57,0.58,1734000
M41.SI,20110417,0.57,0.58,0.57,0.58,746000
M41.SI,20110414,0.57,0.58,0.57,0.58,1274000
M41.SI,20110413,0.58,0.58,0.57,0.57,164000
M41.SI,20110412,0.57,0.58,0.57,0.57,1315000
M41.SI,20110411,0.58,0.58,0.57,0.58,597000
M41.SI,20110410,0.58,0.58,0.58,0.58,766000
M41.SI,20110407,0.58,0.58,0.58,0.58,000
M41.SI,20110406,0.58,0.58,0.58,0.58,1259000
M41.SI,20110405,0.58,0.58,0.58,0.58,500000
M41.SI,20110404,0.58,0.58,0.58,0.58,521000
M41.SI,20110403,0.58,0.58,0.58,0.58,636000
M41.SI,20110331,0.57,0.58,0.57,0.57,153000
M41.SI,20110330,0.58,0.58,0.57,0.57,384000
M41.SI,20110329,0.58,0.58,0.57,0.58,616000
M41.SI,20110328,0.58,0.58,0.57,0.57,2531000
M41.SI,20110327,0.57,0.58,0.57,0.57,1411000
M41.SI,20110324,0.58,0.58,0.57,0.57,3426000
M41.SI,20110323,0.58,0.58,0.58,0.58,1011000
M41.SI,20110322,0.58,0.58,0.58,0.58,689000
M41.SI,20110321,0.57,0.58,0.57,0.58,4116000
M41.SI,20110320,0.57,0.58,0.57,0.57,986000
M41.SI,20110317,0.58,0.58,0.57,0.58,170000
M41.SI,20110316,0.58,0.58,0.57,0.58,808000
M41.SI,20110315,0.57,0.58,0.57,0.58,508000
M41.SI,20110314,0.57,0.58,0.57,0.57,6814000
M41.SI,20110313,0.57,0.57,0.57,0.57,1853000
M41.SI,20110310,0.57,0.57,0.56,0.57,2505000
M41.SI,20110309,0.56,0.57,0.56,0.56,919000
M41.SI,20110308,0.56,0.56,0.56,0.56,1354000
M41.SI,20110307,0.60,0.60,0.59,0.59,8864000
M41.SI,20110306,0.59,0.60,0.58,0.59,4176000
M41.SI,20110303,0.59,0.59,0.58,0.59,773000
M41.SI,20110302,0.59,0.59,0.58,0.58,2330000
M41.SI,20110301,0.59,0.59,0.58,0.59,1627000
M41.SI,20110228,0.58,0.59,0.58,0.59,6171000
M41.SI,20110227,0.58,0.58,0.58,0.58,2577000
M41.SI,20110224,0.58,0.58,0.58,0.58,3949000
M41.SI,20110223,0.57,0.58,0.57,0.58,4441000
M41.SI,20110222,0.58,0.58,0.58,0.58,5230000
M41.SI,20110221,0.58,0.58,0.58,0.58,765000
M41.SI,20110220,0.58,0.58,0.58,0.58,298000
M41.SI,20110217,0.58,0.58,0.58,0.58,4151000
M41.SI,20110216,0.58,0.58,0.57,0.58,432000
M41.SI,20110215,0.58,0.58,0.57,0.58,1754000
M41.SI,20110214,0.57,0.58,0.57,0.57,1883000
M41.SI,20110213,0.57,0.57,0.57,0.57,81000
M41.SI,20110210,0.58,0.58,0.57,0.57,729000
M41.SI,20110209,0.57,0.57,0.57,0.57,2089000
M41.SI,20110208,0.58,0.58,0.57,0.57,4793000
M41.SI,20110207,0.57,0.59,0.57,0.57,10667000
M41.SI,20110206,0.56,0.57,0.56,0.57,1648000
M41.SI,20110203,0.56,0.56,0.56,0.56,434000
M41.SI,20110202,0.56,0.57,0.56,0.57,2384000
M41.SI,20110201,0.56,0.57,0.56,0.56,3654000
M41.SI,20110131,0.56,0.56,0.56,0.56,1083000
M41.SI,20110130,0.56,0.56,0.56,0.56,292000
M41.SI,20110127,0.56,0.56,0.56,0.56,4264000
M41.SI,20110126,0.56,0.56,0.56,0.56,675000
M41.SI,20110125,0.56,0.56,0.55,0.56,766000
M41.SI,20110124,0.56,0.56,0.56,0.56,000
M41.SI,20110123,0.56,0.56,0.56,0.56,000
M41.SI,20110120,0.56,0.56,0.55,0.56,1455000
M41.SI,20110119,0.55,0.56,0.55,0.56,616000
M41.SI,20110118,0.55,0.55,0.55,0.55,1229000
M41.SI,20110117,0.55,0.56,0.54,0.55,2755000
M41.SI,20110116,0.55,0.55,0.55,0.55,1243000
M41.SI,20110113,0.55,0.55,0.55,0.55,2360000
M41.SI,20110112,0.55,0.56,0.55,0.55,2109000
M41.SI,20110111,0.55,0.56,0.55,0.55,376000
M41.SI,20110110,0.56,0.56,0.55,0.56,601000
M41.SI,20110109,0.55,0.56,0.55,0.56,433000
M41.SI,20110106,0.56,0.56,0.55,0.56,475000
M41.SI,20110105,0.55,0.55,0.55,0.55,1695000
M41.SI,20110104,0.54,0.55,0.54,0.55,1299000
M41.SI,20110103,0.53,0.55,0.53,0.54,1659000
M41.SI,20110102,0.54,0.54,0.54,0.54,000
M41.SI,20101230,0.54,0.55,0.53,0.53,3989000
M41.SI,20101229,0.54,0.54,0.54,0.54,404000
M41.SI,20101228,0.54,0.55,0.54,0.55,1548000
M41.SI,20101227,0.54,0.55,0.54,0.54,744000
M41.SI,20101226,0.54,0.54,0.54,0.54,000
M41.SI,20101223,0.54,0.54,0.53,0.54,2803000
M41.SI,20101222,0.55,0.55,0.54,0.54,4162000
M41.SI,20101221,0.55,0.55,0.55,0.55,666000
M41.SI,20101220,0.54,0.55,0.54,0.55,420000
M41.SI,20101219,0.55,0.55,0.54,0.55,1527000
M41.SI,20101216,0.55,0.55,0.54,0.55,1778000
M41.SI,20101215,0.54,0.55,0.54,0.54,152000
M41.SI,20101214,0.56,0.56,0.54,0.54,1422000
M41.SI,20101213,0.56,0.56,0.55,0.55,1008000
M41.SI,20101212,0.56,0.56,0.56,0.56,697000
M41.SI,20101209,0.56,0.56,0.56,0.56,980000
M41.SI,20101208,0.56,0.56,0.56,0.56,4161000
M41.SI,20101207,0.56,0.57,0.56,0.57,3004000
M41.SI,20101206,0.56,0.57,0.56,0.56,1391000
M41.SI,20101205,0.56,0.56,0.56,0.56,6168000
M41.SI,20101202,0.56,0.56,0.55,0.56,5717000
M41.SI,20101201,0.55,0.56,0.55,0.55,4053000
M41.SI,20101130,0.54,0.55,0.54,0.55,3042000
M41.SI,20101129,0.53,0.54,0.53,0.54,3729000
M41.SI,20101128,0.52,0.53,0.52,0.53,2050000
M41.SI,20101125,0.52,0.53,0.52,0.53,1141000
M41.SI,20101124,0.52,0.52,0.52,0.52,1830000
M41.SI,20101123,0.52,0.52,0.52,0.52,1171000
M41.SI,20101122,0.52,0.52,0.52,0.52,1755000
M41.SI,20101121,0.52,0.53,0.52,0.52,1750000
M41.SI,20101118,0.53,0.53,0.52,0.52,3022000
M41.SI,20101117,0.54,0.54,0.53,0.53,4326000
M41.SI,20101116,0.54,0.54,0.54,0.54,2103000
M41.SI,20101115,0.54,0.55,0.54,0.54,1988000
M41.SI,20101114,0.54,0.54,0.53,0.54,4880000
M41.SI,20101111,0.52,0.54,0.52,0.53,1371000
M41.SI,20101110,0.52,0.53,0.51,0.52,4033000
M41.SI,20101109,0.50,0.52,0.50,0.52,4398000
M41.SI,20101108,0.50,0.50,0.50,0.50,1734000
M41.SI,20101104,0.50,0.50,0.50,0.50,114000
M41.SI,20101103,0.50,0.50,0.50,0.50,269000
M41.SI,20101102,0.50,0.50,0.49,0.50,2130000
M41.SI,20101101,0.50,0.50,0.50,0.50,582000
M41.SI,20101031,0.50,0.50,0.50,0.50,1317000
M41.SI,20101028,0.50,0.50,0.50,0.50,1184000
M41.SI,20101027,0.50,0.50,0.50,0.50,2952000
M41.SI,20101025,0.50,0.50,0.49,0.49,1050000
M41.SI,20101024,0.50,0.50,0.50,0.50,1843000
M41.SI,20101021,0.49,0.49,0.49,0.49,872000
M41.SI,20101020,0.50,0.50,0.49,0.49,1769000
M41.SI,20101019,0.50,0.50,0.49,0.50,430000
M41.SI,20101018,0.49,0.49,0.49,0.49,3326000
M41.SI,20101017,0.49,0.50,0.49,0.50,2076000
M41.SI,20101014,0.50,0.50,0.49,0.49,2110000
M41.SI,20101013,0.49,0.50,0.49,0.50,2492000
M41.SI,20101012,0.49,0.49,0.49,0.49,509000
M41.SI,20101011,0.48,0.49,0.48,0.49,3538000
M41.SI,20101010,0.49,0.49,0.47,0.48,4297000
M41.SI,20101007,0.49,0.49,0.47,0.48,2108000
M41.SI,20101006,0.48,0.48,0.47,0.48,1606000
M41.SI,20101005,0.47,0.48,0.47,0.47,3027000
M41.SI,20101004,0.47,0.47,0.47,0.47,5319000
M41.SI,20101003,0.48,0.49,0.47,0.47,10279000
M41.SI,20100930,0.48,0.49,0.48,0.49,3651000
M41.SI,20100929,0.47,0.49,0.47,0.49,3551000
M41.SI,20100928,0.48,0.49,0.46,0.47,3490000
M41.SI,20100927,0.48,0.49,0.48,0.49,1363000
M41.SI,20100926,0.49,0.49,0.47,0.49,3414000
M41.SI,20100923,0.50,0.50,0.49,0.49,2022000
M41.SI,20100922,0.50,0.50,0.50,0.50,2517000
M41.SI,20100921,0.50,0.50,0.50,0.50,2844000
M41.SI,20100920,0.50,0.51,0.50,0.50,3344000
M41.SI,20100919,0.51,0.51,0.50,0.50,2151000
M41.SI,20100916,0.51,0.51,0.51,0.51,676000
M41.SI,20100915,0.51,0.51,0.50,0.51,2730000
M41.SI,20100914,0.52,0.52,0.51,0.51,1425000
M41.SI,20100913,0.51,0.52,0.51,0.51,2658000
M41.SI,20100912,0.52,0.52,0.51,0.52,2584000
M41.SI,20100909,0.52,0.53,0.52,0.53,1994000
M41.SI,20100908,0.54,0.54,0.52,0.52,1494000
M41.SI,20100907,0.52,0.53,0.52,0.53,1835000
M41.SI,20100906,0.54,0.54,0.52,0.53,2119000
M41.SI,20100905,0.52,0.54,0.52,0.54,2919000
M41.SI,20100902,0.53,0.53,0.52,0.53,1229000
M41.SI,20100901,0.52,0.53,0.52,0.52,1958000
M41.SI,20100831,0.52,0.53,0.52,0.53,1410000
M41.SI,20100829,0.52,0.52,0.52,0.52,455000
M41.SI,20100826,0.51,0.52,0.51,0.52,1006000
M41.SI,20100825,0.51,0.52,0.51,0.52,858000
M41.SI,20100824,0.51,0.52,0.51,0.51,4589000
M41.SI,20100823,0.51,0.51,0.50,0.51,3126000
M41.SI,20100822,0.52,0.53,0.51,0.53,2844000
M41.SI,20100819,0.53,0.53,0.51,0.52,5388000
M41.SI,20100818,0.54,0.54,0.54,0.54,1559000
M41.SI,20100817,0.54,0.55,0.54,0.55,1608000
M41.SI,20100816,0.54,0.54,0.54,0.54,1105000
M41.SI,20100815,0.52,0.54,0.52,0.54,1878000
M41.SI,20100812,0.52,0.54,0.52,0.53,5207000
M41.SI,20100811,0.54,0.54,0.50,0.52,5210000
M41.SI,20100810,0.56,0.56,0.54,0.54,6009000
M41.SI,20100808,0.56,0.56,0.54,0.55,5349000
M41.SI,20100805,0.56,0.56,0.56,0.56,9375000
M41.SI,20100804,0.57,0.57,0.57,0.57,3011000
M41.SI,20100803,0.57,0.57,0.56,0.57,2251000
M41.SI,20100802,0.57,0.57,0.57,0.57,772000
M41.SI,20100801,0.57,0.57,0.57,0.57,807000
M41.SI,20100729,0.56,0.58,0.56,0.58,3564000
M41.SI,20100728,0.56,0.57,0.56,0.57,215000
M41.SI,20100727,0.58,0.58,0.56,0.57,1625000
M41.SI,20100726,0.58,0.58,0.57,0.57,1255000
M41.SI,20100725,0.57,0.58,0.57,0.57,4966000
M41.SI,20100722,0.56,0.58,0.56,0.57,4635000
M41.SI,20100721,0.56,0.56,0.56,0.56,2199000
M41.SI,20100720,0.56,0.56,0.56,0.56,2530000
M41.SI,20100719,0.56,0.56,0.56,0.56,1358000
M41.SI,20100718,0.56,0.56,0.56,0.56,1390000
M41.SI,20100715,0.56,0.56,0.56,0.56,741000
M41.SI,20100714,0.56,0.56,0.56,0.56,568000
M41.SI,20100713,0.56,0.56,0.56,0.56,862000
M41.SI,20100712,0.56,0.56,0.56,0.56,1842000
M41.SI,20100711,0.57,0.57,0.56,0.57,1147000
M41.SI,20100708,0.57,0.57,0.56,0.57,705000
M41.SI,20100707,0.57,0.57,0.57,0.57,1934000
M41.SI,20100706,0.57,0.57,0.56,0.57,2248000
M41.SI,20100705,0.57,0.57,0.57,0.57,1291000
M41.SI,20100704,0.58,0.58,0.57,0.57,4554000
M41.SI,20100701,0.56,0.58,0.56,0.58,1331000
M41.SI,20100630,0.56,0.57,0.56,0.57,134000
M41.SI,20100629,0.56,0.56,0.56,0.56,3429000
M41.SI,20100628,0.56,0.56,0.56,0.56,113000
M41.SI,20100627,0.56,0.56,0.56,0.56,105000
M41.SI,20100624,0.56,0.56,0.55,0.56,2294000
M41.SI,20100623,0.56,0.56,0.56,0.56,1878000
M41.SI,20100622,0.56,0.57,0.56,0.57,2406000
M41.SI,20100621,0.56,0.57,0.56,0.56,1143000
M41.SI,20100620,0.56,0.57,0.56,0.56,1429000
M41.SI,20100617,0.57,0.57,0.57,0.57,749000
M41.SI,20100616,0.57,0.57,0.57,0.57,847000
M41.SI,20100615,0.58,0.58,0.57,0.57,1006000
M41.SI,20100614,0.58,0.58,0.57,0.57,1594000
M41.SI,20100613,0.57,0.57,0.57,0.57,2655000
M41.SI,20100610,0.58,0.58,0.57,0.58,2400000
M41.SI,20100609,0.58,0.58,0.58,0.58,1494000
M41.SI,20100608,0.58,0.58,0.58,0.58,62000
M41.SI,20100607,0.58,0.58,0.58,0.58,1360000
M41.SI,20100606,0.58,0.58,0.58,0.58,3657000
M41.SI,20100603,0.58,0.58,0.58,0.58,971000
M41.SI,20100602,0.58,0.59,0.58,0.59,1438000
M41.SI,20100601,0.58,0.58,0.58,0.58,731000
M41.SI,20100531,0.58,0.58,0.58,0.58,923000
M41.SI,20100530,0.58,0.59,0.58,0.58,1038000
M41.SI,20100527,0.58,0.59,0.58,0.58,523000
M41.SI,20100526,0.58,0.58,0.58,0.58,1466000
M41.SI,20100525,0.58,0.58,0.58,0.58,1200000
M41.SI,20100524,0.58,0.59,0.58,0.58,607000
M41.SI,20100523,0.58,0.59,0.58,0.58,795000
M41.SI,20100520,0.58,0.59,0.58,0.59,2948000
M41.SI,20100519,0.58,0.59,0.58,0.59,360000
M41.SI,20100518,0.58,0.60,0.58,0.59,17992000
M41.SI,20100516,0.58,0.58,0.58,0.58,4254000
M41.SI,20100513,0.58,0.58,0.58,0.58,3279000
M41.SI,20100512,0.58,0.59,0.58,0.58,3062000
M41.SI,20100511,0.60,0.60,0.58,0.58,4532000
M41.SI,20100510,0.58,0.60,0.58,0.59,3186000
M41.SI,20100509,0.57,0.58,0.57,0.58,968000
M41.SI,20100506,0.58,0.58,0.58,0.58,3377000
M41.SI,20100505,0.58,0.58,0.58,0.58,535000
M41.SI,20100504,0.58,0.58,0.58,0.58,127000
M41.SI,20100503,0.58,0.58,0.58,0.58,5952000
M41.SI,20100429,0.58,0.59,0.58,0.58,2542000
M41.SI,20100428,0.58,0.58,0.57,0.58,4237000
M41.SI,20100427,0.59,0.59,0.58,0.58,3240000
M41.SI,20100426,0.59,0.59,0.59,0.59,390000
M41.SI,20100425,0.60,0.60,0.59,0.59,485000
M41.SI,20100421,0.60,0.60,0.59,0.60,1410000
M41.SI,20100420,0.60,0.60,0.59,0.59,190000
M41.SI,20100419,0.60,0.60,0.59,0.60,3752000
M41.SI,20100418,0.60,0.61,0.60,0.60,5007000
M41.SI,20100415,0.61,0.61,0.60,0.60,1086000
M41.SI,20100414,0.61,0.61,0.60,0.61,3748000
M41.SI,20100413,0.61,0.61,0.61,0.61,3781000
M41.SI,20100412,0.61,0.61,0.61,0.61,3519000
M41.SI,20100411,0.62,0.62,0.61,0.61,6388000
M41.SI,20100408,0.61,0.62,0.61,0.61,2187000
M41.SI,20100407,0.61,0.62,0.61,0.61,4105000
M41.SI,20100406,0.61,0.62,0.61,0.61,858000
M41.SI,20100405,0.62,0.62,0.61,0.61,1962000
M41.SI,20100404,0.62,0.62,0.61,0.62,1963000
M41.SI,20100401,0.61,0.62,0.61,0.61,1536000
M41.SI,20100331,0.61,0.62,0.61,0.61,3915000
M41.SI,20100330,0.62,0.62,0.61,0.62,2115000
M41.SI,20100329,0.61,0.62,0.61,0.62,4130000
M41.SI,20100328,0.61,0.61,0.60,0.61,6452000
M41.SI,20100325,0.61,0.61,0.60,0.60,6684000
M41.SI,20100324,0.60,0.61,0.60,0.61,9237000
M41.SI,20100323,0.60,0.61,0.60,0.60,2974000
M41.SI,20100322,0.58,0.61,0.58,0.60,9570000
M41.SI,20100321,0.58,0.58,0.57,0.58,5967000
M41.SI,20100318,0.57,0.58,0.57,0.57,3135000
M41.SI,20100317,0.57,0.57,0.57,0.57,3802000
M41.SI,20100316,0.57,0.58,0.57,0.58,6734000
M41.SI,20100315,0.58,0.58,0.56,0.58,15830000
M41.SI,20100314,0.57,0.59,0.57,0.58,15713000
M41.SI,20100311,0.57,0.58,0.57,0.57,3849000
M41.SI,20100310,0.56,0.58,0.56,0.57,2546000
M41.SI,20100309,0.58,0.58,0.56,0.57,1411000
M41.SI,20100308,0.56,0.57,0.56,0.57,5051000
M41.SI,20100307,0.57,0.57,0.57,0.57,3183000
M41.SI,20100304,0.57,0.58,0.57,0.57,3059000
M41.SI,20100303,0.56,0.57,0.56,0.57,6273000
M41.SI,20100302,0.56,0.56,0.55,0.56,2654000
M41.SI,20100301,0.56,0.56,0.56,0.56,2795000
M41.SI,20100228,0.55,0.56,0.54,0.55,9620000
M41.SI,20100225,0.54,0.55,0.54,0.55,8096000
M41.SI,20100224,0.56,0.56,0.52,0.53,10156000
M41.SI,20100223,0.60,0.60,0.55,0.56,10902000
M41.SI,20100222,0.63,0.63,0.62,0.62,8181000
M41.SI,20100221,0.62,0.62,0.62,0.62,10403000
M41.SI,20100218,0.61,0.62,0.61,0.62,1240000
M41.SI,20100217,0.60,0.62,0.60,0.61,8330000
M41.SI,20100216,0.60,0.61,0.60,0.61,3140000
M41.SI,20100215,0.60,0.61,0.60,0.60,2044000
M41.SI,20100214,0.60,0.61,0.60,0.61,3518000
M41.SI,20100211,0.60,0.60,0.59,0.60,729000
M41.SI,20100210,0.60,0.60,0.60,0.60,1803000
M41.SI,20100209,0.60,0.60,0.60,0.60,1271000
M41.SI,20100208,0.60,0.60,0.60,0.60,2212000
M41.SI,20100207,0.60,0.60,0.60,0.60,852000
M41.SI,20100202,0.60,0.61,0.60,0.60,4140000
M41.SI,20100201,0.59,0.60,0.59,0.59,375000
M41.SI,20100131,0.59,0.60,0.58,0.58,1480000
M41.SI,20100128,0.58,0.60,0.58,0.59,4188000
M41.SI,20100127,0.58,0.58,0.58,0.58,4894000
M41.SI,20100126,0.58,0.58,0.57,0.58,5166000
M41.SI,20100125,0.58,0.58,0.57,0.57,5897000
M41.SI,20100124,0.58,0.58,0.58,0.58,273000
M41.SI,20100121,0.58,0.58,0.58,0.58,1037000
M41.SI,20100120,0.58,0.59,0.58,0.58,2037000
M41.SI,20100119,0.58,0.59,0.58,0.58,3239000
M41.SI,20100118,0.58,0.59,0.58,0.58,1140000
M41.SI,20100117,0.59,0.60,0.58,0.58,2752000
M41.SI,20100114,0.60,0.60,0.59,0.60,1652000
M41.SI,20100113,0.60,0.60,0.60,0.60,4616000
M41.SI,20100112,0.59,0.60,0.59,0.60,713000
M41.SI,20100111,0.58,0.60,0.58,0.60,2682000
M41.SI,20100110,0.60,0.60,0.59,0.60,804000
M41.SI,20100107,0.59,0.60,0.59,0.60,740000
M41.SI,20100106,0.59,0.60,0.58,0.60,650000
M41.SI,20100105,0.58,0.60,0.58,0.59,814000
M41.SI,20100104,0.59,0.59,0.59,0.59,1591000
M41.SI,20100103,0.59,0.60,0.58,0.59,2993000
