ME8U.SI,20111016,1.43,1.43,1.40,1.41,2902000
ME8U.SI,20111011,1.43,1.44,1.42,1.43,642000
ME8U.SI,20111010,1.42,1.44,1.42,1.44,915000
ME8U.SI,20111006,1.45,1.45,1.42,1.42,1696000
ME8U.SI,20111005,1.41,1.44,1.41,1.44,2278000
ME8U.SI,20111004,1.43,1.43,1.41,1.41,3436000
ME8U.SI,20111003,1.41,1.44,1.41,1.43,1096000
ME8U.SI,20111002,1.41,1.42,1.41,1.42,1323000
ME8U.SI,20110929,1.39,1.41,1.39,1.41,1880000
ME8U.SI,20110928,1.40,1.40,1.39,1.39,2189000
ME8U.SI,20110926,1.39,1.39,1.38,1.39,1780000
ME8U.SI,20110925,1.38,1.38,1.38,1.38,2264000
ME8U.SI,20110922,1.37,1.38,1.36,1.38,3715000
ME8U.SI,20110921,1.37,1.37,1.36,1.37,1635000
ME8U.SI,20110920,1.38,1.38,1.37,1.37,2205000
ME8U.SI,20110919,1.39,1.39,1.38,1.38,1422000
ME8U.SI,20110918,1.38,1.39,1.38,1.39,974000
ME8U.SI,20110915,1.39,1.39,1.38,1.38,2683000
ME8U.SI,20110914,1.39,1.39,1.38,1.38,1242000
ME8U.SI,20110913,1.40,1.40,1.39,1.40,1801000
ME8U.SI,20110912,1.37,1.40,1.36,1.40,3175000
ME8U.SI,20110911,1.38,1.40,1.38,1.38,852000
ME8U.SI,20110908,1.38,1.39,1.38,1.39,1521000
ME8U.SI,20110907,1.36,1.38,1.36,1.38,1577000
ME8U.SI,20110906,1.38,1.38,1.36,1.37,2478000
ME8U.SI,20110904,1.36,1.38,1.35,1.37,1595000
ME8U.SI,20110901,1.35,1.37,1.35,1.36,1760000
ME8U.SI,20110831,1.35,1.35,1.34,1.35,1504000
ME8U.SI,20110830,1.34,1.36,1.34,1.36,1633000
ME8U.SI,20110829,1.34,1.35,1.33,1.34,881000
ME8U.SI,20110828,1.34,1.35,1.34,1.35,601000
ME8U.SI,20110825,1.34,1.35,1.34,1.35,1389000
ME8U.SI,20110824,1.33,1.35,1.33,1.34,6140000
ME8U.SI,20110823,1.30,1.34,1.30,1.34,3742000
ME8U.SI,20110822,1.29,1.31,1.28,1.30,1385000
ME8U.SI,20110818,1.30,1.31,1.29,1.29,3369000
ME8U.SI,20110817,1.33,1.33,1.29,1.29,1827000
ME8U.SI,20110816,1.30,1.32,1.29,1.32,2044000
ME8U.SI,20110815,1.29,1.33,1.29,1.31,1931000
ME8U.SI,20110814,1.30,1.30,1.29,1.29,2116000
ME8U.SI,20110811,1.30,1.31,1.29,1.30,1893000
ME8U.SI,20110809,1.30,1.30,1.28,1.30,3289000
ME8U.SI,20110808,1.32,1.33,1.30,1.30,1248000
ME8U.SI,20110807,1.30,1.34,1.30,1.32,3467000
ME8U.SI,20110804,1.30,1.30,1.28,1.29,4854000
ME8U.SI,20110803,1.32,1.33,1.29,1.30,3436000
ME8U.SI,20110802,1.29,1.34,1.29,1.34,3385000
ME8U.SI,20110801,1.29,1.30,1.28,1.30,3673000
ME8U.SI,20110728,1.27,1.32,1.27,1.32,4554000
ME8U.SI,20110628,1.19,1.20,1.18,1.18,3182000
ME8U.SI,20110627,1.18,1.20,1.17,1.19,1530000
ME8U.SI,20110626,1.18,1.19,1.18,1.18,1689000
ME8U.SI,20110623,1.20,1.20,1.18,1.18,1090000
ME8U.SI,20110622,1.19,1.20,1.18,1.19,2445000
ME8U.SI,20110621,1.18,1.19,1.18,1.18,3828000
ME8U.SI,20110620,1.17,1.18,1.17,1.18,2367000
ME8U.SI,20110619,1.17,1.18,1.16,1.17,1519000
ME8U.SI,20110616,1.16,1.16,1.16,1.16,2885000
ME8U.SI,20110615,1.16,1.17,1.16,1.17,2707000
ME8U.SI,20110614,1.16,1.17,1.16,1.17,2115000
ME8U.SI,20110613,1.16,1.16,1.15,1.16,1263000
ME8U.SI,20110612,1.16,1.16,1.16,1.16,3207000
ME8U.SI,20110609,1.17,1.17,1.15,1.15,1629000
ME8U.SI,20110608,1.15,1.17,1.15,1.16,1769000
ME8U.SI,20110607,1.14,1.17,1.14,1.15,4986000
ME8U.SI,20110606,1.14,1.15,1.14,1.14,2048000
ME8U.SI,20110602,1.14,1.15,1.14,1.14,1314000
ME8U.SI,20110601,1.14,1.15,1.14,1.15,1168000
ME8U.SI,20110531,1.14,1.14,1.13,1.14,1242000
ME8U.SI,20110530,1.14,1.15,1.13,1.14,2094000
ME8U.SI,20110529,1.13,1.14,1.13,1.13,756000
ME8U.SI,20110526,1.13,1.14,1.13,1.13,549000
ME8U.SI,20110525,1.13,1.14,1.12,1.13,1773000
ME8U.SI,20110524,1.13,1.14,1.12,1.13,1669000
ME8U.SI,20110523,1.15,1.15,1.13,1.14,2640000
ME8U.SI,20110522,1.15,1.15,1.14,1.14,2268000
ME8U.SI,20110519,1.14,1.15,1.13,1.14,6084000
ME8U.SI,20110518,1.14,1.15,1.14,1.14,3873000
ME8U.SI,20110517,1.15,1.15,1.14,1.14,2825000
ME8U.SI,20110515,1.15,1.15,1.14,1.15,4108000
ME8U.SI,20110512,1.14,1.15,1.13,1.15,3112000
ME8U.SI,20110511,1.15,1.15,1.14,1.14,3210000
ME8U.SI,20110510,1.14,1.15,1.13,1.14,2654000
ME8U.SI,20110509,1.14,1.15,1.14,1.15,2625000
ME8U.SI,20110508,1.13,1.14,1.13,1.13,3605000
ME8U.SI,20110505,1.13,1.14,1.13,1.13,2322000
ME8U.SI,20110504,1.13,1.14,1.13,1.13,5233000
ME8U.SI,20110503,1.12,1.13,1.12,1.13,4044000
ME8U.SI,20110501,1.13,1.13,1.12,1.13,2535000
ME8U.SI,20110428,1.15,1.15,1.14,1.15,2718000
ME8U.SI,20110427,1.15,1.15,1.14,1.15,8589000
ME8U.SI,20110426,1.13,1.16,1.13,1.15,7944000
ME8U.SI,20110425,1.13,1.14,1.13,1.14,3456000
ME8U.SI,20110424,1.13,1.14,1.12,1.13,6826000
ME8U.SI,20110421,1.13,1.13,1.12,1.13,4953000
ME8U.SI,20110420,1.13,1.13,1.12,1.12,2388000
ME8U.SI,20110419,1.12,1.13,1.12,1.13,3477000
ME8U.SI,20110418,1.12,1.12,1.12,1.12,2309000
ME8U.SI,20110417,1.12,1.12,1.12,1.12,3867000
ME8U.SI,20110414,1.12,1.13,1.12,1.12,4052000
ME8U.SI,20110413,1.12,1.12,1.12,1.12,3153000
ME8U.SI,20110412,1.11,1.12,1.11,1.12,3050000
ME8U.SI,20110411,1.12,1.12,1.11,1.11,2133000
ME8U.SI,20110410,1.12,1.12,1.11,1.12,1249000
ME8U.SI,20110406,1.11,1.12,1.11,1.12,1975000
ME8U.SI,20110405,1.12,1.12,1.11,1.12,2068000
ME8U.SI,20110404,1.12,1.12,1.11,1.12,3142000
ME8U.SI,20110403,1.10,1.12,1.10,1.10,3285000
ME8U.SI,20110331,1.09,1.11,1.09,1.10,5015000
ME8U.SI,20110330,1.11,1.11,1.09,1.09,6820000
ME8U.SI,20110329,1.10,1.11,1.10,1.11,4942000
ME8U.SI,20110328,1.11,1.12,1.10,1.11,5278000
ME8U.SI,20110327,1.11,1.12,1.10,1.10,1481000
ME8U.SI,20110324,1.10,1.11,1.10,1.11,2907000
ME8U.SI,20110323,1.10,1.12,1.10,1.11,6060000
ME8U.SI,20110322,1.10,1.10,1.10,1.10,6723000
ME8U.SI,20110321,1.12,1.12,1.10,1.10,10679000
ME8U.SI,20110320,1.12,1.12,1.11,1.12,7917000
ME8U.SI,20110317,1.12,1.13,1.11,1.12,9591000
ME8U.SI,20110316,1.14,1.14,1.12,1.12,2085000
ME8U.SI,20110315,1.14,1.14,1.13,1.14,2728000
ME8U.SI,20110314,1.13,1.14,1.13,1.14,1249000
ME8U.SI,20110313,1.13,1.14,1.12,1.13,993000
ME8U.SI,20110310,1.13,1.13,1.12,1.12,2064000
ME8U.SI,20110309,1.14,1.14,1.12,1.13,1790000
ME8U.SI,20110308,1.13,1.14,1.13,1.13,1733000
ME8U.SI,20110307,1.15,1.15,1.13,1.14,2389000
ME8U.SI,20110306,1.15,1.15,1.13,1.14,2255000
ME8U.SI,20110303,1.16,1.16,1.15,1.15,3566000
ME8U.SI,20110302,1.18,1.18,1.16,1.16,1332000
ME8U.SI,20110301,1.17,1.18,1.16,1.18,1289000
ME8U.SI,20110228,1.17,1.18,1.16,1.16,1775000
ME8U.SI,20110227,1.16,1.17,1.16,1.17,1928000
ME8U.SI,20110224,1.17,1.17,1.15,1.16,847000
ME8U.SI,20110223,1.16,1.17,1.16,1.17,2341000
ME8U.SI,20110222,1.14,1.16,1.14,1.16,2618000
ME8U.SI,20110221,1.15,1.15,1.13,1.15,2630000
ME8U.SI,20110220,1.13,1.15,1.13,1.15,2206000
ME8U.SI,20110217,1.12,1.14,1.12,1.13,1510000
ME8U.SI,20110216,1.12,1.13,1.12,1.12,1194000
ME8U.SI,20110215,1.12,1.13,1.11,1.12,2179000
ME8U.SI,20110214,1.12,1.12,1.11,1.11,1852000
ME8U.SI,20110213,1.12,1.12,1.12,1.12,2537000
ME8U.SI,20110210,1.10,1.12,1.10,1.12,2260000
ME8U.SI,20110209,1.11,1.12,1.10,1.10,3352000
ME8U.SI,20110208,1.12,1.12,1.11,1.11,3164000
ME8U.SI,20110207,1.11,1.11,1.10,1.11,2267000
ME8U.SI,20110206,1.11,1.11,1.09,1.10,2185000
ME8U.SI,20110203,1.11,1.12,1.11,1.11,3075000
ME8U.SI,20110202,1.11,1.12,1.10,1.11,6043000
ME8U.SI,20110201,1.11,1.12,1.10,1.11,4349000
ME8U.SI,20110131,1.13,1.13,1.12,1.12,5914000
ME8U.SI,20110130,1.09,1.12,1.09,1.12,8843000
ME8U.SI,20110127,1.06,1.09,1.06,1.08,10205000
ME8U.SI,20110126,1.05,1.07,1.05,1.06,2189000
ME8U.SI,20110125,1.05,1.06,1.05,1.05,4702000
ME8U.SI,20110120,1.06,1.06,1.05,1.05,7628000
ME8U.SI,20110119,1.09,1.09,1.07,1.07,6611000
ME8U.SI,20110118,1.09,1.09,1.08,1.08,1070000
ME8U.SI,20110117,1.08,1.09,1.07,1.08,2650000
ME8U.SI,20110116,1.09,1.09,1.07,1.08,1148000
ME8U.SI,20110113,1.09,1.10,1.08,1.09,2438000
ME8U.SI,20110112,1.08,1.09,1.08,1.09,565000
ME8U.SI,20110111,1.08,1.09,1.08,1.08,1066000
ME8U.SI,20110110,1.07,1.09,1.07,1.08,723000
ME8U.SI,20110109,1.08,1.08,1.07,1.07,736000
ME8U.SI,20110106,1.07,1.08,1.07,1.08,1000000
ME8U.SI,20110105,1.07,1.08,1.07,1.07,1012000
ME8U.SI,20110104,1.08,1.08,1.07,1.07,1440000
ME8U.SI,20110103,1.08,1.08,1.07,1.07,1421000
