5FF.SI,20120604,0.11,0.11,0.11,0.11,198000
5FF.SI,20120604,0.11,0.11,0.11,0.11,198000
5FF.SI,20120603,0.10,0.11,0.10,0.11,127000
5FF.SI,20120531,0.10,0.10,0.10,0.10,153000
5FF.SI,20120530,0.11,0.11,0.10,0.10,70000
5FF.SI,20120529,0.11,0.11,0.11,0.11,000
5FF.SI,20120528,0.11,0.11,0.11,0.11,000
5FF.SI,20120527,0.11,0.11,0.11,0.11,000
5FF.SI,20120524,0.11,0.11,0.11,0.11,000
5FF.SI,20120523,0.11,0.11,0.11,0.11,000
5FF.SI,20120522,0.11,0.11,0.11,0.11,000
5FF.SI,20120521,0.11,0.11,0.11,0.11,000
5FF.SI,20120520,0.11,0.11,0.11,0.11,000
5FF.SI,20120517,0.11,0.11,0.11,0.11,000
5FF.SI,20120516,0.11,0.11,0.11,0.11,000
5FF.SI,20120515,0.11,0.11,0.11,0.11,000
5FF.SI,20120514,0.11,0.11,0.11,0.11,000
5FF.SI,20120513,0.11,0.11,0.11,0.11,000
5FF.SI,20120510,0.11,0.11,0.11,0.11,8000
5FF.SI,20120509,0.11,0.11,0.11,0.11,000
5FF.SI,20120508,0.11,0.11,0.11,0.11,000
5FF.SI,20120507,0.11,0.11,0.11,0.11,100000
5FF.SI,20120506,0.11,0.11,0.11,0.11,000
5FF.SI,20120503,0.11,0.11,0.11,0.11,000
5FF.SI,20120502,0.11,0.11,0.11,0.11,60000
5FF.SI,20120501,0.11,0.11,0.11,0.11,000
5FF.SI,20120430,0.11,0.11,0.11,0.11,000
5FF.SI,20120429,0.11,0.11,0.11,0.11,000
5FF.SI,20120426,0.11,0.11,0.11,0.11,000
5FF.SI,20120425,0.11,0.11,0.11,0.11,000
5FF.SI,20120424,0.11,0.11,0.11,0.11,000
5FF.SI,20120423,0.11,0.11,0.11,0.11,000
5FF.SI,20120422,0.11,0.11,0.11,0.11,130000
5FF.SI,20120419,0.11,0.12,0.11,0.12,82000
5FF.SI,20120418,0.11,0.11,0.11,0.11,374000
5FF.SI,20120417,0.11,0.11,0.11,0.11,000
5FF.SI,20120416,0.11,0.11,0.11,0.11,000
5FF.SI,20120415,0.11,0.11,0.11,0.11,000
5FF.SI,20120412,0.11,0.11,0.11,0.11,000
5FF.SI,20120411,0.11,0.11,0.11,0.11,26000
5FF.SI,20120410,0.11,0.11,0.11,0.11,000
5FF.SI,20120409,0.11,0.11,0.11,0.11,120000
5FF.SI,20120408,0.11,0.11,0.11,0.11,000
5FF.SI,20120405,0.11,0.11,0.11,0.11,000
5FF.SI,20120404,0.11,0.11,0.11,0.11,000
5FF.SI,20120403,0.11,0.11,0.11,0.11,000
5FF.SI,20120402,0.11,0.11,0.11,0.11,50000
5FF.SI,20120401,0.11,0.11,0.11,0.11,000
5FF.SI,20120329,0.11,0.11,0.11,0.11,000
5FF.SI,20120328,0.11,0.11,0.11,0.11,10000
5FF.SI,20120327,0.11,0.11,0.11,0.11,000
5FF.SI,20120326,0.11,0.11,0.11,0.11,000
5FF.SI,20120325,0.11,0.11,0.11,0.11,000
5FF.SI,20120322,0.11,0.11,0.11,0.11,10000
5FF.SI,20120321,0.11,0.11,0.11,0.11,28000
5FF.SI,20120320,0.11,0.11,0.11,0.11,200000
5FF.SI,20120319,0.10,0.10,0.10,0.10,000
5FF.SI,20120318,0.11,0.11,0.10,0.10,66000
5FF.SI,20120315,0.11,0.11,0.10,0.10,50000
5FF.SI,20120314,0.10,0.10,0.10,0.10,000
5FF.SI,20120313,0.10,0.10,0.10,0.10,50000
5FF.SI,20120312,0.10,0.10,0.10,0.10,50000
5FF.SI,20120311,0.11,0.11,0.11,0.11,000
5FF.SI,20120308,0.11,0.11,0.11,0.11,000
5FF.SI,20120307,0.11,0.11,0.11,0.11,26000
5FF.SI,20120306,0.11,0.11,0.11,0.11,000
5FF.SI,20120305,0.11,0.11,0.11,0.11,000
5FF.SI,20120304,0.11,0.11,0.11,0.11,000
5FF.SI,20120301,0.11,0.11,0.11,0.11,000
5FF.SI,20120229,0.11,0.11,0.11,0.11,000
5FF.SI,20120228,0.11,0.11,0.11,0.11,000
5FF.SI,20120227,0.11,0.11,0.11,0.11,000
5FF.SI,20120226,0.11,0.11,0.11,0.11,000
5FF.SI,20120223,0.11,0.11,0.11,0.11,000
5FF.SI,20120222,0.11,0.11,0.11,0.11,000
5FF.SI,20120221,0.11,0.11,0.11,0.11,116000
5FF.SI,20120220,0.11,0.11,0.11,0.11,000
5FF.SI,20120219,0.11,0.11,0.11,0.11,30000
5FF.SI,20120216,0.11,0.11,0.11,0.11,000
5FF.SI,20120215,0.11,0.11,0.11,0.11,80000
5FF.SI,20120214,0.10,0.10,0.10,0.10,000
5FF.SI,20120213,0.10,0.10,0.10,0.10,000
5FF.SI,20120212,0.10,0.10,0.10,0.10,000
5FF.SI,20120209,0.10,0.10,0.10,0.10,000
5FF.SI,20120208,0.10,0.10,0.10,0.10,000
5FF.SI,20120207,0.11,0.11,0.10,0.10,54000
5FF.SI,20120206,0.11,0.11,0.11,0.11,100000
5FF.SI,20120205,0.10,0.10,0.10,0.10,30000
5FF.SI,20120202,0.10,0.11,0.10,0.11,69000
5FF.SI,20120201,0.12,0.12,0.12,0.12,000
5FF.SI,20120131,0.12,0.12,0.12,0.12,000
5FF.SI,20120130,0.12,0.12,0.12,0.12,000
5FF.SI,20120129,0.12,0.12,0.12,0.12,000
5FF.SI,20120126,0.12,0.12,0.12,0.12,10000
5FF.SI,20120125,0.12,0.12,0.12,0.12,65000
5FF.SI,20120124,0.12,0.12,0.12,0.12,000
5FF.SI,20120123,0.12,0.12,0.12,0.12,000
5FF.SI,20120122,0.12,0.12,0.12,0.12,000
5FF.SI,20120119,0.12,0.12,0.12,0.12,15000
5FF.SI,20120118,0.10,0.10,0.10,0.10,000
5FF.SI,20120117,0.10,0.10,0.10,0.10,000
5FF.SI,20120116,0.10,0.10,0.10,0.10,000
5FF.SI,20120115,0.10,0.10,0.10,0.10,000
5FF.SI,20120112,0.10,0.10,0.10,0.10,000
5FF.SI,20120111,0.10,0.10,0.10,0.10,000
5FF.SI,20120110,0.09,0.10,0.09,0.10,121000
5FF.SI,20120109,0.11,0.11,0.11,0.11,30000
5FF.SI,20120108,0.09,0.09,0.09,0.09,000
5FF.SI,20120105,0.09,0.09,0.09,0.09,6000
5FF.SI,20120104,0.09,0.09,0.09,0.09,000
5FF.SI,20120103,0.09,0.11,0.09,0.09,75000
5FF.SI,20120102,0.09,0.09,0.09,0.09,000
5FF.SI,20120101,0.09,0.09,0.09,0.09,000
5FF.SI,20111229,0.09,0.09,0.09,0.09,000
5FF.SI,20111228,0.09,0.09,0.09,0.09,000
5FF.SI,20111227,0.09,0.09,0.09,0.09,000
5FF.SI,20111226,0.09,0.09,0.09,0.09,000
5FF.SI,20111225,0.09,0.09,0.09,0.09,3000
5FF.SI,20111222,0.10,0.10,0.10,0.10,000
5FF.SI,20111221,0.10,0.10,0.10,0.10,000
5FF.SI,20111220,0.10,0.10,0.10,0.10,000
5FF.SI,20111219,0.10,0.10,0.10,0.10,3000
5FF.SI,20111218,0.09,0.09,0.09,0.09,000
5FF.SI,20111215,0.09,0.10,0.09,0.09,190000
5FF.SI,20111214,0.09,0.09,0.09,0.09,48000
5FF.SI,20111213,0.09,0.09,0.09,0.09,161000
5FF.SI,20111212,0.09,0.09,0.09,0.09,000
5FF.SI,20111211,0.09,0.09,0.09,0.09,20000
5FF.SI,20111208,0.09,0.09,0.08,0.08,70000
5FF.SI,20111207,0.09,0.09,0.09,0.09,000
5FF.SI,20111206,0.09,0.09,0.09,0.09,000
5FF.SI,20111205,0.09,0.09,0.09,0.09,110000
5FF.SI,20111204,0.09,0.09,0.09,0.09,000
5FF.SI,20111201,0.09,0.09,0.09,0.09,000
5FF.SI,20111130,0.09,0.09,0.09,0.09,50000
5FF.SI,20111129,0.09,0.09,0.09,0.09,000
5FF.SI,20111128,0.09,0.09,0.09,0.09,000
5FF.SI,20111127,0.09,0.09,0.09,0.09,000
5FF.SI,20111124,0.09,0.09,0.09,0.09,000
5FF.SI,20111123,0.09,0.09,0.09,0.09,000
5FF.SI,20111122,0.09,0.09,0.09,0.09,40000
5FF.SI,20111121,0.09,0.09,0.09,0.09,50000
5FF.SI,20111120,0.09,0.09,0.09,0.09,10000
5FF.SI,20111117,0.09,0.09,0.09,0.09,000
5FF.SI,20111116,0.09,0.09,0.09,0.09,000
5FF.SI,20111115,0.09,0.09,0.09,0.09,50000
5FF.SI,20111114,0.09,0.09,0.09,0.09,000
5FF.SI,20111113,0.09,0.09,0.09,0.09,000
5FF.SI,20111110,0.09,0.09,0.09,0.09,5000
5FF.SI,20111109,0.09,0.09,0.09,0.09,000
5FF.SI,20111108,0.09,0.09,0.09,0.09,000
5FF.SI,20111107,0.09,0.09,0.09,0.09,000
5FF.SI,20111106,0.09,0.09,0.09,0.09,30000
5FF.SI,20111103,0.09,0.09,0.09,0.09,210000
5FF.SI,20111102,0.09,0.09,0.09,0.09,000
5FF.SI,20111101,0.09,0.09,0.09,0.09,000
5FF.SI,20111031,0.09,0.09,0.09,0.09,180000
5FF.SI,20111030,0.09,0.09,0.09,0.09,000
5FF.SI,20111027,0.09,0.09,0.09,0.09,000
5FF.SI,20111026,0.09,0.09,0.09,0.09,52000
5FF.SI,20111025,0.09,0.09,0.09,0.09,533000
5FF.SI,20111024,0.09,0.09,0.09,0.09,55000
5FF.SI,20111023,0.09,0.09,0.09,0.09,000
5FF.SI,20111020,0.09,0.09,0.09,0.09,000
5FF.SI,20111019,0.09,0.09,0.09,0.09,000
5FF.SI,20111018,0.09,0.09,0.09,0.09,140000
5FF.SI,20111017,0.09,0.09,0.09,0.09,30000
5FF.SI,20111016,0.09,0.09,0.09,0.09,8000
5FF.SI,20111013,0.09,0.09,0.09,0.09,000
5FF.SI,20111012,0.09,0.09,0.09,0.09,157000
5FF.SI,20111011,0.08,0.08,0.08,0.08,000
5FF.SI,20111010,0.08,0.08,0.08,0.08,100000
5FF.SI,20111009,0.08,0.08,0.08,0.08,000
5FF.SI,20111006,0.08,0.08,0.08,0.08,000
5FF.SI,20111005,0.09,0.09,0.08,0.08,50000
5FF.SI,20111004,0.08,0.09,0.08,0.08,151000
5FF.SI,20111003,0.09,0.09,0.09,0.09,000
5FF.SI,20111002,0.09,0.09,0.09,0.09,000
5FF.SI,20110929,0.09,0.09,0.09,0.09,000
5FF.SI,20110928,0.09,0.09,0.09,0.09,000
5FF.SI,20110927,0.09,0.09,0.09,0.09,000
5FF.SI,20110926,0.09,0.09,0.09,0.09,000
5FF.SI,20110925,0.09,0.09,0.09,0.09,000
5FF.SI,20110922,0.09,0.09,0.09,0.09,000
5FF.SI,20110921,0.09,0.09,0.09,0.09,000
5FF.SI,20110920,0.09,0.09,0.09,0.09,000
5FF.SI,20110919,0.09,0.09,0.09,0.09,000
5FF.SI,20110918,0.09,0.09,0.09,0.09,000
5FF.SI,20110915,0.09,0.09,0.09,0.09,000
5FF.SI,20110914,0.09,0.09,0.09,0.09,000
5FF.SI,20110913,0.09,0.09,0.09,0.09,000
5FF.SI,20110912,0.09,0.09,0.09,0.09,000
5FF.SI,20110911,0.09,0.09,0.09,0.09,000
5FF.SI,20110908,0.09,0.09,0.09,0.09,000
5FF.SI,20110907,0.09,0.09,0.09,0.09,000
5FF.SI,20110906,0.09,0.09,0.09,0.09,000
5FF.SI,20110905,0.09,0.09,0.09,0.09,000
5FF.SI,20110904,0.09,0.09,0.09,0.09,000
5FF.SI,20110901,0.09,0.09,0.09,0.09,000
5FF.SI,20110831,0.09,0.09,0.09,0.09,000
5FF.SI,20110830,0.09,0.09,0.09,0.09,000
5FF.SI,20110829,0.09,0.09,0.09,0.09,000
5FF.SI,20110828,0.09,0.09,0.09,0.09,000
5FF.SI,20110825,0.09,0.09,0.09,0.09,000
5FF.SI,20110824,0.09,0.09,0.09,0.09,000
5FF.SI,20110823,0.09,0.09,0.09,0.09,000
5FF.SI,20110822,0.09,0.09,0.09,0.09,000
5FF.SI,20110821,0.09,0.09,0.09,0.09,000
5FF.SI,20110818,0.09,0.09,0.09,0.09,000
5FF.SI,20110817,0.09,0.09,0.09,0.09,000
5FF.SI,20110816,0.09,0.09,0.09,0.09,000
5FF.SI,20110815,0.09,0.09,0.09,0.09,000
5FF.SI,20110814,0.09,0.09,0.09,0.09,38000
5FF.SI,20110811,0.09,0.09,0.09,0.09,29000
5FF.SI,20110810,0.09,0.09,0.09,0.09,000
5FF.SI,20110809,0.09,0.09,0.09,0.09,000
5FF.SI,20110808,0.09,0.09,0.09,0.09,000
5FF.SI,20110807,0.09,0.09,0.09,0.09,000
5FF.SI,20110804,0.09,0.09,0.09,0.09,000
5FF.SI,20110803,0.09,0.09,0.09,0.09,000
5FF.SI,20110802,0.09,0.09,0.09,0.09,000
5FF.SI,20110801,0.09,0.09,0.09,0.09,000
5FF.SI,20110731,0.09,0.09,0.09,0.09,000
5FF.SI,20110728,0.09,0.09,0.09,0.09,000
5FF.SI,20110727,0.09,0.09,0.09,0.09,000
5FF.SI,20110726,0.09,0.09,0.09,0.09,000
5FF.SI,20110725,0.09,0.09,0.09,0.09,000
5FF.SI,20110724,0.09,0.09,0.09,0.09,000
5FF.SI,20110721,0.09,0.09,0.09,0.09,000
5FF.SI,20110720,0.09,0.09,0.09,0.09,000
5FF.SI,20110719,0.08,0.09,0.08,0.09,88000
5FF.SI,20110718,0.08,0.08,0.08,0.08,000
5FF.SI,20110717,0.08,0.08,0.08,0.08,000
5FF.SI,20110714,0.08,0.08,0.08,0.08,000
5FF.SI,20110713,0.08,0.08,0.08,0.08,000
5FF.SI,20110712,0.08,0.08,0.08,0.08,60000
5FF.SI,20110711,0.09,0.09,0.09,0.09,000
5FF.SI,20110710,0.09,0.09,0.09,0.09,000
5FF.SI,20110707,0.09,0.09,0.09,0.09,000
5FF.SI,20110706,0.09,0.09,0.09,0.09,000
5FF.SI,20110705,0.09,0.09,0.09,0.09,000
5FF.SI,20110704,0.09,0.09,0.09,0.09,000
5FF.SI,20110703,0.09,0.09,0.09,0.09,000
5FF.SI,20110630,0.09,0.09,0.09,0.09,000
5FF.SI,20110629,0.09,0.09,0.09,0.09,25000
5FF.SI,20110628,0.08,0.08,0.08,0.08,000
5FF.SI,20110627,0.09,0.09,0.08,0.08,155000
5FF.SI,20110626,0.09,0.09,0.09,0.09,50000
5FF.SI,20110623,0.08,0.08,0.08,0.08,000
5FF.SI,20110622,0.08,0.08,0.08,0.08,000
5FF.SI,20110621,0.08,0.08,0.08,0.08,000
5FF.SI,20110620,0.08,0.08,0.08,0.08,000
5FF.SI,20110619,0.08,0.08,0.08,0.08,226000
5FF.SI,20110616,0.08,0.08,0.08,0.08,50000
5FF.SI,20110615,0.08,0.08,0.08,0.08,000
5FF.SI,20110614,0.08,0.08,0.08,0.08,49000
5FF.SI,20110613,0.08,0.08,0.08,0.08,000
5FF.SI,20110612,0.08,0.08,0.08,0.08,000
5FF.SI,20110609,0.08,0.08,0.08,0.08,000
5FF.SI,20110608,0.08,0.08,0.08,0.08,000
5FF.SI,20110607,0.08,0.08,0.08,0.08,000
5FF.SI,20110606,0.08,0.08,0.08,0.08,000
5FF.SI,20110605,0.08,0.08,0.08,0.08,000
5FF.SI,20110602,0.08,0.08,0.08,0.08,000
5FF.SI,20110601,0.08,0.08,0.08,0.08,000
5FF.SI,20110531,0.08,0.08,0.08,0.08,25000
5FF.SI,20110530,0.09,0.09,0.09,0.09,49000
5FF.SI,20110529,0.09,0.09,0.09,0.09,000
5FF.SI,20110526,0.09,0.09,0.09,0.09,000
5FF.SI,20110525,0.09,0.09,0.09,0.09,000
5FF.SI,20110524,0.09,0.09,0.09,0.09,000
5FF.SI,20110523,0.09,0.09,0.09,0.09,000
5FF.SI,20110522,0.08,0.09,0.08,0.09,71000
5FF.SI,20110519,0.09,0.09,0.09,0.09,000
5FF.SI,20110518,0.09,0.09,0.09,0.09,000
5FF.SI,20110517,0.09,0.09,0.09,0.09,000
5FF.SI,20110516,0.09,0.09,0.09,0.09,000
5FF.SI,20110515,0.09,0.09,0.09,0.09,000
5FF.SI,20110512,0.09,0.09,0.09,0.09,000
5FF.SI,20110511,0.09,0.09,0.09,0.09,000
5FF.SI,20110510,0.08,0.09,0.06,0.09,282000
5FF.SI,20110509,0.09,0.09,0.09,0.09,000
5FF.SI,20110508,0.09,0.09,0.09,0.09,50000
5FF.SI,20110505,0.09,0.09,0.09,0.09,000
5FF.SI,20110504,0.09,0.09,0.09,0.09,000
5FF.SI,20110503,0.09,0.09,0.09,0.09,000
5FF.SI,20110502,0.09,0.09,0.09,0.09,000
5FF.SI,20110501,0.09,0.09,0.09,0.09,100000
5FF.SI,20110428,0.09,0.09,0.09,0.09,000
5FF.SI,20110427,0.09,0.09,0.09,0.09,000
5FF.SI,20110426,0.09,0.09,0.09,0.09,000
5FF.SI,20110425,0.09,0.09,0.09,0.09,000
5FF.SI,20110424,0.09,0.09,0.09,0.09,43000
5FF.SI,20110421,0.09,0.09,0.09,0.09,000
5FF.SI,20110420,0.09,0.09,0.09,0.09,000
5FF.SI,20110419,0.09,0.09,0.09,0.09,000
5FF.SI,20110418,0.09,0.09,0.09,0.09,000
5FF.SI,20110417,0.09,0.09,0.09,0.09,000
5FF.SI,20110414,0.09,0.09,0.09,0.09,72000
5FF.SI,20110413,0.09,0.09,0.09,0.09,000
5FF.SI,20110412,0.09,0.09,0.09,0.09,000
5FF.SI,20110411,0.09,0.09,0.09,0.09,000
5FF.SI,20110410,0.09,0.09,0.09,0.09,000
5FF.SI,20110407,0.09,0.09,0.09,0.09,000
5FF.SI,20110406,0.09,0.09,0.09,0.09,000
5FF.SI,20110405,0.09,0.09,0.09,0.09,000
5FF.SI,20110404,0.09,0.09,0.09,0.09,000
5FF.SI,20110403,0.09,0.09,0.09,0.09,000
5FF.SI,20110331,0.09,0.09,0.09,0.09,000
5FF.SI,20110330,0.09,0.09,0.09,0.09,105000
5FF.SI,20110329,0.09,0.09,0.09,0.09,000
5FF.SI,20110328,0.09,0.09,0.09,0.09,30000
5FF.SI,20110327,0.09,0.09,0.09,0.09,000
5FF.SI,20110324,0.09,0.09,0.09,0.09,000
5FF.SI,20110323,0.09,0.09,0.09,0.09,10000
5FF.SI,20110322,0.09,0.09,0.09,0.09,000
5FF.SI,20110321,0.09,0.09,0.09,0.09,000
5FF.SI,20110320,0.09,0.09,0.09,0.09,000
5FF.SI,20110317,0.09,0.09,0.09,0.09,10000
5FF.SI,20110316,0.09,0.09,0.09,0.09,20000
5FF.SI,20110315,0.09,0.09,0.09,0.09,000
5FF.SI,20110314,0.09,0.09,0.09,0.09,10000
5FF.SI,20110313,0.09,0.09,0.09,0.09,000
5FF.SI,20110310,0.09,0.09,0.09,0.09,000
5FF.SI,20110309,0.09,0.09,0.09,0.09,000
5FF.SI,20110308,0.09,0.09,0.09,0.09,100000
5FF.SI,20110307,0.09,0.09,0.09,0.09,000
5FF.SI,20110306,0.09,0.09,0.09,0.09,000
5FF.SI,20110303,0.09,0.09,0.09,0.09,000
5FF.SI,20110302,0.09,0.09,0.09,0.09,25000
5FF.SI,20110301,0.09,0.09,0.09,0.09,000
5FF.SI,20110228,0.09,0.09,0.09,0.09,320000
5FF.SI,20110227,0.09,0.09,0.09,0.09,000
5FF.SI,20110224,0.09,0.09,0.09,0.09,100000
5FF.SI,20110223,0.09,0.09,0.09,0.09,000
5FF.SI,20110222,0.09,0.09,0.09,0.09,000
5FF.SI,20110221,0.09,0.09,0.09,0.09,000
5FF.SI,20110220,0.09,0.09,0.09,0.09,250000
5FF.SI,20110217,0.10,0.10,0.10,0.10,000
5FF.SI,20110216,0.10,0.10,0.10,0.10,156000
5FF.SI,20110215,0.10,0.10,0.10,0.10,000
5FF.SI,20110214,0.10,0.10,0.10,0.10,000
5FF.SI,20110213,0.10,0.10,0.10,0.10,000
5FF.SI,20110210,0.10,0.10,0.10,0.10,101000
5FF.SI,20110209,0.10,0.10,0.10,0.10,5000
5FF.SI,20110208,0.10,0.10,0.10,0.10,106000
5FF.SI,20110207,0.09,0.10,0.09,0.10,88000
5FF.SI,20110206,0.08,0.09,0.08,0.09,80000
5FF.SI,20110203,0.07,0.07,0.07,0.07,000
5FF.SI,20110202,0.07,0.07,0.07,0.07,20000
5FF.SI,20110201,0.07,0.07,0.07,0.07,19000
5FF.SI,20110131,0.07,0.07,0.07,0.07,000
5FF.SI,20110130,0.07,0.07,0.07,0.07,000
5FF.SI,20110127,0.07,0.07,0.07,0.07,20000
5FF.SI,20110126,0.07,0.07,0.07,0.07,000
5FF.SI,20110125,0.07,0.07,0.07,0.07,20000
5FF.SI,20110124,0.07,0.07,0.07,0.07,000
5FF.SI,20110123,0.07,0.07,0.07,0.07,000
5FF.SI,20110120,0.07,0.07,0.07,0.07,000
5FF.SI,20110119,0.07,0.07,0.07,0.07,000
5FF.SI,20110118,0.07,0.07,0.07,0.07,160000
5FF.SI,20110117,0.07,0.07,0.07,0.07,000
5FF.SI,20110116,0.07,0.07,0.07,0.07,000
5FF.SI,20110113,0.07,0.07,0.07,0.07,20000
5FF.SI,20110112,0.07,0.07,0.07,0.07,41000
5FF.SI,20110111,0.07,0.07,0.07,0.07,000
5FF.SI,20110110,0.06,0.07,0.06,0.07,88000
5FF.SI,20110109,0.06,0.06,0.06,0.06,000
5FF.SI,20110106,0.06,0.06,0.06,0.06,100000
5FF.SI,20110105,0.07,0.07,0.07,0.07,000
5FF.SI,20110104,0.07,0.07,0.07,0.07,000
5FF.SI,20110103,0.07,0.07,0.07,0.07,40000
5FF.SI,20110102,0.07,0.07,0.07,0.07,000
5FF.SI,20101230,0.07,0.07,0.07,0.07,000
5FF.SI,20101229,0.07,0.07,0.07,0.07,000
5FF.SI,20101228,0.07,0.07,0.07,0.07,20000
5FF.SI,20101227,0.07,0.07,0.07,0.07,000
5FF.SI,20101226,0.07,0.07,0.07,0.07,000
5FF.SI,20101223,0.07,0.07,0.07,0.07,000
5FF.SI,20101222,0.07,0.07,0.07,0.07,11000
5FF.SI,20101221,0.06,0.06,0.06,0.06,30000
5FF.SI,20101220,0.06,0.06,0.06,0.06,33000
5FF.SI,20101219,0.06,0.07,0.06,0.06,42000
5FF.SI,20101216,0.06,0.06,0.06,0.06,110000
5FF.SI,20101215,0.06,0.06,0.06,0.06,190000
5FF.SI,20101214,0.06,0.06,0.06,0.06,495000
5FF.SI,20101213,0.06,0.07,0.06,0.07,40000
5FF.SI,20101212,0.06,0.06,0.06,0.06,231000
5FF.SI,20101209,0.06,0.06,0.06,0.06,99000
5FF.SI,20101208,0.06,0.06,0.06,0.06,000
5FF.SI,20101207,0.06,0.06,0.06,0.06,139000
5FF.SI,20101206,0.06,0.06,0.06,0.06,265000
5FF.SI,20101205,0.06,0.06,0.06,0.06,000
5FF.SI,20101202,0.06,0.07,0.06,0.06,173000
5FF.SI,20101201,0.07,0.07,0.06,0.06,5000
5FF.SI,20101130,0.06,0.06,0.06,0.06,000
5FF.SI,20101129,0.06,0.06,0.06,0.06,10000
5FF.SI,20101128,0.06,0.06,0.06,0.06,000
5FF.SI,20101125,0.06,0.06,0.06,0.06,000
5FF.SI,20101124,0.06,0.06,0.06,0.06,000
5FF.SI,20101123,0.06,0.06,0.06,0.06,000
5FF.SI,20101122,0.06,0.06,0.06,0.06,000
5FF.SI,20101121,0.06,0.06,0.06,0.06,000
5FF.SI,20101118,0.06,0.06,0.06,0.06,000
5FF.SI,20101117,0.06,0.06,0.06,0.06,000
5FF.SI,20101116,0.06,0.06,0.06,0.06,120000
5FF.SI,20101109,0.06,0.06,0.06,0.06,200000
5FF.SI,20101108,0.06,0.06,0.06,0.06,100000
5FF.SI,20101027,0.06,0.06,0.06,0.06,45000
5FF.SI,20101024,0.06,0.06,0.06,0.06,63000
5FF.SI,20101019,0.06,0.06,0.06,0.06,50000
5FF.SI,20101018,0.06,0.06,0.06,0.06,154000
5FF.SI,20101013,0.06,0.06,0.06,0.06,500000
5FF.SI,20101012,0.06,0.06,0.06,0.06,200000
5FF.SI,20101010,0.06,0.06,0.06,0.06,220000
5FF.SI,20100929,0.06,0.06,0.06,0.06,200000
5FF.SI,20100927,0.06,0.07,0.06,0.07,31000
5FF.SI,20100922,0.06,0.06,0.06,0.06,200000
5FF.SI,20100919,0.06,0.06,0.06,0.06,187000
5FF.SI,20100916,0.06,0.06,0.06,0.06,30000
5FF.SI,20100914,0.06,0.06,0.06,0.06,30000
5FF.SI,20100908,0.07,0.07,0.07,0.07,60000
5FF.SI,20100902,0.07,0.07,0.07,0.07,61000
5FF.SI,20100901,0.07,0.07,0.07,0.07,50000
5FF.SI,20100826,0.07,0.07,0.07,0.07,132000
5FF.SI,20100825,0.07,0.07,0.07,0.07,100000
5FF.SI,20100824,0.06,0.08,0.06,0.08,37000
5FF.SI,20100818,0.08,0.08,0.07,0.07,121000
5FF.SI,20100817,0.07,0.07,0.07,0.07,95000
5FF.SI,20100816,0.08,0.08,0.08,0.08,13000
5FF.SI,20100812,0.08,0.08,0.08,0.08,110000
5FF.SI,20100810,0.08,0.08,0.07,0.08,77000
5FF.SI,20100808,0.08,0.08,0.08,0.08,30000
5FF.SI,20100804,0.09,0.09,0.09,0.09,100000
5FF.SI,20100728,0.09,0.09,0.09,0.09,50000
5FF.SI,20100727,0.09,0.09,0.09,0.09,50000
5FF.SI,20100725,0.09,0.09,0.09,0.09,50000
5FF.SI,20100701,0.09,0.09,0.09,0.09,119000
5FF.SI,20100628,0.09,0.09,0.09,0.09,52000
5FF.SI,20100624,0.09,0.09,0.09,0.09,50000
5FF.SI,20100622,0.09,0.09,0.09,0.09,220000
5FF.SI,20100621,0.09,0.09,0.09,0.09,29000
5FF.SI,20100620,0.09,0.09,0.09,0.09,410000
5FF.SI,20100617,0.09,0.09,0.09,0.09,133000
5FF.SI,20100613,0.11,0.11,0.11,0.11,100000
5FF.SI,20100607,0.11,0.11,0.11,0.11,60000
5FF.SI,20100530,0.11,0.11,0.11,0.11,100000
5FF.SI,20100524,0.12,0.12,0.12,0.12,50000
5FF.SI,20100523,0.11,0.11,0.11,0.11,60000
5FF.SI,20100519,0.12,0.12,0.12,0.12,200000
5FF.SI,20100503,0.13,0.13,0.13,0.13,200000
5FF.SI,20100429,0.12,0.12,0.12,0.12,50000
5FF.SI,20100427,0.12,0.13,0.12,0.13,250000
5FF.SI,20100426,0.12,0.12,0.12,0.12,50000
5FF.SI,20100425,0.12,0.12,0.12,0.12,10000
5FF.SI,20100420,0.12,0.13,0.12,0.13,21000
5FF.SI,20100415,0.12,0.12,0.12,0.12,56000
5FF.SI,20100408,0.12,0.12,0.12,0.12,233000
5FF.SI,20100407,0.13,0.13,0.13,0.13,20000
5FF.SI,20100406,0.12,0.13,0.12,0.12,106000
5FF.SI,20100331,0.12,0.12,0.12,0.12,35000
5FF.SI,20100330,0.12,0.12,0.12,0.12,5000
5FF.SI,20100328,0.12,0.14,0.12,0.12,73000
5FF.SI,20100325,0.13,0.13,0.13,0.13,15000
5FF.SI,20100323,0.13,0.13,0.13,0.13,10000
5FF.SI,20100322,0.12,0.14,0.12,0.14,11000
5FF.SI,20100315,0.12,0.14,0.12,0.14,301000
5FF.SI,20100314,0.12,0.14,0.12,0.14,41000
5FF.SI,20100309,0.14,0.14,0.14,0.14,10000
5FF.SI,20100308,0.14,0.14,0.14,0.14,150000
5FF.SI,20100307,0.12,0.12,0.12,0.12,60000
5FF.SI,20100304,0.13,0.13,0.13,0.13,135000
5FF.SI,20100302,0.12,0.13,0.12,0.13,110000
5FF.SI,20100301,0.14,0.14,0.14,0.14,88000
5FF.SI,20100225,0.13,0.13,0.12,0.12,234000
5FF.SI,20100223,0.14,0.14,0.14,0.14,16000
5FF.SI,20100222,0.14,0.14,0.14,0.14,135000
5FF.SI,20100221,0.14,0.14,0.14,0.14,10000
5FF.SI,20100218,0.14,0.14,0.14,0.14,45000
5FF.SI,20100217,0.14,0.14,0.14,0.14,30000
5FF.SI,20100216,0.14,0.14,0.14,0.14,2000
5FF.SI,20100210,0.14,0.14,0.14,0.14,29000
5FF.SI,20100208,0.14,0.14,0.14,0.14,5000
5FF.SI,20100207,0.14,0.14,0.13,0.13,434000
5FF.SI,20100201,0.14,0.14,0.14,0.14,250000
5FF.SI,20100127,0.14,0.14,0.14,0.14,190000
5FF.SI,20100125,0.14,0.14,0.14,0.14,200000
5FF.SI,20100124,0.14,0.14,0.14,0.14,150000
5FF.SI,20100121,0.14,0.14,0.14,0.14,326000
5FF.SI,20100119,0.14,0.14,0.14,0.14,310000
5FF.SI,20100118,0.14,0.14,0.14,0.14,333000
5FF.SI,20100117,0.14,0.14,0.14,0.14,90000
5FF.SI,20100114,0.14,0.14,0.14,0.14,45000
5FF.SI,20100112,0.14,0.15,0.14,0.15,60000
5FF.SI,20100111,0.14,0.14,0.14,0.14,255000
5FF.SI,20100110,0.14,0.14,0.14,0.14,156000
5FF.SI,20100107,0.14,0.14,0.14,0.14,130000
5FF.SI,20100106,0.15,0.15,0.14,0.14,560000
5FF.SI,20100105,0.14,0.14,0.14,0.14,100000
5FF.SI,20100104,0.14,0.15,0.14,0.14,250000
5FF.SI,20100103,0.14,0.14,0.14,0.14,275000
