M26.SI,20120604,0.071,0.071,0.071,0.071,20000
M26.SI,20120604,0.07,0.07,0.07,0.07,20000
M26.SI,20120603,0.07,0.07,0.07,0.07,000
M26.SI,20120531,0.07,0.07,0.07,0.07,000
M26.SI,20120530,0.07,0.07,0.07,0.07,000
M26.SI,20120529,0.07,0.07,0.07,0.07,10000
M26.SI,20120528,0.07,0.07,0.07,0.07,000
M26.SI,20120527,0.07,0.07,0.07,0.07,30000
M26.SI,20120524,0.08,0.08,0.08,0.08,000
M26.SI,20120523,0.08,0.08,0.08,0.08,000
M26.SI,20120522,0.08,0.08,0.08,0.08,100000
M26.SI,20120521,0.07,0.07,0.07,0.07,000
M26.SI,20120520,0.07,0.07,0.07,0.07,000
M26.SI,20120517,0.07,0.07,0.07,0.07,000
M26.SI,20120516,0.07,0.07,0.07,0.07,000
M26.SI,20120515,0.07,0.07,0.07,0.07,1000
M26.SI,20120514,0.08,0.08,0.08,0.08,000
M26.SI,20120513,0.08,0.08,0.08,0.08,10145000
M26.SI,20120510,0.07,0.08,0.07,0.08,11000
M26.SI,20120509,0.07,0.07,0.07,0.07,000
M26.SI,20120508,0.07,0.07,0.07,0.07,220000
M26.SI,20120507,0.07,0.07,0.07,0.07,150000
M26.SI,20120506,0.07,0.07,0.07,0.07,100000
M26.SI,20120503,0.07,0.07,0.07,0.07,2000
M26.SI,20120502,0.07,0.07,0.07,0.07,157000
M26.SI,20120501,0.07,0.07,0.07,0.07,000
M26.SI,20120430,0.08,0.08,0.07,0.07,443000
M26.SI,20120429,0.08,0.08,0.08,0.08,12583000
M26.SI,20120426,0.07,0.08,0.07,0.08,433000
M26.SI,20120425,0.07,0.07,0.07,0.07,70000
M26.SI,20120424,0.07,0.07,0.07,0.07,77000
M26.SI,20120423,0.07,0.07,0.07,0.07,000
M26.SI,20120422,0.07,0.07,0.07,0.07,000
M26.SI,20120419,0.07,0.07,0.07,0.07,10000
M26.SI,20120418,0.07,0.07,0.07,0.07,30000
M26.SI,20120417,0.07,0.07,0.07,0.07,16000
M26.SI,20120416,0.07,0.07,0.07,0.07,15000
M26.SI,20120415,0.07,0.07,0.07,0.07,45000
M26.SI,20120412,0.07,0.07,0.07,0.07,221000
M26.SI,20120411,0.07,0.07,0.07,0.07,30000
M26.SI,20120410,0.07,0.07,0.07,0.07,000
M26.SI,20120409,0.07,0.07,0.07,0.07,000
M26.SI,20120408,0.07,0.07,0.07,0.07,200000
M26.SI,20120405,0.07,0.08,0.07,0.07,807000
M26.SI,20120404,0.07,0.07,0.07,0.07,000
M26.SI,20120403,0.07,0.07,0.07,0.07,100000
M26.SI,20120402,0.07,0.07,0.07,0.07,278000
M26.SI,20120401,0.07,0.07,0.07,0.07,150000
M26.SI,20120329,0.07,0.07,0.07,0.07,000
M26.SI,20120328,0.07,0.07,0.07,0.07,000
M26.SI,20120327,0.07,0.07,0.07,0.07,20000
M26.SI,20120326,0.07,0.07,0.07,0.07,000
M26.SI,20120325,0.07,0.07,0.07,0.07,288000
M26.SI,20120322,0.07,0.07,0.07,0.07,13000
M26.SI,20120321,0.07,0.07,0.07,0.07,000
M26.SI,20120320,0.07,0.07,0.07,0.07,100000
M26.SI,20120319,0.07,0.07,0.07,0.07,200000
M26.SI,20120318,0.07,0.07,0.07,0.07,100000
M26.SI,20120315,0.07,0.07,0.07,0.07,746000
M26.SI,20120314,0.07,0.07,0.07,0.07,600000
M26.SI,20120313,0.08,0.08,0.08,0.08,165000
M26.SI,20120312,0.07,0.07,0.07,0.07,000
M26.SI,20120311,0.07,0.07,0.07,0.07,15000
M26.SI,20120308,0.07,0.07,0.07,0.07,100000
M26.SI,20120307,0.07,0.07,0.07,0.07,300000
M26.SI,20120306,0.08,0.08,0.07,0.07,397000
M26.SI,20120305,0.07,0.08,0.07,0.08,243000
M26.SI,20120304,0.08,0.08,0.08,0.08,000
M26.SI,20120301,0.08,0.08,0.08,0.08,94000
M26.SI,20120229,0.08,0.08,0.08,0.08,499000
M26.SI,20120228,0.08,0.08,0.08,0.08,450000
M26.SI,20120227,0.08,0.08,0.08,0.08,146000
M26.SI,20120226,0.08,0.08,0.08,0.08,615000
M26.SI,20120223,0.08,0.08,0.08,0.08,61000
M26.SI,20120222,0.08,0.08,0.08,0.08,1895000
M26.SI,20120221,0.07,0.08,0.07,0.08,392000
M26.SI,20120220,0.07,0.07,0.07,0.07,80000
M26.SI,20120219,0.08,0.08,0.08,0.08,600000
M26.SI,20120216,0.08,0.08,0.08,0.08,202000
M26.SI,20120215,0.08,0.08,0.07,0.07,1223000
M26.SI,20120214,0.08,0.08,0.08,0.08,1791000
M26.SI,20120213,0.08,0.08,0.08,0.08,000
M26.SI,20120212,0.08,0.08,0.08,0.08,000
M26.SI,20120209,0.09,0.09,0.08,0.08,500000
M26.SI,20120208,0.09,0.09,0.09,0.09,1412000
M26.SI,20120207,0.09,0.09,0.09,0.09,3602000
M26.SI,20120206,0.09,0.09,0.09,0.09,630000
M26.SI,20120205,0.08,0.09,0.08,0.09,4720000
M26.SI,20120202,0.08,0.08,0.08,0.08,278000
M26.SI,20120201,0.08,0.08,0.08,0.08,712000
M26.SI,20120131,0.08,0.08,0.08,0.08,188000
M26.SI,20120130,0.08,0.08,0.08,0.08,25000
M26.SI,20120129,0.08,0.08,0.08,0.08,30000
M26.SI,20120126,0.08,0.08,0.08,0.08,116000
M26.SI,20120125,0.08,0.08,0.08,0.08,000
M26.SI,20120124,0.08,0.08,0.08,0.08,372000
M26.SI,20120123,0.08,0.08,0.08,0.08,150000
M26.SI,20120122,0.08,0.09,0.08,0.09,111000
M26.SI,20120119,0.08,0.08,0.08,0.08,000
M26.SI,20120118,0.08,0.08,0.08,0.08,000
M26.SI,20120117,0.08,0.08,0.08,0.08,000
M26.SI,20120116,0.08,0.08,0.08,0.08,294000
M26.SI,20120115,0.09,0.09,0.08,0.08,160000
M26.SI,20120112,0.08,0.09,0.08,0.08,185000
M26.SI,20120111,0.08,0.08,0.08,0.08,605000
M26.SI,20120110,0.09,0.09,0.08,0.08,102000
M26.SI,20120109,0.08,0.08,0.08,0.08,749000
M26.SI,20120108,0.07,0.08,0.07,0.08,663000
M26.SI,20120105,0.07,0.08,0.07,0.07,1035000
M26.SI,20120104,0.07,0.07,0.07,0.07,131000
M26.SI,20120103,0.07,0.07,0.07,0.07,000
M26.SI,20120102,0.07,0.07,0.07,0.07,000
M26.SI,20120101,0.07,0.07,0.07,0.07,120000
M26.SI,20111229,0.07,0.07,0.07,0.07,705000
M26.SI,20111228,0.07,0.07,0.07,0.07,140000
M26.SI,20111227,0.07,0.07,0.07,0.07,200000
M26.SI,20111226,0.07,0.07,0.07,0.07,000
M26.SI,20111225,0.07,0.07,0.07,0.07,000
M26.SI,20111222,0.07,0.07,0.07,0.07,950000
M26.SI,20111221,0.07,0.07,0.07,0.07,654000
M26.SI,20111220,0.07,0.07,0.07,0.07,000
M26.SI,20111219,0.07,0.07,0.07,0.07,000
M26.SI,20111218,0.07,0.07,0.07,0.07,000
M26.SI,20111215,0.07,0.07,0.07,0.07,000
M26.SI,20111214,0.07,0.08,0.07,0.07,77000
M26.SI,20111213,0.07,0.07,0.07,0.07,30000
M26.SI,20111212,0.08,0.08,0.08,0.08,000
M26.SI,20111211,0.08,0.08,0.07,0.08,141000
M26.SI,20111208,0.07,0.07,0.07,0.07,000
M26.SI,20111207,0.07,0.07,0.07,0.07,70000
M26.SI,20111206,0.07,0.07,0.07,0.07,000
M26.SI,20111205,0.07,0.07,0.07,0.07,000
M26.SI,20111204,0.07,0.07,0.07,0.07,000
M26.SI,20111201,0.07,0.07,0.07,0.07,212000
M26.SI,20111130,0.07,0.07,0.07,0.07,000
M26.SI,20111129,0.07,0.07,0.07,0.07,18000
M26.SI,20111128,0.07,0.07,0.07,0.07,000
M26.SI,20111127,0.07,0.07,0.07,0.07,000
M26.SI,20111124,0.07,0.07,0.07,0.07,160000
M26.SI,20111123,0.07,0.07,0.07,0.07,000
M26.SI,20111122,0.07,0.07,0.07,0.07,76000
M26.SI,20111121,0.07,0.07,0.07,0.07,33383000
M26.SI,20111120,0.07,0.07,0.07,0.07,000
M26.SI,20111117,0.07,0.07,0.07,0.07,000
M26.SI,20111116,0.07,0.07,0.07,0.07,000
M26.SI,20111115,0.07,0.07,0.07,0.07,50000
M26.SI,20111114,0.07,0.07,0.07,0.07,000
M26.SI,20111113,0.07,0.07,0.07,0.07,112000
M26.SI,20111110,0.07,0.07,0.07,0.07,1000
M26.SI,20111109,0.07,0.07,0.07,0.07,330000
M26.SI,20111108,0.08,0.08,0.07,0.07,142000
M26.SI,20111107,0.07,0.07,0.07,0.07,000
M26.SI,20111106,0.07,0.07,0.07,0.07,000
M26.SI,20111103,0.07,0.08,0.07,0.07,207000
M26.SI,20111102,0.07,0.07,0.07,0.07,130000
M26.SI,20111101,0.07,0.07,0.07,0.07,000
M26.SI,20111031,0.07,0.07,0.07,0.07,000
M26.SI,20111030,0.07,0.09,0.07,0.07,149000
M26.SI,20111027,0.07,0.07,0.07,0.07,000
M26.SI,20111026,0.07,0.07,0.07,0.07,000
M26.SI,20111025,0.07,0.07,0.07,0.07,000
M26.SI,20111024,0.07,0.07,0.07,0.07,28000
M26.SI,20111023,0.08,0.08,0.08,0.08,7000
M26.SI,20111020,0.08,0.08,0.08,0.08,000
M26.SI,20111019,0.08,0.08,0.08,0.08,000
M26.SI,20111018,0.08,0.08,0.08,0.08,500000
M26.SI,20111017,0.07,0.08,0.07,0.08,172000
M26.SI,20111016,0.07,0.07,0.07,0.07,583000
M26.SI,20111013,0.07,0.07,0.07,0.07,50000
M26.SI,20111012,0.07,0.07,0.07,0.07,127000
M26.SI,20111011,0.07,0.07,0.07,0.07,20000
M26.SI,20111010,0.07,0.07,0.07,0.07,50000
M26.SI,20111009,0.07,0.07,0.07,0.07,000
M26.SI,20111006,0.07,0.07,0.07,0.07,50000
M26.SI,20111005,0.07,0.07,0.07,0.07,000
M26.SI,20111004,0.07,0.07,0.07,0.07,000
M26.SI,20111003,0.07,0.07,0.07,0.07,140000
M26.SI,20111002,0.07,0.07,0.07,0.07,50000
M26.SI,20110929,0.07,0.07,0.07,0.07,204000
M26.SI,20110928,0.07,0.07,0.07,0.07,64000
M26.SI,20110927,0.07,0.07,0.07,0.07,25000
M26.SI,20110926,0.07,0.08,0.07,0.07,504000
M26.SI,20110925,0.07,0.07,0.07,0.07,223000
M26.SI,20110922,0.07,0.07,0.07,0.07,000
M26.SI,20110921,0.07,0.07,0.07,0.07,500000
M26.SI,20110920,0.07,0.07,0.07,0.07,000
M26.SI,20110919,0.07,0.07,0.07,0.07,24000
M26.SI,20110918,0.07,0.07,0.07,0.07,000
M26.SI,20110915,0.07,0.07,0.07,0.07,000
M26.SI,20110914,0.07,0.07,0.07,0.07,000
M26.SI,20110913,0.07,0.07,0.07,0.07,70000
M26.SI,20110912,0.07,0.07,0.07,0.07,100000
M26.SI,20110911,0.07,0.07,0.07,0.07,000
M26.SI,20110908,0.07,0.07,0.07,0.07,68000
M26.SI,20110907,0.07,0.07,0.07,0.07,000
M26.SI,20110906,0.07,0.07,0.07,0.07,000
M26.SI,20110905,0.07,0.07,0.07,0.07,500000
M26.SI,20110904,0.07,0.07,0.07,0.07,61000
M26.SI,20110901,0.07,0.07,0.07,0.07,000
M26.SI,20110831,0.08,0.08,0.07,0.07,120000
M26.SI,20110830,0.07,0.08,0.07,0.08,1748000
M26.SI,20110829,0.07,0.07,0.07,0.07,20000
M26.SI,20110828,0.07,0.07,0.07,0.07,33000
M26.SI,20110825,0.07,0.07,0.07,0.07,000
M26.SI,20110824,0.07,0.07,0.07,0.07,12000
M26.SI,20110823,0.07,0.07,0.07,0.07,000
M26.SI,20110822,0.07,0.07,0.07,0.07,200000
M26.SI,20110821,0.07,0.07,0.07,0.07,000
M26.SI,20110818,0.07,0.07,0.07,0.07,100000
M26.SI,20110817,0.07,0.07,0.07,0.07,000
M26.SI,20110816,0.07,0.07,0.07,0.07,90000
M26.SI,20110815,0.07,0.07,0.07,0.07,40000
M26.SI,20110814,0.07,0.07,0.07,0.07,000
M26.SI,20110811,0.07,0.07,0.07,0.07,000
M26.SI,20110810,0.07,0.07,0.07,0.07,000
M26.SI,20110809,0.07,0.07,0.07,0.07,451000
M26.SI,20110808,0.07,0.07,0.07,0.07,30000
M26.SI,20110807,0.07,0.07,0.07,0.07,201000
M26.SI,20110804,0.07,0.07,0.07,0.07,98000
M26.SI,20110803,0.07,0.07,0.07,0.07,000
M26.SI,20110802,0.07,0.07,0.07,0.07,000
M26.SI,20110801,0.07,0.07,0.07,0.07,6000
M26.SI,20110731,0.07,0.07,0.07,0.07,000
M26.SI,20110728,0.07,0.07,0.07,0.07,2000
M26.SI,20110727,0.07,0.07,0.07,0.07,000
M26.SI,20110726,0.07,0.07,0.07,0.07,000
M26.SI,20110725,0.07,0.07,0.07,0.07,000
M26.SI,20110724,0.07,0.07,0.07,0.07,115000
M26.SI,20110721,0.08,0.08,0.08,0.08,000
M26.SI,20110720,0.07,0.08,0.07,0.08,1090000
M26.SI,20110719,0.08,0.08,0.08,0.08,000
M26.SI,20110718,0.08,0.08,0.07,0.08,376000
M26.SI,20110717,0.08,0.08,0.08,0.08,000
M26.SI,20110714,0.08,0.08,0.08,0.08,000
M26.SI,20110713,0.08,0.08,0.08,0.08,100000
M26.SI,20110712,0.08,0.08,0.08,0.08,1000
M26.SI,20110711,0.07,0.07,0.07,0.07,000
M26.SI,20110710,0.07,0.07,0.07,0.07,000
M26.SI,20110707,0.07,0.07,0.07,0.07,000
M26.SI,20110706,0.07,0.07,0.07,0.07,000
M26.SI,20110705,0.07,0.07,0.07,0.07,105000
M26.SI,20110704,0.07,0.07,0.07,0.07,160000
M26.SI,20110703,0.07,0.07,0.07,0.07,80000
M26.SI,20110630,0.08,0.08,0.08,0.08,20000
M26.SI,20110629,0.08,0.08,0.08,0.08,000
M26.SI,20110628,0.08,0.08,0.08,0.08,000
M26.SI,20110627,0.08,0.08,0.08,0.08,000
M26.SI,20110626,0.08,0.08,0.08,0.08,210000
M26.SI,20110623,0.08,0.08,0.08,0.08,3000
M26.SI,20110622,0.08,0.08,0.08,0.08,510000
M26.SI,20110621,0.07,0.07,0.07,0.07,000
M26.SI,20110620,0.08,0.08,0.07,0.07,256000
M26.SI,20110619,0.08,0.08,0.08,0.08,100000
M26.SI,20110616,0.08,0.08,0.08,0.08,000
M26.SI,20110615,0.08,0.08,0.08,0.08,35000
M26.SI,20110614,0.08,0.08,0.08,0.08,000
M26.SI,20110613,0.08,0.08,0.08,0.08,000
M26.SI,20110612,0.08,0.08,0.08,0.08,000
M26.SI,20110609,0.08,0.08,0.08,0.08,000
M26.SI,20110608,0.08,0.08,0.08,0.08,155000
M26.SI,20110607,0.08,0.08,0.08,0.08,20000
M26.SI,20110606,0.08,0.08,0.08,0.08,000
M26.SI,20110605,0.08,0.08,0.08,0.08,15000
M26.SI,20110602,0.08,0.08,0.08,0.08,49000
M26.SI,20110601,0.08,0.08,0.08,0.08,000
M26.SI,20110531,0.08,0.08,0.08,0.08,000
M26.SI,20110530,0.08,0.08,0.08,0.08,100000
M26.SI,20110529,0.08,0.08,0.08,0.08,41000
M26.SI,20110526,0.08,0.08,0.08,0.08,000
M26.SI,20110525,0.08,0.08,0.08,0.08,000
M26.SI,20110524,0.08,0.09,0.08,0.08,136000
M26.SI,20110523,0.08,0.08,0.08,0.08,100000
M26.SI,20110522,0.08,0.08,0.08,0.08,40000
M26.SI,20110519,0.08,0.08,0.08,0.08,2000
M26.SI,20110518,0.08,0.08,0.08,0.08,21000
M26.SI,20110517,0.08,0.08,0.08,0.08,50000
M26.SI,20110516,0.08,0.08,0.08,0.08,000
M26.SI,20110515,0.08,0.08,0.08,0.08,273000
M26.SI,20110512,0.08,0.08,0.08,0.08,117000
M26.SI,20110511,0.08,0.08,0.08,0.08,173000
M26.SI,20110510,0.08,0.08,0.08,0.08,250000
M26.SI,20110509,0.08,0.08,0.08,0.08,135000
M26.SI,20110508,0.08,0.08,0.08,0.08,519000
M26.SI,20110505,0.08,0.08,0.08,0.08,313000
M26.SI,20110504,0.08,0.08,0.08,0.08,143000
M26.SI,20110503,0.08,0.08,0.08,0.08,128000
M26.SI,20110502,0.09,0.09,0.09,0.09,000
M26.SI,20110501,0.09,0.09,0.09,0.09,431000
M26.SI,20110428,0.09,0.09,0.09,0.09,669000
M26.SI,20110427,0.09,0.09,0.09,0.09,207000
M26.SI,20110426,0.09,0.09,0.09,0.09,000
M26.SI,20110425,0.09,0.09,0.09,0.09,000
M26.SI,20110424,0.09,0.09,0.09,0.09,239000
M26.SI,20110421,0.09,0.09,0.09,0.09,203000
M26.SI,20110420,0.09,0.09,0.09,0.09,1098000
M26.SI,20110419,0.09,0.09,0.09,0.09,165000
M26.SI,20110418,0.09,0.09,0.09,0.09,831000
M26.SI,20110417,0.10,0.10,0.09,0.09,4082000
M26.SI,20110414,0.10,0.10,0.10,0.10,000
M26.SI,20110413,0.10,0.10,0.10,0.10,10000
M26.SI,20110412,0.10,0.10,0.10,0.10,000
M26.SI,20110411,0.10,0.10,0.10,0.10,1040000
M26.SI,20110410,0.10,0.10,0.10,0.10,155000
M26.SI,20110407,0.10,0.10,0.10,0.10,000
M26.SI,20110406,0.10,0.10,0.10,0.10,180000
M26.SI,20110405,0.10,0.10,0.10,0.10,000
M26.SI,20110404,0.10,0.10,0.10,0.10,405000
M26.SI,20110403,0.10,0.10,0.10,0.10,000
M26.SI,20110331,0.10,0.10,0.10,0.10,118000
M26.SI,20110330,0.10,0.10,0.10,0.10,000
M26.SI,20110329,0.10,0.10,0.10,0.10,445000
M26.SI,20110328,0.10,0.10,0.10,0.10,10000
M26.SI,20110327,0.10,0.10,0.10,0.10,832000
M26.SI,20110324,0.10,0.10,0.10,0.10,580000
M26.SI,20110323,0.10,0.10,0.10,0.10,980000
M26.SI,20110322,0.10,0.10,0.10,0.10,1766000
M26.SI,20110321,0.10,0.10,0.10,0.10,880000
M26.SI,20110320,0.10,0.10,0.10,0.10,330000
M26.SI,20110317,0.10,0.10,0.10,0.10,674000
M26.SI,20110316,0.10,0.10,0.10,0.10,402000
M26.SI,20110315,0.10,0.11,0.10,0.10,639000
M26.SI,20110314,0.10,0.10,0.10,0.10,793000
M26.SI,20110313,0.10,0.10,0.10,0.10,760000
M26.SI,20110310,0.10,0.10,0.10,0.10,800000
M26.SI,20110309,0.10,0.10,0.10,0.10,996000
M26.SI,20110308,0.10,0.10,0.10,0.10,190000
M26.SI,20110307,0.10,0.10,0.10,0.10,229000
M26.SI,20110306,0.10,0.10,0.10,0.10,630000
M26.SI,20110303,0.10,0.10,0.10,0.10,356000
M26.SI,20110302,0.10,0.10,0.10,0.10,329000
M26.SI,20110301,0.10,0.10,0.10,0.10,1182000
M26.SI,20110228,0.10,0.10,0.10,0.10,1114000
M26.SI,20110227,0.11,0.11,0.10,0.10,217000
M26.SI,20110224,0.11,0.11,0.11,0.11,000
M26.SI,20110223,0.11,0.11,0.11,0.11,547000
M26.SI,20110222,0.11,0.11,0.11,0.11,000
M26.SI,20110221,0.11,0.11,0.11,0.11,231000
M26.SI,20110220,0.11,0.11,0.11,0.11,374000
M26.SI,20110217,0.10,0.11,0.10,0.11,335000
M26.SI,20110216,0.10,0.10,0.10,0.10,262000
M26.SI,20110215,0.10,0.11,0.10,0.10,279000
M26.SI,20110214,0.10,0.11,0.10,0.11,6000
M26.SI,20110213,0.10,0.10,0.10,0.10,000
M26.SI,20110210,0.11,0.11,0.10,0.10,204000
M26.SI,20110209,0.11,0.11,0.10,0.10,610000
M26.SI,20110208,0.10,0.10,0.10,0.10,155000
M26.SI,20110207,0.10,0.10,0.10,0.10,148000
M26.SI,20110206,0.11,0.11,0.10,0.10,210000
M26.SI,20110203,0.10,0.10,0.10,0.10,31000
M26.SI,20110202,0.10,0.10,0.10,0.10,529000
M26.SI,20110201,0.10,0.10,0.10,0.10,426000
M26.SI,20110131,0.10,0.10,0.10,0.10,344000
M26.SI,20110130,0.10,0.11,0.10,0.10,306000
M26.SI,20110127,0.10,0.10,0.10,0.10,146000
M26.SI,20110126,0.10,0.10,0.10,0.10,80000
M26.SI,20110125,0.10,0.10,0.10,0.10,35000
M26.SI,20110124,0.10,0.10,0.10,0.10,000
M26.SI,20110123,0.10,0.10,0.10,0.10,000
M26.SI,20110120,0.10,0.10,0.10,0.10,150000
M26.SI,20110119,0.10,0.10,0.10,0.10,1356000
M26.SI,20110118,0.09,0.10,0.09,0.10,553000
M26.SI,20110117,0.09,0.09,0.09,0.09,120000
M26.SI,20110116,0.10,0.10,0.10,0.10,291000
M26.SI,20110113,0.10,0.10,0.10,0.10,540000
M26.SI,20110112,0.10,0.10,0.10,0.10,000
M26.SI,20110111,0.10,0.10,0.10,0.10,5000
M26.SI,20110110,0.10,0.10,0.10,0.10,100000
M26.SI,20110109,0.10,0.10,0.10,0.10,000
M26.SI,20110106,0.10,0.10,0.10,0.10,270000
M26.SI,20110105,0.10,0.10,0.10,0.10,000
M26.SI,20110104,0.10,0.10,0.10,0.10,000
M26.SI,20110103,0.10,0.10,0.10,0.10,83000
M26.SI,20110102,0.10,0.10,0.10,0.10,000
M26.SI,20101230,0.10,0.10,0.10,0.10,3000
M26.SI,20101229,0.10,0.10,0.10,0.10,000
M26.SI,20101228,0.10,0.10,0.10,0.10,311000
M26.SI,20101227,0.09,0.10,0.09,0.10,615000
M26.SI,20101226,0.09,0.09,0.09,0.09,000
M26.SI,20101223,0.09,0.09,0.09,0.09,370000
M26.SI,20101222,0.09,0.10,0.09,0.10,380000
M26.SI,20101221,0.10,0.10,0.09,0.09,383000
M26.SI,20101220,0.10,0.10,0.10,0.10,000
M26.SI,20101219,0.10,0.10,0.10,0.10,000
M26.SI,20101216,0.10,0.10,0.10,0.10,000
M26.SI,20101215,0.10,0.10,0.10,0.10,000
M26.SI,20101214,0.10,0.10,0.10,0.10,000
M26.SI,20101213,0.10,0.10,0.10,0.10,000
M26.SI,20101212,0.10,0.10,0.10,0.10,000
M26.SI,20101209,0.10,0.10,0.10,0.10,000
M26.SI,20101208,0.10,0.10,0.10,0.10,000
M26.SI,20101207,0.10,0.10,0.10,0.10,20000
M26.SI,20101206,0.10,0.10,0.10,0.10,000
M26.SI,20101205,0.10,0.10,0.10,0.10,000
M26.SI,20101202,0.10,0.10,0.10,0.10,000
M26.SI,20101201,0.10,0.10,0.10,0.10,170000
M26.SI,20101130,0.10,0.10,0.10,0.10,50000
M26.SI,20101129,0.10,0.10,0.10,0.10,150000
M26.SI,20101128,0.10,0.10,0.10,0.10,231000
M26.SI,20101125,0.10,0.10,0.10,0.10,000
M26.SI,20101124,0.10,0.10,0.10,0.10,64000
M26.SI,20101123,0.11,0.11,0.11,0.11,000
M26.SI,20101122,0.10,0.11,0.10,0.11,20000
M26.SI,20101121,0.09,0.09,0.09,0.09,60000
M26.SI,20101118,0.10,0.10,0.10,0.10,000
M26.SI,20101117,0.10,0.10,0.10,0.10,76000
M26.SI,20101115,0.10,0.10,0.10,0.10,2000
M26.SI,20101110,0.09,0.09,0.09,0.09,3000
M26.SI,20101109,0.09,0.09,0.09,0.09,87000
M26.SI,20101108,0.09,0.09,0.09,0.09,6000
M26.SI,20101104,0.10,0.10,0.10,0.10,40000
M26.SI,20101028,0.10,0.10,0.10,0.10,10000
M26.SI,20101025,0.10,0.10,0.10,0.10,1000
M26.SI,20101024,0.11,0.11,0.10,0.10,2552000
M26.SI,20101021,0.10,0.10,0.10,0.10,1500000
M26.SI,20101020,0.11,0.11,0.10,0.10,2664000
M26.SI,20101019,0.10,0.10,0.10,0.10,900000
M26.SI,20101018,0.09,0.10,0.09,0.10,977000
M26.SI,20101017,0.10,0.10,0.10,0.10,1000
M26.SI,20101012,0.10,0.10,0.10,0.10,105000
M26.SI,20101006,0.09,0.09,0.09,0.09,20000
M26.SI,20101005,0.09,0.09,0.09,0.09,60000
M26.SI,20101004,0.09,0.09,0.09,0.09,90000
M26.SI,20101003,0.10,0.10,0.09,0.10,80000
M26.SI,20100930,0.10,0.10,0.10,0.10,100000
M26.SI,20100929,0.11,0.11,0.11,0.11,37000
M26.SI,20100928,0.11,0.11,0.11,0.11,19000
M26.SI,20100927,0.09,0.09,0.09,0.09,20000
M26.SI,20100921,0.11,0.11,0.11,0.11,60000
M26.SI,20100920,0.11,0.11,0.11,0.11,7000
M26.SI,20100919,0.11,0.11,0.11,0.11,20000
M26.SI,20100916,0.11,0.11,0.11,0.11,142000
M26.SI,20100913,0.12,0.12,0.12,0.12,30000
M26.SI,20100912,0.11,0.11,0.11,0.11,131000
M26.SI,20100907,0.11,0.11,0.11,0.11,150000
M26.SI,20100831,0.12,0.12,0.12,0.12,100000
M26.SI,20100826,0.12,0.12,0.12,0.12,330000
M26.SI,20100822,0.12,0.12,0.12,0.12,30000
M26.SI,20100816,0.12,0.12,0.12,0.12,100000
M26.SI,20100811,0.12,0.12,0.12,0.12,120000
M26.SI,20100810,0.12,0.12,0.12,0.12,19000
M26.SI,20100808,0.13,0.13,0.12,0.12,53000
M26.SI,20100804,0.14,0.14,0.14,0.14,2000
M26.SI,20100803,0.14,0.14,0.13,0.13,25000
M26.SI,20100801,0.13,0.13,0.13,0.13,130000
M26.SI,20100729,0.13,0.13,0.13,0.13,30000
M26.SI,20100728,0.14,0.14,0.14,0.14,60000
M26.SI,20100727,0.14,0.14,0.14,0.14,251000
M26.SI,20100726,0.14,0.14,0.14,0.14,50000
M26.SI,20100721,0.13,0.13,0.13,0.13,52000
M26.SI,20100718,0.14,0.14,0.13,0.13,257000
M26.SI,20100715,0.13,0.13,0.13,0.13,10000
M26.SI,20100714,0.13,0.13,0.13,0.13,10000
M26.SI,20100711,0.14,0.14,0.14,0.14,22000
M26.SI,20100708,0.14,0.14,0.14,0.14,326000
M26.SI,20100707,0.14,0.14,0.13,0.13,250000
M26.SI,20100705,0.14,0.14,0.14,0.14,20000
M26.SI,20100704,0.14,0.14,0.14,0.14,30000
M26.SI,20100701,0.14,0.14,0.14,0.14,95000
M26.SI,20100630,0.14,0.14,0.14,0.14,222000
M26.SI,20100628,0.14,0.14,0.14,0.14,500000
M26.SI,20100627,0.13,0.14,0.13,0.13,350000
M26.SI,20100624,0.13,0.13,0.13,0.13,106000
M26.SI,20100623,0.12,0.13,0.12,0.13,14555000
M26.SI,20100622,0.12,0.13,0.12,0.13,16000
M26.SI,20100621,0.12,0.12,0.12,0.12,29000
M26.SI,20100620,0.12,0.12,0.12,0.12,28000
M26.SI,20100616,0.12,0.13,0.12,0.13,21000
M26.SI,20100615,0.13,0.13,0.13,0.13,102000
M26.SI,20100613,0.12,0.12,0.12,0.12,43000
M26.SI,20100610,0.12,0.12,0.12,0.12,111000
M26.SI,20100607,0.13,0.13,0.12,0.12,61000
M26.SI,20100603,0.12,0.12,0.12,0.12,20000
M26.SI,20100602,0.12,0.12,0.12,0.12,40000
M26.SI,20100601,0.12,0.12,0.12,0.12,2000
M26.SI,20100531,0.14,0.14,0.13,0.13,151000
M26.SI,20100527,0.13,0.13,0.13,0.13,40000
M26.SI,20100524,0.13,0.13,0.13,0.13,1000
M26.SI,20100523,0.12,0.12,0.12,0.12,100000
M26.SI,20100519,0.14,0.14,0.13,0.13,60000
M26.SI,20100518,0.13,0.13,0.13,0.13,41000
M26.SI,20100516,0.13,0.13,0.13,0.13,10000
M26.SI,20100513,0.13,0.13,0.13,0.13,50000
M26.SI,20100512,0.12,0.13,0.12,0.13,151000
M26.SI,20100511,0.13,0.13,0.13,0.13,150000
M26.SI,20100510,0.14,0.14,0.13,0.13,6000
M26.SI,20100509,0.13,0.13,0.13,0.13,15000
M26.SI,20100506,0.13,0.13,0.12,0.12,141000
M26.SI,20100505,0.14,0.14,0.12,0.12,485000
M26.SI,20100504,0.14,0.14,0.14,0.14,376000
M26.SI,20100503,0.15,0.15,0.15,0.15,545000
M26.SI,20100429,0.15,0.15,0.15,0.15,40000
M26.SI,20100428,0.16,0.16,0.15,0.15,580000
M26.SI,20100427,0.16,0.16,0.16,0.16,1162000
M26.SI,20100426,0.15,0.15,0.15,0.15,419000
M26.SI,20100425,0.15,0.15,0.14,0.14,246000
M26.SI,20100421,0.16,0.16,0.14,0.15,275000
M26.SI,20100420,0.15,0.16,0.15,0.16,341000
M26.SI,20100419,0.15,0.15,0.15,0.15,340000
M26.SI,20100418,0.15,0.16,0.15,0.16,1125000
M26.SI,20100415,0.14,0.15,0.14,0.15,150000
M26.SI,20100414,0.15,0.15,0.14,0.15,30000
M26.SI,20100413,0.15,0.15,0.15,0.15,347000
M26.SI,20100412,0.15,0.15,0.15,0.15,200000
M26.SI,20100411,0.15,0.15,0.15,0.15,72000
M26.SI,20100408,0.15,0.15,0.15,0.15,235000
M26.SI,20100407,0.15,0.15,0.15,0.15,164000
M26.SI,20100406,0.14,0.14,0.14,0.14,230000
M26.SI,20100405,0.14,0.14,0.14,0.14,166000
M26.SI,20100404,0.15,0.15,0.14,0.14,54000
M26.SI,20100401,0.14,0.14,0.14,0.14,19000
M26.SI,20100331,0.14,0.14,0.14,0.14,173000
M26.SI,20100330,0.14,0.15,0.14,0.15,352000
M26.SI,20100329,0.14,0.14,0.14,0.14,280000
M26.SI,20100328,0.14,0.14,0.14,0.14,84000
M26.SI,20100325,0.14,0.14,0.14,0.14,11000
M26.SI,20100324,0.14,0.14,0.14,0.14,100000
M26.SI,20100323,0.14,0.14,0.14,0.14,150000
M26.SI,20100322,0.14,0.14,0.14,0.14,120000
M26.SI,20100321,0.14,0.14,0.14,0.14,238000
M26.SI,20100317,0.14,0.14,0.14,0.14,203000
M26.SI,20100315,0.14,0.14,0.14,0.14,360000
M26.SI,20100314,0.14,0.14,0.14,0.14,20000
M26.SI,20100311,0.14,0.14,0.14,0.14,347000
M26.SI,20100310,0.14,0.14,0.14,0.14,1281000
M26.SI,20100309,0.14,0.14,0.14,0.14,336000
M26.SI,20100308,0.14,0.14,0.14,0.14,631000
M26.SI,20100307,0.14,0.14,0.14,0.14,70000
M26.SI,20100304,0.14,0.14,0.14,0.14,61000
M26.SI,20100303,0.14,0.14,0.14,0.14,240000
M26.SI,20100302,0.14,0.14,0.14,0.14,700000
M26.SI,20100301,0.14,0.14,0.14,0.14,906000
M26.SI,20100228,0.14,0.14,0.14,0.14,195000
M26.SI,20100225,0.14,0.14,0.14,0.14,1515000
M26.SI,20100224,0.14,0.15,0.14,0.14,2213000
M26.SI,20100222,0.14,0.14,0.14,0.14,606000
M26.SI,20100221,0.14,0.15,0.14,0.14,491000
M26.SI,20100218,0.14,0.14,0.14,0.14,83000
M26.SI,20100216,0.14,0.14,0.14,0.14,380000
M26.SI,20100215,0.14,0.14,0.14,0.14,305000
M26.SI,20100214,0.14,0.14,0.14,0.14,25000
M26.SI,20100211,0.14,0.15,0.14,0.14,473000
M26.SI,20100210,0.14,0.14,0.14,0.14,477000
M26.SI,20100209,0.15,0.15,0.15,0.15,195000
M26.SI,20100208,0.15,0.16,0.15,0.16,560000
M26.SI,20100207,0.15,0.15,0.15,0.15,388000
M26.SI,20100202,0.16,0.16,0.15,0.15,112000
M26.SI,20100201,0.15,0.15,0.15,0.15,832000
M26.SI,20100131,0.14,0.15,0.14,0.15,760000
M26.SI,20100128,0.14,0.15,0.14,0.15,2274000
M26.SI,20100127,0.14,0.14,0.14,0.14,241000
M26.SI,20100126,0.14,0.14,0.14,0.14,271000
M26.SI,20100125,0.14,0.14,0.14,0.14,97000
M26.SI,20100124,0.14,0.14,0.14,0.14,299000
M26.SI,20100121,0.14,0.15,0.14,0.15,72000
M26.SI,20100120,0.15,0.15,0.14,0.14,60000
M26.SI,20100119,0.15,0.15,0.14,0.15,887000
M26.SI,20100118,0.14,0.15,0.14,0.14,493000
M26.SI,20100117,0.14,0.14,0.14,0.14,176000
M26.SI,20100114,0.14,0.14,0.14,0.14,630000
M26.SI,20100113,0.14,0.14,0.14,0.14,192000
M26.SI,20100112,0.14,0.14,0.14,0.14,130000
M26.SI,20100111,0.14,0.14,0.14,0.14,75000
M26.SI,20100110,0.14,0.14,0.14,0.14,272000
M26.SI,20100107,0.14,0.14,0.14,0.14,530000
M26.SI,20100106,0.14,0.14,0.14,0.14,437000
M26.SI,20100105,0.14,0.14,0.14,0.14,83000
M26.SI,20100104,0.14,0.14,0.14,0.14,785000
M26.SI,20100103,0.14,0.14,0.14,0.14,301000
