EE6.SI,20120605,0.11,0.11,0.107,0.107,130000
EE6.SI,20120604,0.11,0.11,0.11,0.11,145000
EE6.SI,20120603,0.11,0.11,0.11,0.11,306000
EE6.SI,20120531,0.11,0.11,0.11,0.11,114000
EE6.SI,20120530,0.11,0.11,0.11,0.11,000
EE6.SI,20120529,0.11,0.11,0.11,0.11,66000
EE6.SI,20120528,0.11,0.11,0.11,0.11,24000
EE6.SI,20120527,0.11,0.11,0.11,0.11,127000
EE6.SI,20120524,0.11,0.11,0.11,0.11,000
EE6.SI,20120523,0.11,0.11,0.11,0.11,21000
EE6.SI,20120522,0.11,0.12,0.11,0.11,369000
EE6.SI,20120521,0.11,0.11,0.11,0.11,326000
EE6.SI,20120520,0.11,0.11,0.11,0.11,637000
EE6.SI,20120517,0.11,0.11,0.11,0.11,90000
EE6.SI,20120516,0.11,0.11,0.11,0.11,36000
EE6.SI,20120515,0.11,0.12,0.11,0.12,10000
EE6.SI,20120514,0.11,0.11,0.11,0.11,50000
EE6.SI,20120513,0.11,0.11,0.11,0.11,20000
EE6.SI,20120510,0.11,0.11,0.11,0.11,53000
EE6.SI,20120509,0.11,0.11,0.11,0.11,95000
EE6.SI,20120508,0.11,0.11,0.11,0.11,55000
EE6.SI,20120507,0.11,0.11,0.11,0.11,50000
EE6.SI,20120506,0.11,0.11,0.11,0.11,426000
EE6.SI,20120503,0.11,0.11,0.11,0.11,25000
EE6.SI,20120502,0.12,0.12,0.12,0.12,000
EE6.SI,20120501,0.12,0.12,0.12,0.12,000
EE6.SI,20120430,0.12,0.12,0.12,0.12,000
EE6.SI,20120429,0.11,0.12,0.11,0.12,11000
EE6.SI,20120426,0.12,0.12,0.11,0.12,190000
EE6.SI,20120425,0.11,0.11,0.11,0.11,50000
EE6.SI,20120424,0.11,0.11,0.11,0.11,21000
EE6.SI,20120423,0.11,0.11,0.11,0.11,37000
EE6.SI,20120422,0.11,0.11,0.11,0.11,144000
EE6.SI,20120419,0.12,0.12,0.12,0.12,50000
EE6.SI,20120418,0.11,0.12,0.11,0.12,19000
EE6.SI,20120417,0.12,0.12,0.12,0.12,000
EE6.SI,20120416,0.11,0.12,0.11,0.12,22000
EE6.SI,20120415,0.12,0.12,0.11,0.11,46000
EE6.SI,20120412,0.11,0.12,0.11,0.12,264000
EE6.SI,20120411,0.12,0.12,0.12,0.12,100000
EE6.SI,20120410,0.12,0.12,0.12,0.12,34000
EE6.SI,20120409,0.12,0.12,0.12,0.12,25000
EE6.SI,20120408,0.12,0.12,0.12,0.12,000
EE6.SI,20120405,0.12,0.12,0.12,0.12,109000
EE6.SI,20120404,0.11,0.11,0.11,0.11,4000
EE6.SI,20120403,0.12,0.12,0.11,0.11,56000
EE6.SI,20120402,0.12,0.12,0.11,0.11,82000
EE6.SI,20120401,0.12,0.12,0.11,0.11,68000
EE6.SI,20120329,0.12,0.12,0.12,0.12,000
EE6.SI,20120328,0.12,0.12,0.12,0.12,33000
EE6.SI,20120327,0.12,0.12,0.12,0.12,106000
EE6.SI,20120326,0.12,0.12,0.12,0.12,5000
EE6.SI,20120325,0.12,0.12,0.12,0.12,000
EE6.SI,20120322,0.12,0.12,0.11,0.12,91000
EE6.SI,20120321,0.11,0.12,0.11,0.12,126000
EE6.SI,20120320,0.12,0.12,0.12,0.12,200000
EE6.SI,20120319,0.12,0.12,0.12,0.12,56000
EE6.SI,20120318,0.12,0.12,0.12,0.12,000
EE6.SI,20120315,0.12,0.12,0.12,0.12,000
EE6.SI,20120314,0.12,0.12,0.12,0.12,000
EE6.SI,20120313,0.12,0.12,0.12,0.12,000
EE6.SI,20120312,0.12,0.12,0.12,0.12,176000
EE6.SI,20120311,0.12,0.12,0.12,0.12,139000
EE6.SI,20120308,0.12,0.12,0.12,0.12,71000
EE6.SI,20120307,0.12,0.12,0.12,0.12,382000
EE6.SI,20120306,0.12,0.12,0.12,0.12,319000
EE6.SI,20120305,0.12,0.12,0.12,0.12,83000
EE6.SI,20120304,0.12,0.12,0.11,0.11,65000
EE6.SI,20120301,0.12,0.12,0.12,0.12,42000
EE6.SI,20120229,0.13,0.13,0.13,0.13,000
EE6.SI,20120228,0.12,0.13,0.12,0.13,193000
EE6.SI,20120227,0.12,0.13,0.12,0.13,24000
EE6.SI,20120226,0.13,0.13,0.13,0.13,000
EE6.SI,20120223,0.13,0.13,0.13,0.13,000
EE6.SI,20120222,0.13,0.13,0.13,0.13,000
EE6.SI,20120221,0.12,0.13,0.12,0.13,344000
EE6.SI,20120220,0.12,0.12,0.12,0.12,168000
EE6.SI,20120219,0.13,0.13,0.12,0.12,163000
EE6.SI,20120216,0.12,0.13,0.12,0.13,171000
EE6.SI,20120215,0.12,0.13,0.12,0.12,620000
EE6.SI,20120214,0.13,0.13,0.12,0.12,269000
EE6.SI,20120213,0.13,0.13,0.13,0.13,000
EE6.SI,20120212,0.13,0.13,0.13,0.13,000
EE6.SI,20120209,0.13,0.13,0.12,0.13,594000
EE6.SI,20120208,0.13,0.13,0.13,0.13,196000
EE6.SI,20120207,0.14,0.14,0.13,0.14,75000
EE6.SI,20120206,0.14,0.14,0.13,0.14,97000
EE6.SI,20120205,0.14,0.14,0.14,0.14,1053000
EE6.SI,20120202,0.13,0.14,0.13,0.14,1197000
EE6.SI,20120201,0.13,0.13,0.13,0.13,89000
EE6.SI,20120131,0.13,0.14,0.13,0.14,322000
EE6.SI,20120130,0.13,0.13,0.13,0.13,164000
EE6.SI,20120129,0.13,0.13,0.13,0.13,201000
EE6.SI,20120126,0.13,0.13,0.13,0.13,23000
EE6.SI,20120125,0.13,0.13,0.13,0.13,36000
EE6.SI,20120124,0.13,0.13,0.12,0.12,110000
EE6.SI,20120123,0.13,0.13,0.13,0.13,28000
EE6.SI,20120122,0.13,0.13,0.12,0.13,125000
EE6.SI,20120119,0.13,0.13,0.13,0.13,72000
EE6.SI,20120118,0.13,0.13,0.13,0.13,101000
EE6.SI,20120117,0.13,0.13,0.13,0.13,30000
EE6.SI,20120116,0.13,0.13,0.13,0.13,166000
EE6.SI,20120115,0.13,0.13,0.13,0.13,203000
EE6.SI,20120112,0.13,0.13,0.13,0.13,139000
EE6.SI,20120111,0.13,0.13,0.13,0.13,354000
EE6.SI,20120110,0.12,0.13,0.12,0.13,92000
EE6.SI,20120109,0.13,0.13,0.13,0.13,193000
EE6.SI,20120108,0.13,0.13,0.13,0.13,925000
EE6.SI,20120105,0.13,0.13,0.13,0.13,177000
EE6.SI,20120104,0.13,0.13,0.13,0.13,221000
EE6.SI,20120103,0.13,0.13,0.13,0.13,976000
EE6.SI,20120102,0.13,0.13,0.13,0.13,000
EE6.SI,20120101,0.13,0.13,0.13,0.13,000
EE6.SI,20111229,0.12,0.13,0.12,0.13,506000
EE6.SI,20111228,0.12,0.12,0.12,0.12,495000
EE6.SI,20111227,0.12,0.12,0.12,0.12,327000
EE6.SI,20111226,0.12,0.12,0.12,0.12,000
EE6.SI,20111225,0.12,0.12,0.12,0.12,27000
EE6.SI,20111222,0.12,0.12,0.12,0.12,20000
EE6.SI,20111221,0.12,0.12,0.12,0.12,257000
EE6.SI,20111220,0.11,0.12,0.11,0.12,117000
EE6.SI,20111219,0.11,0.12,0.11,0.12,340000
EE6.SI,20111218,0.11,0.11,0.11,0.11,20000
EE6.SI,20111215,0.11,0.11,0.11,0.11,14000
EE6.SI,20111214,0.11,0.12,0.11,0.11,169000
EE6.SI,20111213,0.11,0.11,0.11,0.11,113000
EE6.SI,20111212,0.11,0.11,0.11,0.11,62000
EE6.SI,20111211,0.11,0.11,0.11,0.11,125000
EE6.SI,20111208,0.11,0.11,0.11,0.11,5000
EE6.SI,20111207,0.11,0.11,0.11,0.11,000
EE6.SI,20111206,0.11,0.12,0.11,0.11,423000
EE6.SI,20111205,0.11,0.11,0.11,0.11,000
EE6.SI,20111204,0.11,0.11,0.11,0.11,10000
EE6.SI,20111201,0.11,0.12,0.11,0.12,90000
EE6.SI,20111130,0.11,0.11,0.11,0.11,230000
EE6.SI,20111129,0.12,0.12,0.12,0.12,57000
EE6.SI,20111128,0.13,0.13,0.12,0.12,20000
EE6.SI,20111127,0.11,0.11,0.11,0.11,80000
EE6.SI,20111124,0.11,0.11,0.11,0.11,430000
EE6.SI,20111123,0.11,0.11,0.11,0.11,110000
EE6.SI,20111122,0.11,0.11,0.11,0.11,205000
EE6.SI,20111121,0.11,0.11,0.11,0.11,110000
EE6.SI,20111120,0.11,0.11,0.11,0.11,10000
EE6.SI,20111117,0.11,0.11,0.11,0.11,95000
EE6.SI,20111116,0.11,0.11,0.11,0.11,132000
EE6.SI,20111115,0.11,0.11,0.11,0.11,30000
EE6.SI,20111114,0.12,0.12,0.12,0.12,000
EE6.SI,20111113,0.12,0.12,0.12,0.12,000
EE6.SI,20111110,0.12,0.12,0.12,0.12,000
EE6.SI,20111109,0.12,0.12,0.12,0.12,000
EE6.SI,20111108,0.12,0.12,0.12,0.12,000
EE6.SI,20111107,0.12,0.12,0.12,0.12,65000
EE6.SI,20111106,0.11,0.12,0.11,0.11,23000
EE6.SI,20111103,0.12,0.12,0.12,0.12,000
EE6.SI,20111102,0.12,0.12,0.12,0.12,000
EE6.SI,20111101,0.12,0.12,0.12,0.12,000
EE6.SI,20111031,0.12,0.12,0.12,0.12,000
EE6.SI,20111030,0.12,0.12,0.12,0.12,22000
EE6.SI,20111027,0.12,0.12,0.12,0.12,000
EE6.SI,20111026,0.11,0.12,0.11,0.12,187000
EE6.SI,20111025,0.12,0.12,0.12,0.12,000
EE6.SI,20111024,0.12,0.12,0.12,0.12,110000
EE6.SI,20111023,0.12,0.12,0.12,0.12,120000
EE6.SI,20111020,0.12,0.12,0.12,0.12,5000
EE6.SI,20111019,0.12,0.12,0.12,0.12,218000
EE6.SI,20111018,0.12,0.12,0.12,0.12,320000
EE6.SI,20111017,0.12,0.12,0.12,0.12,000
EE6.SI,20111016,0.12,0.12,0.12,0.12,150000
EE6.SI,20111013,0.12,0.12,0.12,0.12,000
EE6.SI,20111012,0.12,0.12,0.12,0.12,500000
EE6.SI,20111011,0.12,0.12,0.12,0.12,102000
EE6.SI,20111010,0.12,0.12,0.12,0.12,65000
EE6.SI,20111009,0.12,0.12,0.12,0.12,000
EE6.SI,20111006,0.11,0.12,0.11,0.12,12000
EE6.SI,20111005,0.11,0.11,0.11,0.11,20000
EE6.SI,20111004,0.12,0.12,0.12,0.12,000
EE6.SI,20111003,0.12,0.12,0.12,0.12,31000
EE6.SI,20111002,0.12,0.12,0.12,0.12,000
EE6.SI,20110929,0.12,0.12,0.12,0.12,000
EE6.SI,20110928,0.12,0.12,0.12,0.12,212000
EE6.SI,20110927,0.12,0.12,0.12,0.12,3000
EE6.SI,20110926,0.12,0.12,0.12,0.12,000
EE6.SI,20110925,0.12,0.12,0.12,0.12,000
EE6.SI,20110922,0.12,0.12,0.12,0.12,105000
EE6.SI,20110921,0.12,0.12,0.12,0.12,325000
EE6.SI,20110920,0.12,0.12,0.12,0.12,30000
EE6.SI,20110919,0.12,0.12,0.12,0.12,36000
EE6.SI,20110918,0.12,0.12,0.12,0.12,130000
EE6.SI,20110915,0.12,0.12,0.12,0.12,23000
EE6.SI,20110914,0.12,0.12,0.12,0.12,22000
EE6.SI,20110913,0.11,0.11,0.11,0.11,25000
EE6.SI,20110912,0.11,0.11,0.11,0.11,15000
EE6.SI,20110911,0.11,0.11,0.11,0.11,70000
EE6.SI,20110908,0.12,0.12,0.12,0.12,000
EE6.SI,20110907,0.12,0.12,0.11,0.12,456000
EE6.SI,20110906,0.11,0.11,0.11,0.11,75000
EE6.SI,20110905,0.11,0.12,0.11,0.12,65000
EE6.SI,20110904,0.12,0.12,0.12,0.12,110000
EE6.SI,20110901,0.11,0.12,0.11,0.12,167000
EE6.SI,20110831,0.12,0.12,0.12,0.12,346000
EE6.SI,20110830,0.11,0.12,0.11,0.12,167000
EE6.SI,20110829,0.11,0.12,0.11,0.12,79000
EE6.SI,20110828,0.12,0.12,0.12,0.12,000
EE6.SI,20110825,0.12,0.12,0.12,0.12,58000
EE6.SI,20110824,0.12,0.12,0.11,0.11,75000
EE6.SI,20110823,0.12,0.12,0.12,0.12,78000
EE6.SI,20110822,0.12,0.12,0.12,0.12,137000
EE6.SI,20110821,0.12,0.12,0.12,0.12,000
EE6.SI,20110818,0.12,0.12,0.12,0.12,5000
EE6.SI,20110817,0.12,0.12,0.12,0.12,51000
EE6.SI,20110816,0.12,0.12,0.12,0.12,205000
EE6.SI,20110815,0.12,0.12,0.12,0.12,79000
EE6.SI,20110814,0.12,0.12,0.12,0.12,7000
EE6.SI,20110811,0.12,0.12,0.12,0.12,120000
EE6.SI,20110810,0.12,0.12,0.12,0.12,000
EE6.SI,20110809,0.12,0.12,0.12,0.12,135000
EE6.SI,20110808,0.12,0.12,0.12,0.12,240000
EE6.SI,20110807,0.12,0.12,0.12,0.12,60000
EE6.SI,20110804,0.12,0.12,0.12,0.12,51000
EE6.SI,20110803,0.12,0.12,0.12,0.12,90000
EE6.SI,20110802,0.12,0.13,0.12,0.13,247000
EE6.SI,20110801,0.12,0.12,0.12,0.12,11000
EE6.SI,20110731,0.12,0.12,0.12,0.12,161000
EE6.SI,20110728,0.12,0.12,0.12,0.12,000
EE6.SI,20110727,0.12,0.12,0.12,0.12,309000
EE6.SI,20110726,0.12,0.12,0.12,0.12,150000
EE6.SI,20110725,0.12,0.12,0.12,0.12,150000
EE6.SI,20110724,0.13,0.13,0.13,0.13,000
EE6.SI,20110721,0.13,0.13,0.13,0.13,000
EE6.SI,20110720,0.13,0.13,0.13,0.13,139000
EE6.SI,20110719,0.13,0.13,0.13,0.13,000
EE6.SI,20110718,0.12,0.13,0.12,0.13,70000
EE6.SI,20110717,0.13,0.13,0.13,0.13,000
EE6.SI,20110714,0.13,0.13,0.13,0.13,87000
EE6.SI,20110713,0.13,0.13,0.13,0.13,000
EE6.SI,20110712,0.12,0.14,0.12,0.13,186000
EE6.SI,20110711,0.12,0.12,0.12,0.12,50000
EE6.SI,20110710,0.13,0.13,0.13,0.13,000
EE6.SI,20110707,0.13,0.13,0.13,0.13,161000
EE6.SI,20110706,0.13,0.13,0.13,0.13,189000
EE6.SI,20110705,0.13,0.13,0.13,0.13,150000
EE6.SI,20110704,0.13,0.13,0.13,0.13,436000
EE6.SI,20110703,0.12,0.13,0.12,0.13,172000
EE6.SI,20110630,0.12,0.12,0.12,0.12,2000
EE6.SI,20110629,0.12,0.12,0.12,0.12,27000
EE6.SI,20110628,0.12,0.12,0.12,0.12,270000
EE6.SI,20110627,0.12,0.12,0.12,0.12,40000
EE6.SI,20110626,0.12,0.12,0.12,0.12,000
EE6.SI,20110623,0.12,0.12,0.12,0.12,29000
EE6.SI,20110622,0.12,0.12,0.12,0.12,102000
EE6.SI,20110621,0.12,0.12,0.12,0.12,101000
EE6.SI,20110620,0.12,0.12,0.12,0.12,101000
EE6.SI,20110619,0.12,0.12,0.12,0.12,26000
EE6.SI,20110616,0.12,0.12,0.12,0.12,134000
EE6.SI,20110615,0.12,0.12,0.12,0.12,58000
EE6.SI,20110614,0.12,0.12,0.12,0.12,42000
EE6.SI,20110613,0.12,0.12,0.12,0.12,000
EE6.SI,20110612,0.13,0.13,0.12,0.12,230000
EE6.SI,20110609,0.12,0.12,0.12,0.12,4000
EE6.SI,20110608,0.12,0.13,0.12,0.12,58000
EE6.SI,20110607,0.12,0.12,0.12,0.12,2000
EE6.SI,20110606,0.12,0.12,0.12,0.12,000
EE6.SI,20110605,0.12,0.12,0.12,0.12,57000
EE6.SI,20110602,0.12,0.12,0.12,0.12,1079000
EE6.SI,20110601,0.12,0.12,0.12,0.12,397000
EE6.SI,20110531,0.13,0.13,0.13,0.13,66000
EE6.SI,20110530,0.13,0.13,0.13,0.13,000
EE6.SI,20110529,0.13,0.13,0.12,0.13,521000
EE6.SI,20110526,0.13,0.13,0.13,0.13,5000
EE6.SI,20110525,0.13,0.13,0.13,0.13,000
EE6.SI,20110524,0.13,0.13,0.13,0.13,51000
EE6.SI,20110523,0.13,0.13,0.13,0.13,25000
EE6.SI,20110522,0.13,0.13,0.13,0.13,631000
EE6.SI,20110519,0.12,0.13,0.12,0.13,881000
EE6.SI,20110518,0.13,0.13,0.12,0.12,212000
EE6.SI,20110517,0.13,0.14,0.12,0.14,456000
EE6.SI,20110516,0.13,0.14,0.13,0.13,583000
EE6.SI,20110515,0.14,0.14,0.14,0.14,838000
EE6.SI,20110512,0.14,0.15,0.14,0.15,1081000
EE6.SI,20110511,0.15,0.15,0.14,0.14,202000
EE6.SI,20110510,0.15,0.15,0.15,0.15,753000
EE6.SI,20110509,0.15,0.15,0.14,0.15,750000
EE6.SI,20110508,0.15,0.16,0.14,0.15,2027000
EE6.SI,20110505,0.15,0.15,0.14,0.15,569000
EE6.SI,20110504,0.15,0.15,0.15,0.15,72000
EE6.SI,20110503,0.15,0.15,0.15,0.15,168000
EE6.SI,20110502,0.15,0.15,0.15,0.15,000
EE6.SI,20110501,0.14,0.15,0.14,0.15,387000
EE6.SI,20110428,0.15,0.16,0.15,0.15,1775000
EE6.SI,20110427,0.15,0.15,0.15,0.15,317000
EE6.SI,20110426,0.14,0.15,0.14,0.15,207000
EE6.SI,20110425,0.15,0.15,0.15,0.15,84000
EE6.SI,20110424,0.15,0.15,0.15,0.15,325000
EE6.SI,20110421,0.15,0.15,0.15,0.15,1264000
EE6.SI,20110420,0.15,0.15,0.15,0.15,232000
EE6.SI,20110419,0.15,0.15,0.15,0.15,000
EE6.SI,20110418,0.14,0.15,0.14,0.15,300000
EE6.SI,20110417,0.15,0.15,0.15,0.15,25000
EE6.SI,20110414,0.14,0.15,0.14,0.15,1594000
EE6.SI,20110413,0.14,0.14,0.14,0.14,103000
EE6.SI,20110412,0.14,0.14,0.14,0.14,176000
EE6.SI,20110411,0.14,0.14,0.14,0.14,52000
EE6.SI,20110410,0.14,0.15,0.14,0.15,111000
EE6.SI,20110407,0.15,0.15,0.15,0.15,000
EE6.SI,20110406,0.15,0.15,0.15,0.15,000
EE6.SI,20110405,0.15,0.15,0.15,0.15,8000
EE6.SI,20110404,0.14,0.15,0.14,0.15,95000
EE6.SI,20110403,0.14,0.15,0.14,0.14,662000
EE6.SI,20110331,0.15,0.15,0.15,0.15,000
EE6.SI,20110330,0.15,0.15,0.15,0.15,000
EE6.SI,20110329,0.15,0.15,0.15,0.15,95000
EE6.SI,20110328,0.14,0.15,0.14,0.15,478000
EE6.SI,20110327,0.14,0.14,0.14,0.14,340000
EE6.SI,20110324,0.14,0.14,0.14,0.14,20000
EE6.SI,20110323,0.14,0.14,0.14,0.14,50000
EE6.SI,20110322,0.14,0.14,0.14,0.14,20000
EE6.SI,20110321,0.14,0.15,0.14,0.14,39000
EE6.SI,20110320,0.15,0.15,0.15,0.15,204000
EE6.SI,20110317,0.15,0.15,0.15,0.15,60000
EE6.SI,20110316,0.14,0.14,0.14,0.14,20000
EE6.SI,20110315,0.14,0.14,0.14,0.14,252000
EE6.SI,20110314,0.14,0.14,0.14,0.14,20000
EE6.SI,20110313,0.14,0.14,0.14,0.14,90000
EE6.SI,20110310,0.15,0.15,0.15,0.15,135000
EE6.SI,20110309,0.14,0.14,0.14,0.14,246000
EE6.SI,20110308,0.14,0.14,0.14,0.14,341000
EE6.SI,20110307,0.14,0.14,0.14,0.14,266000
EE6.SI,20110306,0.14,0.14,0.14,0.14,255000
EE6.SI,20110303,0.14,0.14,0.14,0.14,271000
EE6.SI,20110302,0.14,0.14,0.14,0.14,140000
EE6.SI,20110301,0.14,0.14,0.14,0.14,331000
EE6.SI,20110228,0.15,0.15,0.14,0.14,432000
EE6.SI,20110227,0.15,0.15,0.14,0.14,250000
EE6.SI,20110224,0.15,0.16,0.15,0.16,57000
EE6.SI,20110223,0.16,0.16,0.15,0.15,595000
EE6.SI,20110222,0.17,0.17,0.17,0.17,299000
EE6.SI,20110221,0.17,0.17,0.17,0.17,574000
EE6.SI,20110220,0.17,0.18,0.17,0.17,556000
EE6.SI,20110217,0.18,0.18,0.18,0.18,275000
EE6.SI,20110216,0.18,0.18,0.17,0.17,80000
EE6.SI,20110215,0.18,0.18,0.18,0.18,1309000
EE6.SI,20110214,0.19,0.19,0.18,0.18,1526000
EE6.SI,20110213,0.18,0.18,0.18,0.18,342000
EE6.SI,20110210,0.18,0.18,0.18,0.18,500000
EE6.SI,20110209,0.18,0.18,0.17,0.18,2614000
EE6.SI,20110208,0.17,0.18,0.17,0.17,2202000
EE6.SI,20110207,0.17,0.17,0.17,0.17,1361000
EE6.SI,20110206,0.16,0.17,0.16,0.17,2107000
EE6.SI,20110203,0.14,0.15,0.14,0.15,89000
EE6.SI,20110202,0.14,0.15,0.14,0.14,1261000
EE6.SI,20110201,0.14,0.14,0.14,0.14,783000
EE6.SI,20110131,0.13,0.13,0.13,0.13,100000
EE6.SI,20110130,0.13,0.13,0.13,0.13,113000
EE6.SI,20110127,0.13,0.13,0.13,0.13,100000
EE6.SI,20110126,0.13,0.13,0.13,0.13,106000
EE6.SI,20110125,0.13,0.13,0.13,0.13,210000
EE6.SI,20110124,0.13,0.13,0.13,0.13,000
EE6.SI,20110123,0.13,0.13,0.13,0.13,000
EE6.SI,20110120,0.13,0.13,0.13,0.13,790000
EE6.SI,20110119,0.12,0.13,0.12,0.13,883000
EE6.SI,20110118,0.12,0.12,0.12,0.12,000
EE6.SI,20110117,0.12,0.12,0.12,0.12,179000
EE6.SI,20110116,0.13,0.13,0.13,0.13,40000
EE6.SI,20110113,0.12,0.13,0.12,0.13,342000
EE6.SI,20110112,0.12,0.12,0.12,0.12,171000
EE6.SI,20110111,0.12,0.12,0.12,0.12,108000
EE6.SI,20110110,0.12,0.12,0.12,0.12,60000
EE6.SI,20110109,0.12,0.12,0.12,0.12,53000
EE6.SI,20110106,0.12,0.12,0.12,0.12,53000
EE6.SI,20110105,0.11,0.12,0.11,0.12,101000
EE6.SI,20110104,0.11,0.12,0.11,0.11,256000
EE6.SI,20110103,0.12,0.12,0.12,0.12,60000
EE6.SI,20110102,0.12,0.12,0.12,0.12,000
EE6.SI,20101230,0.12,0.12,0.12,0.12,000
EE6.SI,20101229,0.12,0.12,0.12,0.12,10000
EE6.SI,20101228,0.12,0.12,0.11,0.11,231000
EE6.SI,20101227,0.12,0.12,0.12,0.12,000
EE6.SI,20101226,0.12,0.12,0.12,0.12,000
EE6.SI,20101223,0.12,0.12,0.12,0.12,152000
EE6.SI,20101222,0.12,0.12,0.12,0.12,000
EE6.SI,20101221,0.11,0.12,0.11,0.12,92000
EE6.SI,20101220,0.12,0.12,0.12,0.12,50000
EE6.SI,20101219,0.12,0.12,0.12,0.12,000
EE6.SI,20101216,0.11,0.12,0.11,0.12,200000
EE6.SI,20101215,0.12,0.12,0.11,0.11,69000
EE6.SI,20101214,0.12,0.12,0.12,0.12,307000
EE6.SI,20101213,0.12,0.12,0.12,0.12,000
EE6.SI,20101212,0.12,0.12,0.12,0.12,000
EE6.SI,20101209,0.12,0.12,0.12,0.12,230000
EE6.SI,20101208,0.12,0.12,0.12,0.12,000
EE6.SI,20101207,0.12,0.12,0.12,0.12,25000
EE6.SI,20101206,0.12,0.12,0.12,0.12,70000
EE6.SI,20101205,0.11,0.12,0.11,0.12,138000
EE6.SI,20101202,0.12,0.12,0.11,0.11,192000
EE6.SI,20101201,0.12,0.12,0.12,0.12,347000
EE6.SI,20101130,0.12,0.12,0.12,0.12,000
EE6.SI,20101129,0.12,0.12,0.12,0.12,110000
EE6.SI,20101128,0.12,0.12,0.12,0.12,150000
EE6.SI,20101125,0.12,0.12,0.12,0.12,000
EE6.SI,20101124,0.12,0.12,0.12,0.12,10000
EE6.SI,20101123,0.12,0.12,0.12,0.12,189000
EE6.SI,20101122,0.12,0.12,0.12,0.12,150000
EE6.SI,20101121,0.13,0.13,0.12,0.12,173000
EE6.SI,20101118,0.12,0.12,0.12,0.12,000
EE6.SI,20101117,0.12,0.12,0.12,0.12,75000
EE6.SI,20101116,0.13,0.13,0.12,0.12,141000
EE6.SI,20101115,0.13,0.13,0.13,0.13,84000
EE6.SI,20101114,0.13,0.13,0.13,0.13,198000
EE6.SI,20101111,0.12,0.12,0.12,0.12,10000
EE6.SI,20101110,0.13,0.13,0.13,0.13,45000
EE6.SI,20101109,0.14,0.14,0.14,0.14,40000
EE6.SI,20101104,0.15,0.15,0.13,0.14,145000
EE6.SI,20101103,0.14,0.14,0.14,0.14,40000
EE6.SI,20101031,0.14,0.14,0.14,0.14,10000
EE6.SI,20101028,0.14,0.14,0.14,0.14,483000
EE6.SI,20101027,0.14,0.14,0.14,0.14,553000
EE6.SI,20101025,0.14,0.14,0.14,0.14,100000
EE6.SI,20101024,0.14,0.14,0.14,0.14,96000
EE6.SI,20101019,0.13,0.14,0.13,0.14,7000
EE6.SI,20101018,0.14,0.14,0.13,0.13,81000
EE6.SI,20101017,0.14,0.14,0.14,0.14,219000
EE6.SI,20101014,0.13,0.13,0.13,0.13,230000
EE6.SI,20101013,0.13,0.14,0.13,0.13,939000
EE6.SI,20101012,0.12,0.13,0.12,0.13,404000
EE6.SI,20101011,0.12,0.12,0.12,0.12,222000
EE6.SI,20101010,0.12,0.12,0.12,0.12,14000
EE6.SI,20101007,0.12,0.12,0.12,0.12,479000
EE6.SI,20101006,0.12,0.12,0.12,0.12,26000
EE6.SI,20101005,0.12,0.12,0.12,0.12,340000
EE6.SI,20101004,0.12,0.12,0.12,0.12,375000
EE6.SI,20101003,0.12,0.12,0.12,0.12,170000
EE6.SI,20100930,0.12,0.12,0.12,0.12,487000
EE6.SI,20100929,0.12,0.12,0.12,0.12,390000
EE6.SI,20100928,0.12,0.12,0.12,0.12,120000
EE6.SI,20100927,0.13,0.13,0.12,0.12,362000
EE6.SI,20100926,0.13,0.13,0.13,0.13,401000
EE6.SI,20100923,0.13,0.13,0.13,0.13,493000
EE6.SI,20100922,0.14,0.14,0.14,0.14,167000
EE6.SI,20100921,0.14,0.14,0.14,0.14,100000
EE6.SI,20100919,0.14,0.14,0.14,0.14,73000
EE6.SI,20100916,0.14,0.14,0.14,0.14,128000
EE6.SI,20100915,0.14,0.14,0.14,0.14,130000
EE6.SI,20100914,0.14,0.14,0.14,0.14,227000
EE6.SI,20100913,0.14,0.14,0.14,0.14,90000
EE6.SI,20100912,0.14,0.14,0.14,0.14,30000
EE6.SI,20100909,0.14,0.14,0.14,0.14,66000
EE6.SI,20100908,0.14,0.14,0.14,0.14,275000
EE6.SI,20100907,0.14,0.14,0.14,0.14,78000
EE6.SI,20100906,0.14,0.14,0.14,0.14,63000
EE6.SI,20100905,0.14,0.14,0.14,0.14,117000
EE6.SI,20100901,0.14,0.15,0.14,0.15,1025000
EE6.SI,20100831,0.14,0.14,0.14,0.14,520000
EE6.SI,20100829,0.13,0.14,0.13,0.14,715000
EE6.SI,20100826,0.14,0.14,0.13,0.14,270000
EE6.SI,20100825,0.14,0.14,0.13,0.14,248000
EE6.SI,20100824,0.14,0.14,0.13,0.13,133000
EE6.SI,20100823,0.14,0.14,0.13,0.14,548000
EE6.SI,20100822,0.14,0.14,0.13,0.14,452000
EE6.SI,20100819,0.14,0.14,0.14,0.14,575000
EE6.SI,20100818,0.16,0.16,0.15,0.15,446000
EE6.SI,20100817,0.15,0.16,0.15,0.16,125000
EE6.SI,20100816,0.16,0.16,0.15,0.15,300000
EE6.SI,20100815,0.16,0.16,0.15,0.15,319000
EE6.SI,20100812,0.16,0.16,0.15,0.15,705000
EE6.SI,20100811,0.15,0.16,0.15,0.16,663000
EE6.SI,20100810,0.17,0.17,0.16,0.16,716000
EE6.SI,20100808,0.17,0.17,0.16,0.17,1119000
EE6.SI,20100805,0.19,0.19,0.18,0.18,936000
EE6.SI,20100804,0.20,0.20,0.19,0.19,305000
EE6.SI,20100803,0.19,0.19,0.19,0.19,249000
EE6.SI,20100802,0.20,0.20,0.20,0.20,258000
EE6.SI,20100801,0.20,0.20,0.20,0.20,283000
EE6.SI,20100729,0.20,0.21,0.20,0.20,1122000
EE6.SI,20100728,0.20,0.20,0.20,0.20,1122000
EE6.SI,20100727,0.21,0.21,0.21,0.21,348000
EE6.SI,20100726,0.21,0.22,0.21,0.21,727000
EE6.SI,20100725,0.21,0.21,0.20,0.21,235000
EE6.SI,20100722,0.22,0.22,0.21,0.21,292000
EE6.SI,20100721,0.22,0.23,0.22,0.22,10051000
EE6.SI,20100720,0.20,0.21,0.19,0.21,2490000
EE6.SI,20100719,0.20,0.20,0.19,0.19,250000
EE6.SI,20100718,0.20,0.20,0.19,0.19,480000
EE6.SI,20100715,0.20,0.20,0.20,0.20,545000
EE6.SI,20100714,0.21,0.22,0.20,0.21,2826000
EE6.SI,20100713,0.20,0.21,0.20,0.21,548000
EE6.SI,20100712,0.20,0.20,0.20,0.20,258000
EE6.SI,20100711,0.21,0.21,0.20,0.20,493000
EE6.SI,20100708,0.20,0.22,0.20,0.21,2738000
EE6.SI,20100707,0.20,0.20,0.20,0.20,250000
EE6.SI,20100706,0.20,0.20,0.20,0.20,695000
EE6.SI,20100705,0.20,0.20,0.20,0.20,469000
EE6.SI,20100704,0.20,0.20,0.20,0.20,30000
EE6.SI,20100701,0.20,0.21,0.20,0.20,499000
EE6.SI,20100630,0.21,0.21,0.20,0.20,1773000
EE6.SI,20100629,0.19,0.20,0.19,0.20,2120000
EE6.SI,20100628,0.19,0.19,0.19,0.19,75000
EE6.SI,20100627,0.19,0.19,0.19,0.19,155000
EE6.SI,20100624,0.19,0.19,0.19,0.19,340000
EE6.SI,20100623,0.19,0.19,0.19,0.19,134000
EE6.SI,20100622,0.19,0.19,0.19,0.19,74000
EE6.SI,20100621,0.18,0.19,0.18,0.19,401000
EE6.SI,20100620,0.19,0.19,0.18,0.19,387000
EE6.SI,20100617,0.19,0.19,0.19,0.19,115000
EE6.SI,20100616,0.19,0.19,0.19,0.19,173000
EE6.SI,20100615,0.19,0.19,0.19,0.19,104000
EE6.SI,20100614,0.19,0.19,0.19,0.19,70000
EE6.SI,20100613,0.19,0.19,0.19,0.19,345000
EE6.SI,20100610,0.20,0.20,0.20,0.20,40000
EE6.SI,20100609,0.20,0.20,0.20,0.20,84000
EE6.SI,20100608,0.20,0.20,0.20,0.20,80000
EE6.SI,20100607,0.21,0.21,0.20,0.20,429000
EE6.SI,20100606,0.20,0.20,0.20,0.20,70000
EE6.SI,20100603,0.20,0.20,0.20,0.20,300000
EE6.SI,20100602,0.20,0.20,0.20,0.20,840000
EE6.SI,20100601,0.21,0.21,0.20,0.20,969000
EE6.SI,20100531,0.21,0.21,0.21,0.21,53000
EE6.SI,20100530,0.21,0.21,0.21,0.21,5000
EE6.SI,20100527,0.22,0.22,0.21,0.21,161000
EE6.SI,20100526,0.21,0.21,0.21,0.21,50000
EE6.SI,20100525,0.21,0.21,0.21,0.21,156000
EE6.SI,20100523,0.22,0.22,0.22,0.22,278000
EE6.SI,20100520,0.22,0.22,0.22,0.22,53000
EE6.SI,20100519,0.22,0.22,0.22,0.22,30000
EE6.SI,20100518,0.22,0.22,0.22,0.22,254000
EE6.SI,20100516,0.22,0.22,0.22,0.22,57000
EE6.SI,20100513,0.22,0.22,0.22,0.22,420000
EE6.SI,20100512,0.22,0.22,0.22,0.22,210000
EE6.SI,20100511,0.22,0.22,0.22,0.22,65000
EE6.SI,20100510,0.22,0.22,0.22,0.22,315000
EE6.SI,20100509,0.22,0.22,0.22,0.22,72000
EE6.SI,20100505,0.22,0.22,0.22,0.22,115000
EE6.SI,20100504,0.22,0.22,0.22,0.22,265000
EE6.SI,20100503,0.22,0.22,0.22,0.22,242000
EE6.SI,20100429,0.22,0.22,0.22,0.22,80000
EE6.SI,20100428,0.22,0.22,0.22,0.22,178000
EE6.SI,20100427,0.22,0.22,0.22,0.22,79000
EE6.SI,20100426,0.23,0.23,0.23,0.23,145000
EE6.SI,20100425,0.23,0.23,0.22,0.22,118000
EE6.SI,20100421,0.23,0.23,0.23,0.23,259000
EE6.SI,20100420,0.22,0.23,0.22,0.23,235000
EE6.SI,20100419,0.22,0.22,0.22,0.22,215000
EE6.SI,20100418,0.22,0.23,0.22,0.22,297000
EE6.SI,20100415,0.23,0.23,0.23,0.23,190000
EE6.SI,20100414,0.23,0.23,0.23,0.23,482000
EE6.SI,20100413,0.23,0.23,0.23,0.23,87000
EE6.SI,20100412,0.23,0.23,0.23,0.23,204000
EE6.SI,20100411,0.24,0.24,0.23,0.23,407000
EE6.SI,20100408,0.24,0.24,0.23,0.23,502000
EE6.SI,20100407,0.23,0.25,0.23,0.24,2677000
EE6.SI,20100406,0.22,0.23,0.22,0.23,147000
EE6.SI,20100405,0.22,0.22,0.22,0.22,1100000
EE6.SI,20100404,0.23,0.23,0.22,0.23,1494000
EE6.SI,20100401,0.23,0.23,0.21,0.22,1474000
EE6.SI,20100331,0.23,0.23,0.23,0.23,320000
EE6.SI,20100330,0.23,0.23,0.23,0.23,361000
EE6.SI,20100329,0.23,0.23,0.23,0.23,476000
EE6.SI,20100328,0.23,0.23,0.23,0.23,528000
EE6.SI,20100325,0.23,0.23,0.23,0.23,793000
EE6.SI,20100324,0.23,0.23,0.22,0.22,742000
EE6.SI,20100323,0.21,0.24,0.21,0.23,8900000
EE6.SI,20100322,0.21,0.22,0.21,0.22,261000
EE6.SI,20100321,0.20,0.21,0.20,0.20,180000
EE6.SI,20100318,0.22,0.22,0.20,0.20,1705000
EE6.SI,20100317,0.21,0.21,0.20,0.20,567000
EE6.SI,20100316,0.20,0.22,0.20,0.21,113000
EE6.SI,20100315,0.22,0.22,0.20,0.20,1192000
EE6.SI,20100314,0.22,0.22,0.22,0.22,334000
EE6.SI,20100311,0.23,0.23,0.22,0.23,581000
EE6.SI,20100310,0.23,0.23,0.22,0.23,327000
EE6.SI,20100309,0.23,0.23,0.23,0.23,229000
EE6.SI,20100308,0.22,0.23,0.22,0.23,68000
EE6.SI,20100307,0.23,0.23,0.23,0.23,273000
EE6.SI,20100304,0.23,0.23,0.23,0.23,304000
EE6.SI,20100303,0.23,0.23,0.23,0.23,506000
EE6.SI,20100302,0.24,0.24,0.23,0.23,1241000
EE6.SI,20100301,0.25,0.25,0.24,0.24,497000
EE6.SI,20100228,0.24,0.24,0.23,0.24,509000
EE6.SI,20100225,0.24,0.25,0.23,0.24,656000
EE6.SI,20100224,0.25,0.25,0.25,0.25,929000
EE6.SI,20100223,0.25,0.25,0.24,0.25,623000
EE6.SI,20100222,0.25,0.25,0.25,0.25,986000
EE6.SI,20100221,0.25,0.26,0.25,0.25,513000
EE6.SI,20100218,0.25,0.26,0.25,0.26,923000
EE6.SI,20100217,0.26,0.26,0.25,0.25,682000
EE6.SI,20100216,0.26,0.26,0.26,0.26,95000
EE6.SI,20100215,0.26,0.26,0.25,0.26,417000
EE6.SI,20100214,0.26,0.26,0.25,0.26,579000
EE6.SI,20100211,0.25,0.25,0.25,0.25,367000
EE6.SI,20100210,0.26,0.26,0.25,0.25,399000
EE6.SI,20100209,0.26,0.26,0.25,0.25,54000
EE6.SI,20100208,0.26,0.26,0.26,0.26,114000
EE6.SI,20100207,0.26,0.26,0.26,0.26,185000
EE6.SI,20100202,0.26,0.26,0.26,0.26,148000
EE6.SI,20100201,0.26,0.26,0.26,0.26,135000
EE6.SI,20100131,0.26,0.26,0.26,0.26,325000
EE6.SI,20100128,0.26,0.26,0.26,0.26,135000
EE6.SI,20100127,0.26,0.26,0.26,0.26,65000
EE6.SI,20100126,0.26,0.26,0.26,0.26,340000
EE6.SI,20100125,0.26,0.26,0.26,0.26,133000
EE6.SI,20100124,0.26,0.26,0.26,0.26,377000
EE6.SI,20100121,0.26,0.27,0.26,0.27,378000
EE6.SI,20100120,0.27,0.27,0.26,0.26,522000
EE6.SI,20100119,0.27,0.27,0.27,0.27,214000
EE6.SI,20100118,0.27,0.27,0.27,0.27,379000
EE6.SI,20100117,0.27,0.27,0.27,0.27,486000
EE6.SI,20100114,0.26,0.27,0.26,0.26,1083000
EE6.SI,20100113,0.27,0.27,0.26,0.26,1930000
EE6.SI,20100112,0.27,0.27,0.27,0.27,100000
EE6.SI,20100111,0.27,0.28,0.27,0.27,349000
EE6.SI,20100110,0.28,0.28,0.27,0.27,603000
EE6.SI,20100107,0.28,0.28,0.28,0.28,855000
EE6.SI,20100106,0.27,0.28,0.27,0.28,6302000
EE6.SI,20100105,0.28,0.28,0.27,0.27,348000
EE6.SI,20100104,0.28,0.28,0.27,0.28,580000
EE6.SI,20100103,0.27,0.28,0.27,0.28,976000
