5IF.SI,20120605,0.18,0.18,0.18,0.18,25000
5IF.SI,20120604,0.19,0.19,0.19,0.19,000
5IF.SI,20120603,0.19,0.19,0.19,0.19,000
5IF.SI,20120531,0.19,0.19,0.19,0.19,000
5IF.SI,20120530,0.19,0.19,0.19,0.19,000
5IF.SI,20120529,0.19,0.19,0.19,0.19,000
5IF.SI,20120528,0.19,0.19,0.19,0.19,40000
5IF.SI,20120527,0.18,0.18,0.18,0.18,75000
5IF.SI,20120524,0.18,0.18,0.18,0.18,000
5IF.SI,20120523,0.18,0.18,0.18,0.18,100000
5IF.SI,20120522,0.19,0.19,0.19,0.19,000
5IF.SI,20120521,0.19,0.19,0.19,0.19,30000
5IF.SI,20120520,0.19,0.19,0.19,0.19,350000
5IF.SI,20120517,0.18,0.18,0.18,0.18,000
5IF.SI,20120516,0.18,0.18,0.18,0.18,000
5IF.SI,20120515,0.18,0.18,0.18,0.18,000
5IF.SI,20120514,0.18,0.18,0.18,0.18,000
5IF.SI,20120513,0.18,0.18,0.18,0.18,000
5IF.SI,20120510,0.18,0.18,0.18,0.18,160000
5IF.SI,20120509,0.18,0.18,0.18,0.18,127000
5IF.SI,20120508,0.17,0.17,0.17,0.17,20000
5IF.SI,20120507,0.17,0.17,0.17,0.17,71000
5IF.SI,20120506,0.18,0.18,0.18,0.18,000
5IF.SI,20120503,0.18,0.18,0.18,0.18,000
5IF.SI,20120502,0.18,0.18,0.18,0.18,000
5IF.SI,20120501,0.18,0.18,0.18,0.18,000
5IF.SI,20120430,0.17,0.18,0.17,0.18,111000
5IF.SI,20120429,0.18,0.18,0.18,0.18,100000
5IF.SI,20120426,0.18,0.18,0.18,0.18,000
5IF.SI,20120425,0.18,0.18,0.18,0.18,70000
5IF.SI,20120424,0.19,0.19,0.19,0.19,40000
5IF.SI,20120423,0.18,0.18,0.18,0.18,000
5IF.SI,20120422,0.20,0.20,0.18,0.18,110000
5IF.SI,20120419,0.18,0.18,0.18,0.18,30000
5IF.SI,20120418,0.18,0.18,0.18,0.18,100000
5IF.SI,20120417,0.18,0.18,0.18,0.18,159000
5IF.SI,20120416,0.18,0.18,0.18,0.18,000
5IF.SI,20120415,0.18,0.18,0.18,0.18,5000
5IF.SI,20120412,0.19,0.19,0.18,0.18,180000
5IF.SI,20120411,0.19,0.19,0.19,0.19,000
5IF.SI,20120410,0.19,0.19,0.19,0.19,20000
5IF.SI,20120409,0.20,0.20,0.20,0.20,000
5IF.SI,20120408,0.20,0.20,0.20,0.20,10000
5IF.SI,20120405,0.19,0.19,0.19,0.19,100000
5IF.SI,20120404,0.19,0.19,0.18,0.18,130000
5IF.SI,20120403,0.19,0.20,0.19,0.19,345000
5IF.SI,20120402,0.19,0.19,0.19,0.19,000
5IF.SI,20120401,0.19,0.19,0.19,0.19,000
5IF.SI,20120329,0.19,0.19,0.19,0.19,000
5IF.SI,20120328,0.19,0.19,0.19,0.19,50000
5IF.SI,20120327,0.18,0.18,0.18,0.18,000
5IF.SI,20120326,0.18,0.18,0.18,0.18,124000
5IF.SI,20120325,0.19,0.19,0.19,0.19,105000
5IF.SI,20120322,0.19,0.19,0.19,0.19,000
5IF.SI,20120321,0.19,0.19,0.19,0.19,50000
5IF.SI,20120320,0.17,0.19,0.17,0.19,60000
5IF.SI,20120319,0.18,0.18,0.18,0.18,000
5IF.SI,20120318,0.18,0.18,0.18,0.18,90000
5IF.SI,20120315,0.19,0.19,0.19,0.19,90000
5IF.SI,20120314,0.19,0.19,0.19,0.19,260000
5IF.SI,20120313,0.19,0.19,0.19,0.19,220000
5IF.SI,20120312,0.18,0.19,0.18,0.19,100000
5IF.SI,20120311,0.19,0.19,0.19,0.19,240000
5IF.SI,20120308,0.19,0.19,0.19,0.19,150000
5IF.SI,20120307,0.19,0.19,0.19,0.19,100000
5IF.SI,20120306,0.20,0.20,0.19,0.20,235000
5IF.SI,20120305,0.20,0.20,0.20,0.20,225000
5IF.SI,20120304,0.20,0.20,0.20,0.20,114000
5IF.SI,20120301,0.20,0.20,0.20,0.20,872000
5IF.SI,20120229,0.20,0.20,0.20,0.20,35000
5IF.SI,20120228,0.20,0.20,0.20,0.20,660000
5IF.SI,20120227,0.20,0.20,0.20,0.20,442000
5IF.SI,20120226,0.20,0.21,0.20,0.20,1286000
5IF.SI,20120223,0.20,0.22,0.20,0.20,573000
5IF.SI,20120222,0.20,0.22,0.20,0.21,503000
5IF.SI,20120221,0.20,0.21,0.20,0.21,866000
5IF.SI,20120220,0.18,0.20,0.18,0.20,561000
5IF.SI,20120219,0.19,0.19,0.19,0.19,238000
5IF.SI,20120216,0.19,0.19,0.18,0.19,246000
5IF.SI,20120215,0.18,0.18,0.18,0.18,244000
5IF.SI,20120214,0.18,0.18,0.18,0.18,360000
5IF.SI,20120213,0.19,0.19,0.19,0.19,000
5IF.SI,20120212,0.19,0.19,0.19,0.19,000
5IF.SI,20120209,0.17,0.19,0.17,0.19,257000
5IF.SI,20120208,0.18,0.18,0.18,0.18,95000
5IF.SI,20120207,0.18,0.18,0.18,0.18,75000
5IF.SI,20120206,0.17,0.18,0.17,0.18,348000
5IF.SI,20120205,0.18,0.18,0.17,0.18,390000
5IF.SI,20120202,0.18,0.18,0.18,0.18,000
5IF.SI,20120201,0.18,0.18,0.18,0.18,106000
5IF.SI,20120131,0.18,0.18,0.18,0.18,60000
5IF.SI,20120130,0.18,0.18,0.18,0.18,200000
5IF.SI,20120129,0.18,0.19,0.18,0.19,310000
5IF.SI,20120126,0.17,0.18,0.17,0.18,424000
5IF.SI,20120125,0.17,0.18,0.17,0.17,2847000
5IF.SI,20120124,0.16,0.20,0.14,0.19,1553000
5IF.SI,20120123,0.14,0.14,0.14,0.14,000
5IF.SI,20120122,0.14,0.14,0.14,0.14,000
5IF.SI,20120119,0.14,0.14,0.14,0.14,160000
5IF.SI,20120118,0.13,0.14,0.13,0.14,414000
5IF.SI,20120117,0.13,0.14,0.13,0.14,265000
5IF.SI,20120116,0.14,0.14,0.14,0.14,000
5IF.SI,20120115,0.14,0.14,0.14,0.14,000
5IF.SI,20120112,0.14,0.14,0.14,0.14,000
5IF.SI,20120111,0.14,0.14,0.14,0.14,000
5IF.SI,20120110,0.13,0.14,0.13,0.14,123000
5IF.SI,20120109,0.13,0.13,0.13,0.13,000
5IF.SI,20120108,0.13,0.13,0.13,0.13,31000
5IF.SI,20120105,0.12,0.12,0.12,0.12,46000
5IF.SI,20120104,0.13,0.13,0.13,0.13,000
5IF.SI,20120103,0.13,0.13,0.13,0.13,100000
5IF.SI,20120102,0.14,0.14,0.14,0.14,000
5IF.SI,20120101,0.14,0.14,0.14,0.14,30000
5IF.SI,20111229,0.14,0.14,0.14,0.14,100000
5IF.SI,20111228,0.13,0.13,0.13,0.13,000
5IF.SI,20111227,0.13,0.13,0.13,0.13,000
5IF.SI,20111226,0.13,0.13,0.13,0.13,000
5IF.SI,20111225,0.13,0.13,0.13,0.13,000
5IF.SI,20111222,0.14,0.14,0.13,0.13,225000
5IF.SI,20111221,0.13,0.14,0.13,0.14,80000
5IF.SI,20111220,0.14,0.14,0.14,0.14,150000
5IF.SI,20111219,0.14,0.14,0.14,0.14,100000
5IF.SI,20111218,0.14,0.14,0.14,0.14,130000
5IF.SI,20111215,0.14,0.14,0.14,0.14,33000
5IF.SI,20111214,0.14,0.14,0.14,0.14,400000
5IF.SI,20111213,0.13,0.15,0.13,0.14,535000
5IF.SI,20111212,0.13,0.13,0.13,0.13,100000
5IF.SI,20111211,0.13,0.13,0.13,0.13,180000
5IF.SI,20111208,0.12,0.12,0.12,0.12,50000
5IF.SI,20111207,0.13,0.13,0.13,0.13,000
5IF.SI,20111206,0.13,0.13,0.13,0.13,15000
5IF.SI,20111205,0.13,0.13,0.13,0.13,107000
5IF.SI,20111204,0.13,0.13,0.13,0.13,33000
5IF.SI,20111201,0.14,0.14,0.14,0.14,000
5IF.SI,20111130,0.14,0.14,0.14,0.14,000
5IF.SI,20111129,0.14,0.14,0.14,0.14,000
5IF.SI,20111128,0.14,0.14,0.14,0.14,60000
5IF.SI,20111127,0.13,0.13,0.13,0.13,28000
5IF.SI,20111124,0.13,0.13,0.13,0.13,40000
5IF.SI,20111123,0.13,0.13,0.13,0.13,80000
5IF.SI,20111122,0.12,0.12,0.12,0.12,80000
5IF.SI,20111121,0.11,0.11,0.11,0.11,35000
5IF.SI,20111120,0.12,0.12,0.12,0.12,000
5IF.SI,20111117,0.12,0.12,0.12,0.12,000
5IF.SI,20111116,0.12,0.12,0.12,0.12,000
5IF.SI,20111115,0.12,0.12,0.12,0.12,000
5IF.SI,20111114,0.12,0.12,0.12,0.12,000
5IF.SI,20111113,0.12,0.12,0.12,0.12,55000
5IF.SI,20111110,0.12,0.12,0.12,0.12,000
5IF.SI,20111109,0.12,0.12,0.12,0.12,000
5IF.SI,20111108,0.12,0.12,0.12,0.12,10000
5IF.SI,20111107,0.12,0.12,0.12,0.12,25000
5IF.SI,20111106,0.12,0.12,0.12,0.12,70000
5IF.SI,20111103,0.12,0.12,0.12,0.12,000
5IF.SI,20111102,0.11,0.12,0.11,0.12,70000
5IF.SI,20111101,0.12,0.12,0.12,0.12,54000
5IF.SI,20111031,0.12,0.12,0.12,0.12,131000
5IF.SI,20111030,0.11,0.11,0.11,0.11,149000
5IF.SI,20111027,0.10,0.10,0.10,0.10,000
5IF.SI,20111026,0.11,0.11,0.10,0.10,483000
5IF.SI,20111025,0.12,0.12,0.12,0.12,000
5IF.SI,20111024,0.12,0.12,0.12,0.12,000
5IF.SI,20111023,0.13,0.13,0.12,0.12,13000
5IF.SI,20111020,0.12,0.12,0.12,0.12,10000
5IF.SI,20111019,0.14,0.14,0.14,0.14,50000
5IF.SI,20111018,0.13,0.13,0.13,0.13,50000
5IF.SI,20111017,0.14,0.14,0.14,0.14,100000
5IF.SI,20111016,0.14,0.14,0.14,0.14,142000
5IF.SI,20111013,0.14,0.14,0.14,0.14,94000
5IF.SI,20111012,0.14,0.14,0.13,0.14,901000
5IF.SI,20111011,0.12,0.12,0.12,0.12,000
5IF.SI,20111010,0.12,0.12,0.12,0.12,50000
5IF.SI,20111009,0.12,0.13,0.12,0.12,142000
5IF.SI,20111006,0.12,0.14,0.12,0.14,171000
5IF.SI,20111005,0.12,0.13,0.11,0.13,201000
5IF.SI,20111004,0.12,0.12,0.12,0.12,000
5IF.SI,20111003,0.12,0.12,0.12,0.12,55000
5IF.SI,20111002,0.12,0.12,0.12,0.12,20000
5IF.SI,20110929,0.12,0.12,0.12,0.12,408000
5IF.SI,20110928,0.12,0.12,0.12,0.12,000
5IF.SI,20110927,0.12,0.12,0.12,0.12,80000
5IF.SI,20110926,0.12,0.12,0.11,0.11,100000
5IF.SI,20110925,0.12,0.13,0.12,0.13,66000
5IF.SI,20110922,0.11,0.11,0.11,0.11,000
5IF.SI,20110921,0.11,0.11,0.11,0.11,000
5IF.SI,20110920,0.11,0.11,0.11,0.11,78000
5IF.SI,20110919,0.11,0.11,0.11,0.11,173000
5IF.SI,20110918,0.11,0.11,0.11,0.11,100000
5IF.SI,20110915,0.11,0.11,0.11,0.11,000
5IF.SI,20110914,0.11,0.11,0.11,0.11,000
5IF.SI,20110913,0.11,0.11,0.11,0.11,209000
5IF.SI,20110912,0.10,0.11,0.10,0.11,6108000
5IF.SI,20110911,0.10,0.11,0.10,0.10,144000
5IF.SI,20110908,0.09,0.10,0.09,0.10,142000
5IF.SI,20110907,0.11,0.11,0.11,0.11,000
5IF.SI,20110906,0.11,0.11,0.11,0.11,000
5IF.SI,20110905,0.11,0.11,0.11,0.11,000
5IF.SI,20110904,0.10,0.11,0.10,0.11,15000
5IF.SI,20110901,0.10,0.10,0.10,0.10,50000
5IF.SI,20110831,0.11,0.11,0.11,0.11,000
5IF.SI,20110830,0.11,0.11,0.11,0.11,40000
5IF.SI,20110829,0.11,0.11,0.11,0.11,000
5IF.SI,20110828,0.11,0.11,0.11,0.11,000
5IF.SI,20110825,0.10,0.11,0.10,0.11,90000
5IF.SI,20110824,0.10,0.10,0.10,0.10,99000
5IF.SI,20110823,0.10,0.10,0.10,0.10,000
5IF.SI,20110822,0.10,0.10,0.10,0.10,40000
5IF.SI,20110821,0.10,0.10,0.10,0.10,000
5IF.SI,20110818,0.10,0.10,0.10,0.10,130000
5IF.SI,20110817,0.10,0.10,0.10,0.10,131000
5IF.SI,20110816,0.11,0.11,0.10,0.10,55000
5IF.SI,20110815,0.09,0.11,0.09,0.11,123000
5IF.SI,20110814,0.11,0.11,0.11,0.11,000
5IF.SI,20110811,0.11,0.11,0.11,0.11,000
5IF.SI,20110810,0.11,0.11,0.11,0.11,000
5IF.SI,20110809,0.11,0.11,0.11,0.11,000
5IF.SI,20110808,0.10,0.11,0.10,0.11,361000
5IF.SI,20110807,0.11,0.11,0.11,0.11,000
5IF.SI,20110804,0.11,0.11,0.11,0.11,000
5IF.SI,20110803,0.11,0.11,0.11,0.11,20000
5IF.SI,20110802,0.11,0.11,0.11,0.11,000
5IF.SI,20110801,0.11,0.11,0.11,0.11,130000
5IF.SI,20110731,0.10,0.12,0.10,0.12,438000
5IF.SI,20110728,0.10,0.10,0.09,0.09,78000
5IF.SI,20110727,0.09,0.09,0.09,0.09,000
5IF.SI,20110726,0.09,0.09,0.09,0.09,51000
5IF.SI,20110725,0.09,0.09,0.09,0.09,000
5IF.SI,20110724,0.09,0.09,0.09,0.09,120000
5IF.SI,20110721,0.09,0.09,0.09,0.09,140000
5IF.SI,20110720,0.08,0.09,0.08,0.09,790000
5IF.SI,20110719,0.08,0.08,0.08,0.08,16000
5IF.SI,20110718,0.08,0.08,0.08,0.08,161000
5IF.SI,20110717,0.08,0.08,0.08,0.08,84000
5IF.SI,20110714,0.08,0.08,0.08,0.08,000
5IF.SI,20110713,0.08,0.08,0.08,0.08,000
5IF.SI,20110712,0.08,0.08,0.08,0.08,000
5IF.SI,20110711,0.08,0.08,0.08,0.08,000
5IF.SI,20110710,0.08,0.08,0.08,0.08,47000
5IF.SI,20110707,0.08,0.09,0.08,0.08,51000
5IF.SI,20110706,0.08,0.08,0.08,0.08,100000
5IF.SI,20110705,0.08,0.08,0.08,0.08,514000
5IF.SI,20110704,0.08,0.08,0.08,0.08,80000
5IF.SI,20110703,0.08,0.08,0.08,0.08,70000
5IF.SI,20110630,0.08,0.08,0.08,0.08,000
5IF.SI,20110629,0.08,0.08,0.08,0.08,165000
5IF.SI,20110628,0.08,0.08,0.08,0.08,85000
5IF.SI,20110627,0.08,0.08,0.08,0.08,30000
5IF.SI,20110626,0.08,0.08,0.08,0.08,120000
5IF.SI,20110623,0.08,0.08,0.08,0.08,000
5IF.SI,20110622,0.08,0.08,0.08,0.08,000
5IF.SI,20110621,0.08,0.08,0.08,0.08,000
5IF.SI,20110620,0.07,0.08,0.07,0.08,60000
5IF.SI,20110619,0.07,0.07,0.07,0.07,000
5IF.SI,20110616,0.07,0.07,0.07,0.07,000
5IF.SI,20110615,0.06,0.07,0.06,0.07,235000
5IF.SI,20110614,0.08,0.08,0.08,0.08,000
5IF.SI,20110613,0.08,0.08,0.08,0.08,000
5IF.SI,20110612,0.08,0.08,0.08,0.08,000
5IF.SI,20110609,0.08,0.08,0.08,0.08,000
5IF.SI,20110608,0.08,0.08,0.08,0.08,000
5IF.SI,20110607,0.08,0.08,0.08,0.08,000
5IF.SI,20110606,0.08,0.08,0.08,0.08,200000
5IF.SI,20110605,0.07,0.07,0.07,0.07,000
5IF.SI,20110602,0.07,0.07,0.07,0.07,140000
5IF.SI,20110601,0.08,0.08,0.08,0.08,000
5IF.SI,20110531,0.08,0.08,0.08,0.08,000
5IF.SI,20110530,0.08,0.08,0.08,0.08,50000
5IF.SI,20110529,0.08,0.08,0.08,0.08,000
5IF.SI,20110526,0.08,0.08,0.08,0.08,000
5IF.SI,20110525,0.08,0.08,0.08,0.08,000
5IF.SI,20110524,0.08,0.08,0.08,0.08,000
5IF.SI,20110523,0.08,0.08,0.08,0.08,60000
5IF.SI,20110522,0.08,0.08,0.08,0.08,60000
5IF.SI,20110519,0.08,0.08,0.08,0.08,000
5IF.SI,20110518,0.08,0.08,0.08,0.08,000
5IF.SI,20110517,0.07,0.08,0.07,0.08,30000
5IF.SI,20110516,0.08,0.08,0.08,0.08,000
5IF.SI,20110515,0.08,0.08,0.08,0.08,000
5IF.SI,20110512,0.08,0.08,0.08,0.08,160000
5IF.SI,20110511,0.09,0.09,0.08,0.08,60000
5IF.SI,20110510,0.08,0.08,0.08,0.08,60000
5IF.SI,20110509,0.08,0.08,0.08,0.08,15000
5IF.SI,20110508,0.08,0.09,0.08,0.08,104000
5IF.SI,20110505,0.08,0.08,0.08,0.08,80000
5IF.SI,20110504,0.08,0.08,0.08,0.08,200000
5IF.SI,20110503,0.09,0.09,0.09,0.09,16000
5IF.SI,20110502,0.09,0.09,0.09,0.09,000
5IF.SI,20110501,0.08,0.09,0.08,0.09,578000
5IF.SI,20110428,0.08,0.09,0.08,0.09,823000
5IF.SI,20110427,0.08,0.08,0.08,0.08,250000
5IF.SI,20110426,0.08,0.08,0.08,0.08,300000
5IF.SI,20110425,0.08,0.08,0.08,0.08,286000
5IF.SI,20110424,0.07,0.07,0.07,0.07,000
5IF.SI,20110421,0.07,0.07,0.07,0.07,000
5IF.SI,20110420,0.07,0.07,0.07,0.07,9000
5IF.SI,20110419,0.07,0.07,0.07,0.07,10000
5IF.SI,20110418,0.08,0.08,0.08,0.08,189000
5IF.SI,20110417,0.08,0.08,0.08,0.08,140000
5IF.SI,20110414,0.08,0.08,0.08,0.08,000
5IF.SI,20110413,0.08,0.08,0.08,0.08,000
5IF.SI,20110412,0.08,0.08,0.08,0.08,84000
5IF.SI,20110411,0.08,0.08,0.08,0.08,000
5IF.SI,20110410,0.08,0.08,0.08,0.08,000
5IF.SI,20110407,0.08,0.08,0.08,0.08,000
5IF.SI,20110406,0.08,0.08,0.08,0.08,000
5IF.SI,20110405,0.08,0.08,0.08,0.08,163000
5IF.SI,20110404,0.08,0.08,0.08,0.08,000
5IF.SI,20110403,0.08,0.08,0.08,0.08,000
5IF.SI,20110331,0.08,0.08,0.08,0.08,000
5IF.SI,20110330,0.08,0.08,0.08,0.08,000
5IF.SI,20110329,0.08,0.08,0.08,0.08,000
5IF.SI,20110328,0.08,0.08,0.08,0.08,000
5IF.SI,20110327,0.08,0.08,0.08,0.08,000
5IF.SI,20110324,0.08,0.08,0.08,0.08,65000
5IF.SI,20110323,0.08,0.08,0.08,0.08,25000
5IF.SI,20110322,0.08,0.08,0.08,0.08,000
5IF.SI,20110321,0.08,0.08,0.08,0.08,000
5IF.SI,20110320,0.08,0.08,0.08,0.08,169000
5IF.SI,20110317,0.08,0.08,0.08,0.08,10000
5IF.SI,20110316,0.07,0.07,0.07,0.07,000
5IF.SI,20110315,0.07,0.07,0.07,0.07,000
5IF.SI,20110314,0.07,0.07,0.07,0.07,000
5IF.SI,20110313,0.08,0.08,0.07,0.07,254000
5IF.SI,20110310,0.08,0.08,0.08,0.08,139000
5IF.SI,20110309,0.08,0.08,0.08,0.08,000
5IF.SI,20110308,0.08,0.08,0.08,0.08,000
5IF.SI,20110307,0.08,0.08,0.08,0.08,000
5IF.SI,20110306,0.08,0.08,0.08,0.08,400000
5IF.SI,20110303,0.08,0.08,0.08,0.08,50000
5IF.SI,20110302,0.08,0.08,0.08,0.08,50000
5IF.SI,20110301,0.08,0.08,0.08,0.08,000
5IF.SI,20110228,0.08,0.08,0.08,0.08,000
5IF.SI,20110227,0.08,0.08,0.08,0.08,000
5IF.SI,20110224,0.08,0.08,0.08,0.08,000
5IF.SI,20110223,0.08,0.08,0.08,0.08,000
5IF.SI,20110222,0.08,0.08,0.08,0.08,100000
5IF.SI,20110221,0.08,0.08,0.08,0.08,000
5IF.SI,20110220,0.08,0.08,0.08,0.08,000
5IF.SI,20110217,0.08,0.08,0.08,0.08,47000
5IF.SI,20110216,0.08,0.08,0.08,0.08,000
5IF.SI,20110215,0.08,0.08,0.08,0.08,47000
5IF.SI,20110214,0.08,0.08,0.08,0.08,000
5IF.SI,20110213,0.08,0.08,0.08,0.08,20000
5IF.SI,20110210,0.08,0.08,0.08,0.08,160000
5IF.SI,20110209,0.08,0.08,0.08,0.08,100000
5IF.SI,20110208,0.08,0.08,0.08,0.08,100000
5IF.SI,20110207,0.08,0.08,0.08,0.08,100000
5IF.SI,20110206,0.08,0.08,0.08,0.08,99000
5IF.SI,20110203,0.08,0.08,0.08,0.08,000
5IF.SI,20110202,0.08,0.08,0.08,0.08,50000
5IF.SI,20110201,0.08,0.08,0.08,0.08,000
5IF.SI,20110131,0.08,0.08,0.08,0.08,120000
5IF.SI,20110130,0.08,0.08,0.08,0.08,50000
5IF.SI,20110127,0.08,0.08,0.08,0.08,100000
5IF.SI,20110126,0.08,0.08,0.08,0.08,100000
5IF.SI,20110125,0.08,0.08,0.08,0.08,437000
5IF.SI,20110124,0.09,0.09,0.09,0.09,000
5IF.SI,20110123,0.09,0.09,0.09,0.09,000
5IF.SI,20110120,0.09,0.09,0.09,0.09,000
5IF.SI,20110119,0.09,0.09,0.09,0.09,599000
5IF.SI,20110118,0.09,0.09,0.09,0.09,1000
5IF.SI,20110117,0.08,0.08,0.08,0.08,72000
5IF.SI,20110116,0.09,0.09,0.09,0.09,000
5IF.SI,20110113,0.09,0.09,0.09,0.09,000
5IF.SI,20110112,0.09,0.09,0.09,0.09,000
5IF.SI,20110111,0.09,0.09,0.09,0.09,30000
5IF.SI,20110110,0.09,0.09,0.09,0.09,000
5IF.SI,20110109,0.09,0.09,0.09,0.09,000
5IF.SI,20110106,0.09,0.09,0.09,0.09,000
5IF.SI,20110105,0.09,0.09,0.09,0.09,51000
5IF.SI,20110104,0.10,0.10,0.10,0.10,000
5IF.SI,20110103,0.10,0.10,0.10,0.10,000
5IF.SI,20110102,0.10,0.10,0.10,0.10,000
5IF.SI,20101230,0.10,0.10,0.10,0.10,000
5IF.SI,20101229,0.10,0.10,0.10,0.10,000
5IF.SI,20101228,0.10,0.10,0.10,0.10,000
5IF.SI,20101227,0.10,0.10,0.10,0.10,000
5IF.SI,20101226,0.10,0.10,0.10,0.10,000
5IF.SI,20101223,0.10,0.10,0.10,0.10,000
5IF.SI,20101222,0.10,0.10,0.10,0.10,000
5IF.SI,20101221,0.10,0.10,0.10,0.10,000
5IF.SI,20101220,0.10,0.10,0.10,0.10,000
5IF.SI,20101219,0.10,0.10,0.10,0.10,000
5IF.SI,20101216,0.10,0.10,0.10,0.10,000
5IF.SI,20101215,0.10,0.10,0.10,0.10,000
5IF.SI,20101214,0.10,0.10,0.10,0.10,000
5IF.SI,20101213,0.10,0.10,0.10,0.10,000
5IF.SI,20101212,0.10,0.10,0.10,0.10,000
5IF.SI,20101209,0.10,0.10,0.10,0.10,000
5IF.SI,20101208,0.10,0.10,0.10,0.10,000
5IF.SI,20101207,0.10,0.10,0.10,0.10,000
5IF.SI,20101206,0.10,0.10,0.10,0.10,8000
5IF.SI,20101205,0.08,0.08,0.08,0.08,000
5IF.SI,20101202,0.08,0.08,0.08,0.08,000
5IF.SI,20101201,0.08,0.08,0.08,0.08,000
5IF.SI,20101130,0.08,0.08,0.08,0.08,000
5IF.SI,20101129,0.08,0.08,0.08,0.08,000
5IF.SI,20101128,0.08,0.08,0.08,0.08,200000
5IF.SI,20101125,0.08,0.08,0.08,0.08,000
5IF.SI,20101124,0.08,0.08,0.08,0.08,000
5IF.SI,20101123,0.08,0.08,0.08,0.08,000
5IF.SI,20101122,0.08,0.08,0.08,0.08,000
5IF.SI,20101121,0.08,0.08,0.08,0.08,200000
5IF.SI,20101118,0.09,0.09,0.09,0.09,000
5IF.SI,20101117,0.09,0.09,0.09,0.09,3000
5IF.SI,20101115,0.10,0.10,0.09,0.09,381000
5IF.SI,20101114,0.08,0.08,0.08,0.08,100000
5IF.SI,20101111,0.09,0.09,0.08,0.08,74000
5IF.SI,20101110,0.08,0.08,0.08,0.08,45000
5IF.SI,20101109,0.08,0.08,0.08,0.08,6000
5IF.SI,20101108,0.09,0.09,0.09,0.09,7000
5IF.SI,20101103,0.08,0.08,0.08,0.08,254000
5IF.SI,20101102,0.08,0.08,0.08,0.08,50000
5IF.SI,20101031,0.08,0.09,0.08,0.09,10000
5IF.SI,20101028,0.09,0.09,0.09,0.09,74000
5IF.SI,20101025,0.08,0.08,0.08,0.08,50000
5IF.SI,20101017,0.08,0.08,0.08,0.08,462000
5IF.SI,20101014,0.08,0.08,0.08,0.08,10000
5IF.SI,20101013,0.08,0.08,0.08,0.08,115000
5IF.SI,20101005,0.08,0.08,0.08,0.08,40000
5IF.SI,20101004,0.08,0.08,0.08,0.08,300000
5IF.SI,20100923,0.09,0.09,0.09,0.09,200000
5IF.SI,20100922,0.09,0.09,0.09,0.09,500000
5IF.SI,20100914,0.10,0.10,0.10,0.10,60000
5IF.SI,20100902,0.11,0.11,0.11,0.11,5000
5IF.SI,20100831,0.11,0.11,0.10,0.10,53000
5IF.SI,20100829,0.09,0.11,0.09,0.11,10000
5IF.SI,20100825,0.10,0.10,0.10,0.10,13000
5IF.SI,20100824,0.09,0.09,0.09,0.09,90000
5IF.SI,20100819,0.10,0.10,0.10,0.10,300000
5IF.SI,20100818,0.10,0.10,0.10,0.10,95000
5IF.SI,20100816,0.10,0.10,0.10,0.10,800000
5IF.SI,20100815,0.10,0.10,0.10,0.10,252000
5IF.SI,20100812,0.10,0.10,0.10,0.10,220000
5IF.SI,20100811,0.11,0.12,0.11,0.11,77000
5IF.SI,20100810,0.13,0.13,0.13,0.13,4000
5IF.SI,20100808,0.11,0.11,0.11,0.11,8000
5IF.SI,20100804,0.12,0.12,0.12,0.12,133000
5IF.SI,20100803,0.12,0.12,0.12,0.12,3000
5IF.SI,20100721,0.13,0.13,0.13,0.13,30000
5IF.SI,20100718,0.13,0.13,0.13,0.13,8000
5IF.SI,20100715,0.13,0.13,0.13,0.13,68000
5IF.SI,20100714,0.14,0.14,0.13,0.13,142000
5IF.SI,20100713,0.12,0.13,0.12,0.13,4000
5IF.SI,20100701,0.14,0.14,0.14,0.14,90000
5IF.SI,20100629,0.14,0.14,0.14,0.14,80000
5IF.SI,20100617,0.14,0.14,0.14,0.14,80000
5IF.SI,20100616,0.14,0.14,0.14,0.14,80000
5IF.SI,20100615,0.15,0.15,0.14,0.14,122000
5IF.SI,20100614,0.14,0.16,0.14,0.16,96000
5IF.SI,20100613,0.14,0.15,0.14,0.15,6000
5IF.SI,20100610,0.16,0.16,0.16,0.16,237000
5IF.SI,20100609,0.16,0.16,0.16,0.16,5000
5IF.SI,20100608,0.16,0.16,0.16,0.16,130000
5IF.SI,20100607,0.16,0.16,0.16,0.16,56000
5IF.SI,20100606,0.17,0.17,0.17,0.17,202000
5IF.SI,20100603,0.17,0.17,0.16,0.17,1150000
5IF.SI,20100602,0.19,0.19,0.19,0.19,100000
5IF.SI,20100601,0.19,0.19,0.19,0.19,10000
5IF.SI,20100531,0.19,0.19,0.19,0.19,122000
5IF.SI,20100530,0.19,0.19,0.19,0.19,12000
5IF.SI,20100527,0.19,0.19,0.18,0.19,145000
5IF.SI,20100524,0.19,0.19,0.19,0.19,20000
5IF.SI,20100523,0.19,0.19,0.19,0.19,131000
5IF.SI,20100520,0.19,0.19,0.19,0.19,184000
5IF.SI,20100519,0.19,0.19,0.19,0.19,180000
5IF.SI,20100516,0.19,0.19,0.19,0.19,10000
5IF.SI,20100513,0.19,0.19,0.19,0.19,30000
5IF.SI,20100511,0.19,0.19,0.19,0.19,170000
5IF.SI,20100510,0.19,0.19,0.19,0.19,20000
5IF.SI,20100509,0.19,0.19,0.19,0.19,101000
5IF.SI,20100506,0.19,0.19,0.19,0.19,192000
5IF.SI,20100505,0.19,0.19,0.19,0.19,235000
5IF.SI,20100503,0.19,0.19,0.19,0.19,15000
5IF.SI,20100429,0.19,0.19,0.19,0.19,100000
5IF.SI,20100428,0.19,0.19,0.19,0.19,152000
5IF.SI,20100427,0.19,0.19,0.19,0.19,160000
5IF.SI,20100426,0.19,0.19,0.19,0.19,160000
5IF.SI,20100425,0.19,0.20,0.19,0.20,75000
5IF.SI,20100421,0.20,0.20,0.20,0.20,50000
5IF.SI,20100418,0.20,0.20,0.19,0.19,120000
5IF.SI,20100415,0.19,0.19,0.19,0.19,456000
5IF.SI,20100414,0.20,0.20,0.20,0.20,70000
5IF.SI,20100412,0.19,0.19,0.19,0.19,60000
5IF.SI,20100411,0.19,0.19,0.19,0.19,30000
5IF.SI,20100408,0.19,0.19,0.19,0.19,60000
5IF.SI,20100407,0.19,0.19,0.19,0.19,100000
5IF.SI,20100406,0.19,0.19,0.19,0.19,54000
5IF.SI,20100405,0.19,0.19,0.19,0.19,26000
5IF.SI,20100401,0.19,0.19,0.19,0.19,90000
5IF.SI,20100330,0.19,0.19,0.19,0.19,31000
5IF.SI,20100323,0.18,0.18,0.18,0.18,5000
5IF.SI,20100314,0.19,0.19,0.19,0.19,148000
5IF.SI,20100311,0.19,0.19,0.19,0.19,15000
5IF.SI,20100308,0.19,0.19,0.19,0.19,24000
5IF.SI,20100307,0.19,0.19,0.19,0.19,19000
5IF.SI,20100303,0.19,0.19,0.19,0.19,239000
5IF.SI,20100302,0.18,0.19,0.18,0.19,53000
5IF.SI,20100301,0.18,0.19,0.18,0.18,521000
5IF.SI,20100228,0.17,0.17,0.17,0.17,252000
5IF.SI,20100225,0.17,0.17,0.17,0.17,90000
5IF.SI,20100224,0.17,0.17,0.17,0.17,145000
5IF.SI,20100223,0.17,0.17,0.16,0.17,122000
5IF.SI,20100222,0.17,0.17,0.16,0.17,24000
5IF.SI,20100218,0.17,0.17,0.17,0.17,86000
5IF.SI,20100216,0.17,0.17,0.17,0.17,50000
5IF.SI,20100207,0.18,0.18,0.18,0.18,66000
5IF.SI,20100202,0.17,0.17,0.17,0.17,20000
5IF.SI,20100128,0.17,0.17,0.17,0.17,30000
5IF.SI,20100127,0.17,0.17,0.17,0.17,25000
5IF.SI,20100121,0.18,0.18,0.18,0.18,100000
5IF.SI,20100117,0.18,0.18,0.18,0.18,28000
5IF.SI,20100112,0.19,0.19,0.19,0.19,70000
5IF.SI,20100111,0.19,0.19,0.19,0.19,30000
5IF.SI,20100106,0.19,0.19,0.18,0.18,137000
5IF.SI,20100105,0.19,0.19,0.19,0.19,51000
5IF.SI,20100104,0.19,0.19,0.19,0.19,89000
5IF.SI,20100103,0.19,0.19,0.19,0.19,278000
