B07.SI,20120606,0.011,0.011,0.011,0.011,6250000
B07.SI,20120604,0.01,0.01,0.01,0.01,32278000
B07.SI,20120603,0.01,0.01,0.01,0.01,138730000
B07.SI,20120531,0.01,0.01,0.01,0.01,39944000
B07.SI,20120530,0.01,0.01,0.01,0.01,48837000
B07.SI,20120529,0.01,0.01,0.01,0.01,41419000
B07.SI,20120528,0.01,0.01,0.01,0.01,118326000
B07.SI,20120527,0.01,0.01,0.01,0.01,165061000
B07.SI,20120524,0.01,0.01,0.01,0.01,000
B07.SI,20120523,0.01,0.01,0.01,0.01,5518000
B07.SI,20120522,0.01,0.01,0.01,0.01,48065000
B07.SI,20120521,0.01,0.01,0.01,0.01,29864000
B07.SI,20120520,0.01,0.01,0.01,0.01,173552000
B07.SI,20120517,0.01,0.01,0.01,0.01,26360000
B07.SI,20120516,0.01,0.01,0.01,0.01,30560000
B07.SI,20120515,0.01,0.01,0.01,0.01,71967000
B07.SI,20120514,0.01,0.01,0.01,0.01,76381000
B07.SI,20120513,0.01,0.01,0.01,0.01,80134000
B07.SI,20120510,0.01,0.01,0.01,0.01,118775000
B07.SI,20120509,0.01,0.02,0.01,0.01,531607000
B07.SI,20120508,0.01,0.01,0.01,0.01,102874000
B07.SI,20120507,0.01,0.01,0.01,0.01,2110000
B07.SI,20120506,0.01,0.01,0.01,0.01,11963000
B07.SI,20120503,0.01,0.01,0.01,0.01,4270000
B07.SI,20120502,0.01,0.01,0.01,0.01,23249000
B07.SI,20120501,0.01,0.01,0.01,0.01,000
B07.SI,20120430,0.01,0.01,0.01,0.01,9410000
B07.SI,20120429,0.01,0.01,0.01,0.01,4640000
B07.SI,20120426,0.01,0.01,0.01,0.01,5323000
B07.SI,20120425,0.01,0.01,0.01,0.01,5700000
B07.SI,20120424,0.01,0.01,0.01,0.01,13350000
B07.SI,20120423,0.01,0.01,0.01,0.01,3056000
B07.SI,20120422,0.01,0.01,0.01,0.01,3200000
B07.SI,20120419,0.01,0.01,0.01,0.01,6741000
B07.SI,20120418,0.01,0.01,0.01,0.01,21916000
B07.SI,20120417,0.01,0.01,0.01,0.01,11085000
B07.SI,20120416,0.01,0.01,0.01,0.01,6066000
B07.SI,20120415,0.01,0.01,0.01,0.01,000
B07.SI,20120412,0.01,0.01,0.01,0.01,13491000
B07.SI,20120411,0.01,0.01,0.01,0.01,4952000
B07.SI,20120410,0.01,0.01,0.01,0.01,6530000
B07.SI,20120409,0.01,0.01,0.01,0.01,1812000
B07.SI,20120408,0.01,0.01,0.01,0.01,30246000
B07.SI,20120405,0.01,0.01,0.01,0.01,81022000
B07.SI,20120404,0.01,0.01,0.01,0.01,7444000
B07.SI,20120403,0.01,0.01,0.01,0.01,7346000
B07.SI,20120402,0.01,0.01,0.01,0.01,3112000
B07.SI,20120401,0.01,0.01,0.01,0.01,10120000
B07.SI,20120329,0.01,0.01,0.01,0.01,000
B07.SI,20120328,0.01,0.01,0.01,0.01,13760000
B07.SI,20120327,0.01,0.01,0.01,0.01,10602000
B07.SI,20120326,0.01,0.01,0.01,0.01,3100000
B07.SI,20120325,0.01,0.01,0.01,0.01,24899000
B07.SI,20120322,0.01,0.01,0.01,0.01,12556000
B07.SI,20120321,0.01,0.01,0.01,0.01,11833000
B07.SI,20120320,0.01,0.01,0.01,0.01,9476000
B07.SI,20120319,0.01,0.01,0.01,0.01,8200000
B07.SI,20120318,0.01,0.01,0.01,0.01,98673000
B07.SI,20120315,0.01,0.01,0.01,0.01,52850000
B07.SI,20120314,0.01,0.01,0.01,0.01,311635000
B07.SI,20120313,0.01,0.01,0.01,0.01,42872000
B07.SI,20120312,0.01,0.01,0.01,0.01,146875000
B07.SI,20120311,0.01,0.01,0.01,0.01,84263000
B07.SI,20120308,0.01,0.01,0.01,0.01,9857000
B07.SI,20120307,0.01,0.01,0.01,0.01,31520000
B07.SI,20120306,0.01,0.01,0.01,0.01,171797000
B07.SI,20120305,0.01,0.01,0.01,0.01,2510000
B07.SI,20120304,0.01,0.01,0.01,0.01,85791000
B07.SI,20120301,0.01,0.01,0.01,0.01,28957000
B07.SI,20120229,0.01,0.01,0.01,0.01,58795000
B07.SI,20120228,0.01,0.01,0.01,0.01,382449000
B07.SI,20120227,0.01,0.01,0.01,0.01,41767000
B07.SI,20120226,0.01,0.01,0.01,0.01,56759000
B07.SI,20120223,0.01,0.01,0.01,0.01,5086000
B07.SI,20120222,0.01,0.01,0.01,0.01,45165000
B07.SI,20120221,0.01,0.01,0.01,0.01,29460000
B07.SI,20120220,0.01,0.01,0.01,0.01,3654000
B07.SI,20120219,0.01,0.01,0.01,0.01,34488000
B07.SI,20120216,0.01,0.01,0.01,0.01,40369000
B07.SI,20120215,0.01,0.01,0.01,0.01,73505000
B07.SI,20120214,0.01,0.01,0.01,0.01,337701000
B07.SI,20120213,0.01,0.01,0.01,0.01,000
B07.SI,20120212,0.01,0.01,0.01,0.01,000
B07.SI,20120209,0.01,0.01,0.01,0.01,37909000
B07.SI,20120208,0.01,0.01,0.01,0.01,3250000
B07.SI,20120207,0.01,0.01,0.01,0.01,18021000
B07.SI,20120206,0.01,0.01,0.01,0.01,5077000
B07.SI,20120205,0.01,0.01,0.01,0.01,19945000
B07.SI,20120202,0.01,0.01,0.01,0.01,9311000
B07.SI,20120201,0.01,0.01,0.01,0.01,13217000
B07.SI,20120131,0.01,0.01,0.01,0.01,43479000
B07.SI,20120130,0.01,0.01,0.01,0.01,3744000
B07.SI,20120129,0.01,0.01,0.01,0.01,162292000
B07.SI,20120126,0.01,0.01,0.01,0.01,7715000
B07.SI,20120125,0.01,0.01,0.01,0.01,5088000
B07.SI,20120124,0.01,0.01,0.01,0.01,12505000
B07.SI,20120123,0.01,0.01,0.01,0.01,8121000
B07.SI,20120122,0.01,0.01,0.01,0.01,26523000
B07.SI,20120119,0.01,0.01,0.01,0.01,21510000
B07.SI,20120118,0.01,0.01,0.01,0.01,7580000
B07.SI,20120117,0.01,0.01,0.01,0.01,47229000
B07.SI,20120116,0.01,0.01,0.01,0.01,173217000
B07.SI,20120115,0.01,0.01,0.01,0.01,52901000
B07.SI,20120112,0.01,0.01,0.01,0.01,11604000
B07.SI,20120111,0.01,0.01,0.01,0.01,59300000
B07.SI,20120110,0.01,0.01,0.01,0.01,107254000
B07.SI,20120109,0.01,0.01,0.01,0.01,100814000
B07.SI,20120108,0.01,0.01,0.01,0.01,44417000
B07.SI,20120105,0.01,0.01,0.01,0.01,63564000
B07.SI,20120104,0.01,0.01,0.01,0.01,207210000
B07.SI,20120103,0.01,0.01,0.01,0.01,80582000
B07.SI,20120102,0.01,0.01,0.01,0.01,000
B07.SI,20120101,0.01,0.01,0.01,0.01,901000
B07.SI,20111229,0.01,0.01,0.01,0.01,4500000
B07.SI,20111228,0.01,0.01,0.01,0.01,2040000
B07.SI,20111227,0.01,0.01,0.01,0.01,1458000
B07.SI,20111226,0.01,0.01,0.01,0.01,000
B07.SI,20111225,0.01,0.01,0.01,0.01,2000
B07.SI,20111222,0.01,0.01,0.01,0.01,5351000
B07.SI,20111221,0.01,0.01,0.01,0.01,4426000
B07.SI,20111220,0.01,0.01,0.01,0.01,1461000
B07.SI,20111219,0.01,0.01,0.01,0.01,1151000
B07.SI,20111218,0.01,0.01,0.01,0.01,7050000
B07.SI,20111215,0.01,0.01,0.01,0.01,9133000
B07.SI,20111214,0.01,0.01,0.01,0.01,2666000
B07.SI,20111213,0.01,0.01,0.01,0.01,4566000
B07.SI,20111212,0.01,0.01,0.01,0.01,3052000
B07.SI,20111211,0.01,0.01,0.01,0.01,4178000
B07.SI,20111208,0.01,0.01,0.01,0.01,3751000
B07.SI,20111207,0.01,0.01,0.01,0.01,45044000
B07.SI,20111206,0.01,0.01,0.01,0.01,7504000
B07.SI,20111205,0.01,0.01,0.01,0.01,4751000
B07.SI,20111204,0.01,0.01,0.01,0.01,302000
B07.SI,20111201,0.01,0.01,0.01,0.01,4101000
B07.SI,20111130,0.01,0.01,0.01,0.01,662000
B07.SI,20111129,0.01,0.01,0.01,0.01,702000
B07.SI,20111128,0.01,0.01,0.01,0.01,1930000
B07.SI,20111127,0.01,0.01,0.01,0.01,895000
B07.SI,20111124,0.01,0.01,0.01,0.01,11298000
B07.SI,20111123,0.01,0.01,0.01,0.01,2132000
B07.SI,20111122,0.01,0.01,0.01,0.01,2202000
B07.SI,20111121,0.01,0.01,0.01,0.01,1281000
B07.SI,20111120,0.01,0.01,0.01,0.01,62000
B07.SI,20111117,0.01,0.01,0.01,0.01,834000
B07.SI,20111116,0.01,0.01,0.01,0.01,5640000
B07.SI,20111115,0.01,0.01,0.01,0.01,5731000
B07.SI,20111114,0.01,0.01,0.01,0.01,000
B07.SI,20111113,0.01,0.01,0.01,0.01,5890000
B07.SI,20111110,0.01,0.01,0.01,0.01,000
B07.SI,20111109,0.01,0.01,0.01,0.01,1766000
B07.SI,20111108,0.01,0.01,0.01,0.01,30000
B07.SI,20111107,0.01,0.01,0.01,0.01,3053000
B07.SI,20111106,0.01,0.01,0.01,0.01,6020000
B07.SI,20111103,0.01,0.01,0.01,0.01,856000
B07.SI,20111102,0.01,0.01,0.01,0.01,1677000
B07.SI,20111101,0.01,0.01,0.01,0.01,4700000
B07.SI,20111031,0.01,0.01,0.01,0.01,430000
B07.SI,20111030,0.01,0.01,0.01,0.01,2260000
B07.SI,20111027,0.01,0.01,0.01,0.01,000
B07.SI,20111026,0.01,0.01,0.01,0.01,1555000
B07.SI,20111025,0.01,0.01,0.01,0.01,1421000
B07.SI,20111024,0.01,0.01,0.01,0.01,1202000
B07.SI,20111023,0.01,0.01,0.01,0.01,7481000
B07.SI,20111020,0.01,0.01,0.01,0.01,1434000
B07.SI,20111019,0.01,0.01,0.01,0.01,3000
B07.SI,20111018,0.01,0.01,0.01,0.01,686000
B07.SI,20111017,0.01,0.01,0.01,0.01,5350000
B07.SI,20111016,0.01,0.01,0.01,0.01,2213000
B07.SI,20111013,0.01,0.01,0.01,0.01,1050000
B07.SI,20111012,0.01,0.01,0.01,0.01,642000
B07.SI,20111011,0.01,0.01,0.01,0.01,3541000
B07.SI,20111010,0.01,0.01,0.01,0.01,600000
B07.SI,20111009,0.01,0.01,0.01,0.01,5771000
B07.SI,20111006,0.01,0.01,0.01,0.01,1000
B07.SI,20111005,0.01,0.01,0.01,0.01,2101000
B07.SI,20111004,0.01,0.01,0.01,0.01,40304000
B07.SI,20111003,0.01,0.01,0.01,0.01,1902000
B07.SI,20111002,0.01,0.01,0.01,0.01,2454000
B07.SI,20110929,0.01,0.01,0.01,0.01,1251000
B07.SI,20110928,0.01,0.01,0.01,0.01,1075000
B07.SI,20110927,0.01,0.01,0.01,0.01,400000
B07.SI,20110926,0.01,0.01,0.01,0.01,352000
B07.SI,20110925,0.01,0.01,0.01,0.01,933000
B07.SI,20110922,0.01,0.01,0.01,0.01,1251000
B07.SI,20110921,0.01,0.01,0.01,0.01,291000
B07.SI,20110920,0.01,0.01,0.01,0.01,640000
B07.SI,20110919,0.01,0.01,0.01,0.01,4176000
B07.SI,20110918,0.01,0.01,0.01,0.01,781000
B07.SI,20110915,0.01,0.01,0.01,0.01,1477000
B07.SI,20110914,0.01,0.01,0.01,0.01,2551000
B07.SI,20110913,0.01,0.01,0.01,0.01,3129000
B07.SI,20110912,0.01,0.01,0.01,0.01,1998000
B07.SI,20110911,0.01,0.01,0.01,0.01,1971000
B07.SI,20110908,0.01,0.01,0.01,0.01,1799000
B07.SI,20110907,0.01,0.01,0.01,0.01,000
B07.SI,20110906,0.01,0.01,0.01,0.01,2265000
B07.SI,20110905,0.01,0.01,0.01,0.01,10888000
B07.SI,20110904,0.01,0.01,0.01,0.01,1051000
B07.SI,20110901,0.01,0.01,0.01,0.01,1811000
B07.SI,20110831,0.01,0.01,0.01,0.01,1652000
B07.SI,20110830,0.01,0.01,0.01,0.01,8422000
B07.SI,20110829,0.01,0.01,0.01,0.01,1155000
B07.SI,20110828,0.01,0.01,0.01,0.01,2448000
B07.SI,20110825,0.01,0.01,0.01,0.01,4318000
B07.SI,20110824,0.01,0.01,0.01,0.01,11250000
B07.SI,20110823,0.01,0.01,0.01,0.01,12284000
B07.SI,20110822,0.01,0.01,0.01,0.01,11751000
B07.SI,20110821,0.01,0.01,0.01,0.01,000
B07.SI,20110818,0.01,0.01,0.01,0.01,1400000
B07.SI,20110817,0.01,0.01,0.01,0.01,79499000
B07.SI,20110816,0.01,0.01,0.01,0.01,21575000
B07.SI,20110815,0.01,0.01,0.01,0.01,28294000
B07.SI,20110814,0.01,0.01,0.01,0.01,18257000
B07.SI,20110811,0.01,0.01,0.01,0.01,3950000
B07.SI,20110810,0.01,0.01,0.01,0.01,000
B07.SI,20110809,0.01,0.01,0.01,0.01,910000
B07.SI,20110808,0.01,0.01,0.01,0.01,53314000
B07.SI,20110807,0.01,0.01,0.01,0.01,28800000
B07.SI,20110804,0.01,0.01,0.01,0.01,14060000
B07.SI,20110803,0.01,0.01,0.01,0.01,33958000
B07.SI,20110802,0.01,0.01,0.01,0.01,12323000
B07.SI,20110801,0.01,0.01,0.01,0.01,3800000
B07.SI,20110731,0.01,0.01,0.01,0.01,42919000
B07.SI,20110728,0.01,0.01,0.01,0.01,276000
B07.SI,20110727,0.01,0.01,0.01,0.01,1530000
B07.SI,20110726,0.01,0.01,0.01,0.01,2911000
B07.SI,20110725,0.01,0.01,0.01,0.01,2774000
B07.SI,20110724,0.01,0.01,0.01,0.01,28248000
B07.SI,20110721,0.01,0.01,0.01,0.01,2400000
B07.SI,20110720,0.01,0.01,0.01,0.01,2590000
B07.SI,20110719,0.01,0.01,0.01,0.01,15125000
B07.SI,20110718,0.01,0.01,0.01,0.01,8715000
B07.SI,20110717,0.01,0.01,0.01,0.01,3750000
B07.SI,20110714,0.01,0.01,0.01,0.01,39227000
B07.SI,20110713,0.01,0.01,0.01,0.01,80799000
B07.SI,20110712,0.01,0.01,0.01,0.01,39470000
B07.SI,20110711,0.01,0.01,0.01,0.01,50850000
B07.SI,20110710,0.01,0.01,0.01,0.01,18811000
B07.SI,20110707,0.01,0.01,0.01,0.01,18610000
B07.SI,20110706,0.01,0.01,0.01,0.01,111657000
B07.SI,20110705,0.01,0.01,0.01,0.01,000
B07.SI,20110704,0.01,0.01,0.01,0.01,000
B07.SI,20110703,0.01,0.01,0.01,0.01,000
B07.SI,20110630,0.01,0.01,0.01,0.01,7250000
B07.SI,20110629,0.01,0.01,0.01,0.01,11870000
B07.SI,20110628,0.01,0.01,0.01,0.01,30178000
B07.SI,20110627,0.01,0.01,0.01,0.01,19109000
B07.SI,20110626,0.01,0.01,0.01,0.01,72059000
B07.SI,20110623,0.01,0.01,0.01,0.01,102506000
B07.SI,20110622,0.01,0.01,0.01,0.01,39211000
B07.SI,20110621,0.01,0.01,0.01,0.01,16400000
B07.SI,20110620,0.01,0.01,0.01,0.01,20734000
B07.SI,20110619,0.01,0.01,0.01,0.01,25240000
B07.SI,20110616,0.01,0.01,0.01,0.01,17411000
B07.SI,20110615,0.01,0.01,0.01,0.01,69416000
B07.SI,20110614,0.01,0.01,0.01,0.01,41944000
B07.SI,20110613,0.01,0.01,0.01,0.01,13225000
B07.SI,20110612,0.01,0.01,0.01,0.01,2900000
B07.SI,20110609,0.01,0.01,0.01,0.01,3740000
B07.SI,20110608,0.01,0.01,0.01,0.01,14843000
B07.SI,20110607,0.01,0.01,0.01,0.01,62454000
B07.SI,20110606,0.01,0.01,0.01,0.01,32786000
B07.SI,20110605,0.01,0.01,0.01,0.01,28250000
B07.SI,20110602,0.01,0.01,0.01,0.01,17615000
B07.SI,20110601,0.02,0.02,0.01,0.01,93163000
B07.SI,20110531,0.02,0.02,0.02,0.02,000
B07.SI,20110530,0.01,0.02,0.01,0.02,63208000
B07.SI,20110529,0.01,0.01,0.01,0.01,66912000
B07.SI,20110526,0.01,0.01,0.01,0.01,114418000
B07.SI,20110525,0.01,0.01,0.01,0.01,52604000
B07.SI,20110524,0.01,0.01,0.01,0.01,1025000
B07.SI,20110523,0.01,0.01,0.01,0.01,38749000
B07.SI,20110522,0.01,0.01,0.01,0.01,44507000
B07.SI,20110519,0.01,0.01,0.01,0.01,45001000
B07.SI,20110518,0.01,0.01,0.01,0.01,26429000
B07.SI,20110517,0.01,0.01,0.01,0.01,9434000
B07.SI,20110516,0.01,0.01,0.01,0.01,36051000
B07.SI,20110515,0.01,0.01,0.01,0.01,26389000
B07.SI,20110512,0.01,0.01,0.01,0.01,94347000
B07.SI,20110511,0.01,0.01,0.01,0.01,7125000
B07.SI,20110510,0.01,0.01,0.01,0.01,13526000
B07.SI,20110509,0.01,0.01,0.01,0.01,47259000
B07.SI,20110508,0.01,0.01,0.01,0.01,33066000
B07.SI,20110505,0.01,0.01,0.01,0.01,12766000
B07.SI,20110504,0.01,0.01,0.01,0.01,39083000
B07.SI,20110503,0.01,0.01,0.01,0.01,8349000
B07.SI,20110502,0.01,0.01,0.01,0.01,000
B07.SI,20110501,0.01,0.01,0.01,0.01,2402000
B07.SI,20110428,0.01,0.02,0.01,0.01,40419000
B07.SI,20110427,0.02,0.02,0.01,0.01,49552000
B07.SI,20110426,0.02,0.02,0.01,0.02,141254000
B07.SI,20110425,0.01,0.02,0.01,0.01,25275000
B07.SI,20110424,0.02,0.02,0.01,0.01,4695000
B07.SI,20110421,0.01,0.02,0.01,0.01,5973000
B07.SI,20110420,0.01,0.01,0.01,0.01,10620000
B07.SI,20110419,0.01,0.02,0.01,0.01,22947000
B07.SI,20110418,0.01,0.02,0.01,0.02,16952000
B07.SI,20110417,0.01,0.02,0.01,0.01,5763000
B07.SI,20110414,0.01,0.02,0.01,0.02,7597000
B07.SI,20110413,0.01,0.02,0.01,0.01,5276000
B07.SI,20110412,0.02,0.02,0.01,0.01,26305000
B07.SI,20110411,0.02,0.02,0.02,0.02,11810000
B07.SI,20110410,0.02,0.02,0.02,0.02,13626000
B07.SI,20110407,0.02,0.02,0.02,0.02,000
B07.SI,20110406,0.02,0.02,0.02,0.02,6563000
B07.SI,20110405,0.02,0.02,0.02,0.02,17894000
B07.SI,20110404,0.02,0.02,0.02,0.02,65867000
B07.SI,20110403,0.02,0.02,0.02,0.02,73131000
B07.SI,20110331,0.02,0.02,0.02,0.02,33079000
B07.SI,20110330,0.02,0.02,0.02,0.02,15409000
B07.SI,20110329,0.02,0.02,0.02,0.02,25872000
B07.SI,20110328,0.02,0.02,0.02,0.02,80425000
B07.SI,20110327,0.02,0.02,0.02,0.02,43682000
B07.SI,20110324,0.01,0.02,0.01,0.02,64746000
B07.SI,20110323,0.01,0.02,0.01,0.02,42257000
B07.SI,20110322,0.01,0.01,0.01,0.01,4488000
B07.SI,20110321,0.01,0.01,0.01,0.01,7671000
B07.SI,20110320,0.01,0.01,0.01,0.01,3231000
B07.SI,20110317,0.01,0.01,0.01,0.01,2229000
B07.SI,20110316,0.01,0.01,0.01,0.01,8612000
B07.SI,20110315,0.01,0.01,0.01,0.01,4090000
B07.SI,20110314,0.01,0.02,0.01,0.01,16973000
B07.SI,20110313,0.01,0.01,0.01,0.01,37881000
B07.SI,20110310,0.01,0.01,0.01,0.01,3284000
B07.SI,20110309,0.01,0.01,0.01,0.01,12704000
B07.SI,20110308,0.01,0.01,0.01,0.01,793000
B07.SI,20110307,0.01,0.01,0.01,0.01,5220000
B07.SI,20110306,0.01,0.01,0.01,0.01,18320000
B07.SI,20110303,0.01,0.01,0.01,0.01,1002000
B07.SI,20110302,0.01,0.02,0.01,0.01,6188000
B07.SI,20110301,0.01,0.01,0.01,0.01,5150000
B07.SI,20110228,0.01,0.02,0.01,0.02,1416000
B07.SI,20110227,0.01,0.02,0.01,0.01,7057000
B07.SI,20110224,0.01,0.01,0.01,0.01,4394000
B07.SI,20110223,0.01,0.01,0.01,0.01,12731000
B07.SI,20110222,0.01,0.02,0.01,0.02,15214000
B07.SI,20110221,0.02,0.02,0.01,0.02,2527000
B07.SI,20110220,0.02,0.02,0.02,0.02,9435000
B07.SI,20110217,0.02,0.02,0.02,0.02,32403000
B07.SI,20110216,0.02,0.02,0.02,0.02,15409000
B07.SI,20110215,0.02,0.02,0.02,0.02,16674000
B07.SI,20110214,0.02,0.02,0.02,0.02,5632000
B07.SI,20110213,0.02,0.02,0.02,0.02,6578000
B07.SI,20110210,0.02,0.02,0.02,0.02,26692000
B07.SI,20110209,0.02,0.02,0.02,0.02,11961000
B07.SI,20110208,0.02,0.02,0.02,0.02,24668000
B07.SI,20110207,0.02,0.02,0.02,0.02,6902000
B07.SI,20110206,0.02,0.02,0.02,0.02,16073000
B07.SI,20110203,0.02,0.02,0.02,0.02,4816000
B07.SI,20110202,0.02,0.02,0.01,0.02,16303000
B07.SI,20110201,0.02,0.02,0.01,0.01,18569000
B07.SI,20110131,0.01,0.02,0.01,0.02,39129000
B07.SI,20110130,0.01,0.01,0.01,0.01,23196000
B07.SI,20110127,0.01,0.01,0.01,0.01,6161000
B07.SI,20110126,0.01,0.01,0.01,0.01,209000
B07.SI,20110125,0.01,0.01,0.01,0.01,1250000
B07.SI,20110124,0.01,0.01,0.01,0.01,000
B07.SI,20110123,0.01,0.01,0.01,0.01,000
B07.SI,20110120,0.01,0.01,0.01,0.01,4320000
B07.SI,20110119,0.01,0.01,0.01,0.01,2366000
B07.SI,20110118,0.01,0.01,0.01,0.01,870000
B07.SI,20110117,0.01,0.01,0.01,0.01,2696000
B07.SI,20110116,0.01,0.01,0.01,0.01,205000
B07.SI,20110113,0.01,0.01,0.01,0.01,2630000
B07.SI,20110112,0.01,0.01,0.01,0.01,370000
B07.SI,20110111,0.01,0.01,0.01,0.01,1400000
B07.SI,20110110,0.01,0.01,0.01,0.01,350000
B07.SI,20110109,0.01,0.01,0.01,0.01,160000
B07.SI,20110106,0.01,0.01,0.01,0.01,101000
B07.SI,20110105,0.01,0.01,0.01,0.01,1978000
B07.SI,20110104,0.01,0.01,0.01,0.01,2151000
B07.SI,20110103,0.01,0.01,0.01,0.01,1000000
B07.SI,20110102,0.01,0.01,0.01,0.01,000
B07.SI,20101230,0.01,0.01,0.01,0.01,21000
B07.SI,20101229,0.01,0.01,0.01,0.01,1524000
B07.SI,20101228,0.01,0.01,0.01,0.01,700000
B07.SI,20101227,0.01,0.01,0.01,0.01,1000
B07.SI,20101226,0.01,0.01,0.01,0.01,000
B07.SI,20101223,0.01,0.01,0.01,0.01,3270000
B07.SI,20101222,0.01,0.01,0.01,0.01,1880000
B07.SI,20101221,0.01,0.01,0.01,0.01,1051000
B07.SI,20101220,0.01,0.01,0.01,0.01,13427000
B07.SI,20101219,0.01,0.01,0.01,0.01,2344000
B07.SI,20101216,0.01,0.01,0.01,0.01,1795000
B07.SI,20101215,0.01,0.01,0.01,0.01,1467000
B07.SI,20101214,0.01,0.01,0.01,0.01,1341000
B07.SI,20101213,0.01,0.01,0.01,0.01,7595000
B07.SI,20101212,0.01,0.01,0.01,0.01,1000
B07.SI,20101209,0.01,0.01,0.01,0.01,3536000
B07.SI,20101208,0.01,0.01,0.01,0.01,191000
B07.SI,20101207,0.01,0.01,0.01,0.01,5216000
B07.SI,20101206,0.01,0.01,0.01,0.01,8960000
B07.SI,20101205,0.01,0.01,0.01,0.01,1597000
B07.SI,20101202,0.01,0.01,0.01,0.01,9354000
B07.SI,20101201,0.01,0.01,0.01,0.01,1630000
B07.SI,20101130,0.01,0.01,0.01,0.01,11992000
B07.SI,20101129,0.01,0.01,0.01,0.01,32094000
B07.SI,20101128,0.01,0.01,0.01,0.01,41996000
B07.SI,20101125,0.01,0.01,0.01,0.01,17890000
B07.SI,20101124,0.01,0.01,0.01,0.01,71554000
B07.SI,20101123,0.01,0.01,0.01,0.01,45702000
B07.SI,20101122,0.01,0.01,0.01,0.01,21563000
B07.SI,20101121,0.01,0.01,0.01,0.01,34966000
B07.SI,20101118,0.01,0.01,0.01,0.01,38951000
B07.SI,20101117,0.01,0.01,0.01,0.01,1170000
B07.SI,20101116,0.01,0.01,0.01,0.01,1531000
B07.SI,20101115,0.01,0.01,0.01,0.01,500000
B07.SI,20101114,0.01,0.01,0.01,0.01,4709000
B07.SI,20101111,0.01,0.01,0.01,0.01,340000
B07.SI,20101110,0.01,0.01,0.01,0.01,8511000
B07.SI,20101109,0.01,0.01,0.01,0.01,4447000
B07.SI,20101108,0.01,0.01,0.01,0.01,500000
B07.SI,20101104,0.01,0.01,0.01,0.01,8500000
B07.SI,20101103,0.01,0.01,0.01,0.01,5945000
B07.SI,20101102,0.01,0.01,0.01,0.01,29036000
B07.SI,20101101,0.01,0.01,0.01,0.01,2310000
B07.SI,20101031,0.01,0.01,0.01,0.01,16413000
B07.SI,20101028,0.01,0.01,0.01,0.01,6548000
B07.SI,20101027,0.01,0.01,0.01,0.01,23603000
B07.SI,20101025,0.01,0.01,0.01,0.01,3418000
B07.SI,20101024,0.01,0.01,0.01,0.01,4381000
B07.SI,20101021,0.01,0.01,0.01,0.01,8233000
B07.SI,20101020,0.01,0.01,0.01,0.01,54277000
B07.SI,20101019,0.01,0.01,0.01,0.01,36192000
B07.SI,20101018,0.01,0.01,0.01,0.01,64847000
B07.SI,20101017,0.01,0.01,0.01,0.01,31866000
B07.SI,20101014,0.01,0.01,0.01,0.01,6799000
B07.SI,20101013,0.01,0.01,0.01,0.01,40190000
B07.SI,20101012,0.01,0.01,0.01,0.01,7861000
B07.SI,20101011,0.01,0.01,0.01,0.01,24364000
B07.SI,20101010,0.01,0.01,0.01,0.01,81430000
B07.SI,20101007,0.01,0.01,0.01,0.01,16507000
B07.SI,20101006,0.01,0.01,0.01,0.01,7856000
B07.SI,20101005,0.01,0.01,0.01,0.01,9852000
B07.SI,20101004,0.01,0.01,0.01,0.01,10561000
B07.SI,20101003,0.01,0.01,0.01,0.01,38712000
B07.SI,20100930,0.02,0.02,0.01,0.01,26876000
B07.SI,20100929,0.02,0.02,0.01,0.01,20813000
B07.SI,20100928,0.02,0.02,0.02,0.02,20449000
B07.SI,20100927,0.02,0.02,0.02,0.02,20630000
B07.SI,20100926,0.02,0.02,0.02,0.02,20914000
B07.SI,20100923,0.02,0.02,0.02,0.02,23994000
B07.SI,20100922,0.02,0.02,0.02,0.02,3076000
B07.SI,20100921,0.02,0.02,0.02,0.02,720000
B07.SI,20100920,0.02,0.02,0.02,0.02,1270000
B07.SI,20100919,0.02,0.02,0.02,0.02,3210000
B07.SI,20100916,0.02,0.02,0.02,0.02,2178000
B07.SI,20100915,0.02,0.02,0.02,0.02,2400000
B07.SI,20100914,0.02,0.02,0.02,0.02,3931000
B07.SI,20100913,0.02,0.02,0.02,0.02,5473000
B07.SI,20100912,0.02,0.02,0.02,0.02,10024000
B07.SI,20100909,0.02,0.02,0.02,0.02,4181000
B07.SI,20100908,0.02,0.02,0.02,0.02,3784000
B07.SI,20100907,0.02,0.02,0.02,0.02,3222000
B07.SI,20100906,0.02,0.02,0.02,0.02,2931000
B07.SI,20100905,0.02,0.02,0.02,0.02,4472000
B07.SI,20100902,0.02,0.02,0.02,0.02,16171000
B07.SI,20100901,0.02,0.02,0.02,0.02,6195000
B07.SI,20100831,0.02,0.02,0.02,0.02,14474000
B07.SI,20100829,0.02,0.02,0.02,0.02,9965000
B07.SI,20100826,0.02,0.02,0.02,0.02,5789000
B07.SI,20100825,0.02,0.02,0.02,0.02,15514000
B07.SI,20100824,0.02,0.02,0.02,0.02,9961000
B07.SI,20100823,0.02,0.02,0.02,0.02,21633000
B07.SI,20100822,0.02,0.02,0.02,0.02,26803000
B07.SI,20100819,0.03,0.03,0.02,0.03,43696000
B07.SI,20100818,0.03,0.03,0.03,0.03,41543000
B07.SI,20100817,0.02,0.03,0.02,0.03,17630000
B07.SI,20100816,0.02,0.02,0.02,0.02,4573000
B07.SI,20100815,0.03,0.03,0.02,0.03,5015000
B07.SI,20100812,0.02,0.02,0.02,0.02,3201000
B07.SI,20100811,0.02,0.03,0.02,0.03,18954000
B07.SI,20100810,0.03,0.03,0.02,0.03,4486000
B07.SI,20100808,0.02,0.03,0.02,0.03,10871000
B07.SI,20100805,0.03,0.03,0.02,0.03,51623000
B07.SI,20100804,0.03,0.03,0.03,0.03,1350000
B07.SI,20100803,0.03,0.03,0.03,0.03,2524000
B07.SI,20100802,0.03,0.03,0.03,0.03,18093000
B07.SI,20100801,0.03,0.03,0.03,0.03,18931000
B07.SI,20100729,0.03,0.03,0.03,0.03,106188000
B07.SI,20100728,0.03,0.03,0.03,0.03,139308000
B07.SI,20100727,0.03,0.03,0.03,0.03,6300000
B07.SI,20100726,0.03,0.03,0.03,0.03,3445000
B07.SI,20100725,0.03,0.03,0.03,0.03,5927000
B07.SI,20100722,0.03,0.03,0.03,0.03,6215000
B07.SI,20100721,0.03,0.03,0.03,0.03,52328000
B07.SI,20100720,0.03,0.03,0.02,0.03,59744000
B07.SI,20100719,0.02,0.03,0.02,0.02,4620000
B07.SI,20100718,0.02,0.03,0.02,0.02,4614000
B07.SI,20100715,0.03,0.03,0.02,0.02,4248000
B07.SI,20100714,0.03,0.03,0.03,0.03,24118000
B07.SI,20100713,0.02,0.03,0.02,0.03,18903000
B07.SI,20100712,0.03,0.03,0.02,0.02,50844000
B07.SI,20100711,0.03,0.03,0.03,0.03,10275000
B07.SI,20100708,0.03,0.03,0.03,0.03,31372000
B07.SI,20100707,0.03,0.03,0.03,0.03,97588000
B07.SI,20100706,0.02,0.03,0.02,0.03,2938000
B07.SI,20100705,0.02,0.02,0.02,0.02,2999000
B07.SI,20100704,0.03,0.03,0.02,0.03,76875000
B07.SI,20100701,0.03,0.03,0.02,0.03,51952000
B07.SI,20100630,0.03,0.03,0.03,0.03,14235000
B07.SI,20100629,0.02,0.03,0.02,0.03,2210000
B07.SI,20100628,0.02,0.03,0.02,0.03,520000
B07.SI,20100627,0.02,0.03,0.02,0.02,2982000
B07.SI,20100624,0.02,0.03,0.02,0.03,3882000
B07.SI,20100623,0.02,0.03,0.02,0.02,4135000
B07.SI,20100622,0.02,0.03,0.02,0.03,4346000
B07.SI,20100621,0.02,0.03,0.02,0.02,9343000
B07.SI,20100620,0.01,0.02,0.01,0.02,4590000
B07.SI,20100617,0.03,0.03,0.02,0.02,43885000
B07.SI,20100616,0.02,0.03,0.02,0.02,7070000
B07.SI,20100615,0.02,0.03,0.02,0.02,4668000
B07.SI,20100614,0.02,0.02,0.02,0.02,4685000
B07.SI,20100613,0.02,0.02,0.01,0.02,16854000
B07.SI,20100610,0.02,0.03,0.02,0.02,2850000
B07.SI,20100609,0.02,0.03,0.02,0.02,30745000
B07.SI,20100608,0.02,0.03,0.02,0.02,20219000
B07.SI,20100607,0.02,0.03,0.02,0.02,23121000
B07.SI,20100606,0.02,0.03,0.02,0.02,8291000
B07.SI,20100603,0.03,0.03,0.02,0.02,2250000
B07.SI,20100602,0.02,0.03,0.02,0.02,2871000
B07.SI,20100601,0.03,0.03,0.02,0.03,25921000
B07.SI,20100531,0.03,0.03,0.03,0.03,15888000
B07.SI,20100530,0.02,0.03,0.02,0.03,39708000
B07.SI,20100527,0.02,0.03,0.02,0.03,45989000
B07.SI,20100526,0.03,0.03,0.02,0.02,19005000
B07.SI,20100525,0.03,0.03,0.02,0.03,19370000
B07.SI,20100524,0.03,0.03,0.02,0.02,15022000
B07.SI,20100523,0.03,0.03,0.02,0.03,9440000
B07.SI,20100520,0.03,0.03,0.03,0.03,9514000
B07.SI,20100519,0.03,0.03,0.03,0.03,19321000
B07.SI,20100518,0.03,0.03,0.03,0.03,36985000
B07.SI,20100516,0.03,0.03,0.03,0.03,27236000
B07.SI,20100513,0.03,0.03,0.03,0.03,16180000
B07.SI,20100512,0.03,0.03,0.03,0.03,23479000
B07.SI,20100511,0.03,0.03,0.03,0.03,5075000
B07.SI,20100510,0.03,0.03,0.03,0.03,10788000
B07.SI,20100509,0.03,0.04,0.03,0.03,11816000
B07.SI,20100506,0.03,0.04,0.03,0.03,12439000
B07.SI,20100505,0.03,0.04,0.03,0.03,42374000
B07.SI,20100504,0.03,0.04,0.03,0.03,22680000
B07.SI,20100503,0.04,0.04,0.03,0.04,10517000
B07.SI,20100429,0.04,0.04,0.03,0.03,13498000
B07.SI,20100428,0.04,0.04,0.03,0.04,5516000
B07.SI,20100427,0.04,0.04,0.03,0.03,73274000
B07.SI,20100426,0.04,0.04,0.04,0.04,11255000
B07.SI,20100425,0.04,0.04,0.04,0.04,2170000
B07.SI,20100421,0.04,0.04,0.04,0.04,7296000
B07.SI,20100420,0.04,0.05,0.04,0.04,46620000
B07.SI,20100419,0.04,0.04,0.04,0.04,273000
B07.SI,20100418,0.04,0.04,0.04,0.04,1181000
B07.SI,20100415,0.04,0.04,0.04,0.04,36604000
B07.SI,20100414,0.04,0.04,0.04,0.04,24369000
B07.SI,20100413,0.04,0.04,0.04,0.04,31223000
B07.SI,20100412,0.04,0.04,0.04,0.04,17174000
B07.SI,20100411,0.04,0.05,0.04,0.04,29580000
B07.SI,20100408,0.04,0.05,0.04,0.04,92103000
B07.SI,20100407,0.05,0.05,0.05,0.05,1525000
B07.SI,20100406,0.05,0.05,0.04,0.05,17226000
B07.SI,20100405,0.05,0.05,0.04,0.05,82527000
B07.SI,20100404,0.05,0.05,0.05,0.05,19166000
B07.SI,20100401,0.05,0.05,0.05,0.05,32466000
B07.SI,20100331,0.05,0.05,0.05,0.05,5633000
B07.SI,20100330,0.05,0.05,0.05,0.05,42898000
B07.SI,20100329,0.05,0.05,0.04,0.05,111903000
B07.SI,20100328,0.04,0.05,0.04,0.04,706000
B07.SI,20100325,0.04,0.05,0.04,0.04,2410000
B07.SI,20100324,0.05,0.05,0.04,0.04,4520000
B07.SI,20100323,0.05,0.05,0.04,0.04,3244000
B07.SI,20100322,0.05,0.05,0.04,0.04,26785000
B07.SI,20100321,0.05,0.05,0.04,0.04,16362000
B07.SI,20100318,0.05,0.05,0.04,0.04,27277000
B07.SI,20100317,0.04,0.05,0.04,0.05,30947000
B07.SI,20100316,0.04,0.05,0.04,0.05,10724000
B07.SI,20100315,0.05,0.05,0.04,0.05,47335000
B07.SI,20100314,0.04,0.05,0.04,0.04,578000
B07.SI,20100311,0.05,0.05,0.04,0.05,16123000
B07.SI,20100310,0.05,0.05,0.05,0.05,1439000
B07.SI,20100309,0.05,0.05,0.05,0.05,1003000
B07.SI,20100308,0.05,0.05,0.05,0.05,35261000
B07.SI,20100307,0.05,0.05,0.04,0.05,19405000
B07.SI,20100304,0.05,0.05,0.05,0.05,24943000
B07.SI,20100303,0.05,0.05,0.05,0.05,15608000
B07.SI,20100302,0.05,0.05,0.05,0.05,10886000
B07.SI,20100301,0.05,0.05,0.05,0.05,25625000
B07.SI,20100228,0.05,0.05,0.05,0.05,6366000
B07.SI,20100225,0.05,0.05,0.05,0.05,15620000
B07.SI,20100224,0.05,0.05,0.05,0.05,6783000
B07.SI,20100223,0.05,0.05,0.05,0.05,15487000
B07.SI,20100222,0.05,0.05,0.05,0.05,127158000
B07.SI,20100221,0.05,0.05,0.05,0.05,72824000
B07.SI,20100218,0.05,0.05,0.05,0.05,79062000
B07.SI,20100217,0.05,0.05,0.05,0.05,1068000
B07.SI,20100216,0.05,0.05,0.05,0.05,2076000
B07.SI,20100215,0.05,0.05,0.05,0.05,2300000
B07.SI,20100214,0.05,0.05,0.05,0.05,26755000
B07.SI,20100211,0.05,0.05,0.05,0.05,32964000
B07.SI,20100210,0.05,0.05,0.05,0.05,8468000
B07.SI,20100209,0.05,0.06,0.05,0.05,14063000
B07.SI,20100208,0.05,0.06,0.05,0.05,45185000
B07.SI,20100207,0.06,0.06,0.05,0.05,21974000
B07.SI,20100202,0.05,0.06,0.05,0.06,2395000
B07.SI,20100201,0.06,0.06,0.05,0.05,35858000
B07.SI,20100131,0.05,0.06,0.05,0.06,29286000
B07.SI,20100128,0.06,0.06,0.05,0.05,40164000
B07.SI,20100127,0.06,0.06,0.05,0.06,5773000
B07.SI,20100126,0.06,0.06,0.05,0.05,18412000
B07.SI,20100125,0.06,0.06,0.05,0.06,57548000
B07.SI,20100124,0.06,0.06,0.06,0.06,23584000
B07.SI,20100121,0.06,0.06,0.05,0.06,73034000
B07.SI,20100120,0.05,0.06,0.05,0.06,13907000
B07.SI,20100119,0.05,0.06,0.05,0.06,68453000
B07.SI,20100118,0.05,0.05,0.05,0.05,5378000
B07.SI,20100117,0.05,0.05,0.05,0.05,3880000
B07.SI,20100114,0.05,0.05,0.05,0.05,16822000
B07.SI,20100113,0.05,0.05,0.05,0.05,50472000
B07.SI,20100112,0.05,0.05,0.05,0.05,1471000
B07.SI,20100111,0.05,0.05,0.05,0.05,423000
B07.SI,20100110,0.05,0.05,0.05,0.05,1366000
B07.SI,20100107,0.05,0.05,0.05,0.05,578000
B07.SI,20100106,0.05,0.05,0.05,0.05,598000
B07.SI,20100105,0.05,0.05,0.05,0.05,1707000
B07.SI,20100104,0.05,0.05,0.05,0.05,809000
B07.SI,20100103,0.05,0.05,0.05,0.05,1528000
