MR7.SI,20120605,0.08,0.08,0.08,0.08,225000
MR7.SI,20120604,0.08,0.08,0.08,0.08,200000
MR7.SI,20120603,0.08,0.08,0.08,0.08,000
MR7.SI,20120531,0.08,0.08,0.08,0.08,000
MR7.SI,20120530,0.08,0.08,0.08,0.08,15000
MR7.SI,20120529,0.08,0.08,0.08,0.08,000
MR7.SI,20120528,0.08,0.08,0.08,0.08,000
MR7.SI,20120527,0.08,0.08,0.08,0.08,61000
MR7.SI,20120524,0.08,0.08,0.08,0.08,000
MR7.SI,20120523,0.08,0.08,0.08,0.08,215000
MR7.SI,20120522,0.08,0.08,0.08,0.08,341000
MR7.SI,20120521,0.08,0.08,0.08,0.08,251000
MR7.SI,20120520,0.08,0.08,0.08,0.08,116000
MR7.SI,20120517,0.08,0.08,0.08,0.08,250000
MR7.SI,20120516,0.08,0.08,0.08,0.08,164000
MR7.SI,20120515,0.08,0.08,0.08,0.08,150000
MR7.SI,20120514,0.09,0.09,0.09,0.09,000
MR7.SI,20120513,0.09,0.09,0.08,0.09,1303000
MR7.SI,20120510,0.08,0.09,0.08,0.09,2616000
MR7.SI,20120509,0.08,0.08,0.08,0.08,155000
MR7.SI,20120508,0.08,0.08,0.08,0.08,596000
MR7.SI,20120507,0.08,0.08,0.08,0.08,458000
MR7.SI,20120506,0.08,0.08,0.08,0.08,902000
MR7.SI,20120503,0.08,0.08,0.08,0.08,99000
MR7.SI,20120502,0.08,0.08,0.08,0.08,271000
MR7.SI,20120501,0.08,0.08,0.08,0.08,000
MR7.SI,20120430,0.08,0.08,0.08,0.08,510000
MR7.SI,20120429,0.08,0.09,0.08,0.09,1063000
MR7.SI,20120426,0.09,0.09,0.08,0.09,311000
MR7.SI,20120425,0.09,0.09,0.09,0.09,671000
MR7.SI,20120424,0.08,0.10,0.08,0.09,4047000
MR7.SI,20120423,0.08,0.08,0.08,0.08,30000
MR7.SI,20120422,0.08,0.08,0.08,0.08,100000
MR7.SI,20120419,0.08,0.08,0.08,0.08,000
MR7.SI,20120418,0.08,0.08,0.08,0.08,25000
MR7.SI,20120417,0.08,0.08,0.08,0.08,000
MR7.SI,20120416,0.08,0.08,0.08,0.08,000
MR7.SI,20120415,0.08,0.08,0.08,0.08,20000
MR7.SI,20120412,0.08,0.08,0.08,0.08,000
MR7.SI,20120411,0.08,0.08,0.08,0.08,130000
MR7.SI,20120410,0.08,0.08,0.08,0.08,30000
MR7.SI,20120409,0.08,0.08,0.08,0.08,75000
MR7.SI,20120408,0.08,0.08,0.08,0.08,000
MR7.SI,20120405,0.08,0.08,0.08,0.08,000
MR7.SI,20120404,0.08,0.08,0.08,0.08,100000
MR7.SI,20120403,0.08,0.08,0.08,0.08,150000
MR7.SI,20120402,0.08,0.08,0.08,0.08,000
MR7.SI,20120401,0.08,0.08,0.08,0.08,150000
MR7.SI,20120329,0.08,0.08,0.08,0.08,000
MR7.SI,20120328,0.08,0.08,0.08,0.08,110000
MR7.SI,20120327,0.08,0.08,0.08,0.08,000
MR7.SI,20120326,0.08,0.08,0.08,0.08,000
MR7.SI,20120325,0.08,0.08,0.08,0.08,133000
MR7.SI,20120322,0.09,0.09,0.09,0.09,000
MR7.SI,20120321,0.09,0.09,0.09,0.09,220000
MR7.SI,20120320,0.09,0.09,0.09,0.09,000
MR7.SI,20120319,0.09,0.09,0.09,0.09,000
MR7.SI,20120318,0.09,0.09,0.09,0.09,100000
MR7.SI,20120315,0.09,0.09,0.09,0.09,130000
MR7.SI,20120314,0.09,0.09,0.09,0.09,000
MR7.SI,20120313,0.09,0.09,0.09,0.09,105000
MR7.SI,20120312,0.09,0.09,0.09,0.09,000
MR7.SI,20120311,0.09,0.09,0.09,0.09,120000
MR7.SI,20120308,0.09,0.09,0.09,0.09,280000
MR7.SI,20120307,0.09,0.09,0.09,0.09,000
MR7.SI,20120306,0.09,0.09,0.09,0.09,200000
MR7.SI,20120305,0.09,0.09,0.09,0.09,000
MR7.SI,20120304,0.09,0.09,0.09,0.09,000
MR7.SI,20120301,0.09,0.09,0.09,0.09,285000
MR7.SI,20120229,0.09,0.09,0.09,0.09,60000
MR7.SI,20120228,0.09,0.09,0.09,0.09,111000
MR7.SI,20120227,0.09,0.09,0.09,0.09,000
MR7.SI,20120226,0.09,0.09,0.09,0.09,000
MR7.SI,20120223,0.09,0.09,0.09,0.09,100000
MR7.SI,20120222,0.10,0.10,0.10,0.10,000
MR7.SI,20120221,0.10,0.10,0.09,0.10,660000
MR7.SI,20120220,0.09,0.10,0.09,0.10,51000
MR7.SI,20120219,0.09,0.09,0.09,0.09,000
MR7.SI,20120216,0.09,0.09,0.09,0.09,30000
MR7.SI,20120215,0.09,0.10,0.09,0.10,496000
MR7.SI,20120214,0.09,0.09,0.09,0.09,40000
MR7.SI,20120213,0.10,0.10,0.10,0.10,000
MR7.SI,20120212,0.10,0.10,0.10,0.10,000
MR7.SI,20120209,0.10,0.10,0.10,0.10,7000
MR7.SI,20120208,0.10,0.10,0.10,0.10,30000
MR7.SI,20120207,0.10,0.10,0.10,0.10,106000
MR7.SI,20120206,0.10,0.10,0.10,0.10,835000
MR7.SI,20120205,0.09,0.10,0.09,0.10,1431000
MR7.SI,20120202,0.09,0.09,0.09,0.09,160000
MR7.SI,20120201,0.10,0.10,0.09,0.09,54000
MR7.SI,20120131,0.09,0.10,0.09,0.09,1244000
MR7.SI,20120130,0.09,0.09,0.09,0.09,772000
MR7.SI,20120129,0.09,0.09,0.09,0.09,1979000
MR7.SI,20120126,0.08,0.08,0.08,0.08,120000
MR7.SI,20120125,0.08,0.09,0.08,0.09,1012000
MR7.SI,20120124,0.08,0.08,0.08,0.08,165000
MR7.SI,20120123,0.08,0.08,0.08,0.08,75000
MR7.SI,20120122,0.08,0.08,0.08,0.08,425000
MR7.SI,20120119,0.08,0.08,0.08,0.08,000
MR7.SI,20120118,0.08,0.08,0.08,0.08,160000
MR7.SI,20120117,0.08,0.08,0.08,0.08,31000
MR7.SI,20120116,0.08,0.08,0.08,0.08,000
MR7.SI,20120115,0.08,0.08,0.08,0.08,000
MR7.SI,20120112,0.08,0.08,0.08,0.08,300000
MR7.SI,20120111,0.09,0.09,0.09,0.09,93000
MR7.SI,20120110,0.10,0.10,0.10,0.10,000
MR7.SI,20120109,0.10,0.10,0.10,0.10,000
MR7.SI,20120108,0.10,0.10,0.10,0.10,000
MR7.SI,20120105,0.10,0.10,0.10,0.10,000
MR7.SI,20120104,0.09,0.10,0.09,0.10,50000
MR7.SI,20120103,0.09,0.09,0.09,0.09,000
MR7.SI,20120102,0.09,0.09,0.09,0.09,000
MR7.SI,20120101,0.09,0.09,0.09,0.09,000
MR7.SI,20111229,0.09,0.09,0.09,0.09,000
MR7.SI,20111228,0.09,0.09,0.09,0.09,000
MR7.SI,20111227,0.09,0.09,0.09,0.09,000
MR7.SI,20111226,0.09,0.09,0.09,0.09,000
MR7.SI,20111225,0.09,0.09,0.09,0.09,000
MR7.SI,20111222,0.08,0.09,0.08,0.09,25000
MR7.SI,20111221,0.08,0.09,0.08,0.09,550000
MR7.SI,20111220,0.09,0.09,0.09,0.09,000
MR7.SI,20111219,0.09,0.09,0.09,0.09,000
MR7.SI,20111218,0.08,0.09,0.08,0.09,26000
MR7.SI,20111215,0.08,0.08,0.08,0.08,000
MR7.SI,20111214,0.08,0.08,0.08,0.08,000
MR7.SI,20111213,0.08,0.08,0.08,0.08,000
MR7.SI,20111212,0.08,0.08,0.08,0.08,000
MR7.SI,20111211,0.08,0.08,0.08,0.08,000
MR7.SI,20111208,0.08,0.08,0.08,0.08,000
MR7.SI,20111207,0.08,0.08,0.08,0.08,000
MR7.SI,20111206,0.08,0.08,0.08,0.08,000
MR7.SI,20111205,0.08,0.08,0.08,0.08,000
MR7.SI,20111204,0.08,0.08,0.08,0.08,10000
MR7.SI,20111201,0.08,0.08,0.08,0.08,000
MR7.SI,20111130,0.08,0.08,0.08,0.08,2000
MR7.SI,20111129,0.09,0.09,0.09,0.09,000
MR7.SI,20111128,0.09,0.09,0.09,0.09,1000
MR7.SI,20111127,0.09,0.09,0.08,0.08,2000
MR7.SI,20111124,0.09,0.09,0.09,0.09,000
MR7.SI,20111123,0.09,0.09,0.09,0.09,40000
MR7.SI,20111122,0.09,0.09,0.09,0.09,1000
MR7.SI,20111121,0.09,0.09,0.09,0.09,2000
MR7.SI,20111120,0.09,0.09,0.09,0.09,1000
MR7.SI,20111117,0.08,0.08,0.08,0.08,60000
MR7.SI,20111116,0.09,0.09,0.09,0.09,000
MR7.SI,20111115,0.09,0.09,0.09,0.09,000
MR7.SI,20111114,0.09,0.09,0.09,0.09,000
MR7.SI,20111113,0.09,0.09,0.09,0.09,30000
MR7.SI,20111110,0.09,0.09,0.09,0.09,000
MR7.SI,20111109,0.09,0.09,0.09,0.09,000
MR7.SI,20111108,0.09,0.09,0.09,0.09,000
MR7.SI,20111107,0.09,0.09,0.09,0.09,000
MR7.SI,20111106,0.09,0.09,0.09,0.09,000
MR7.SI,20111103,0.09,0.09,0.09,0.09,000
MR7.SI,20111102,0.09,0.09,0.09,0.09,000
MR7.SI,20111101,0.09,0.09,0.09,0.09,000
MR7.SI,20111031,0.09,0.09,0.09,0.09,000
MR7.SI,20111030,0.09,0.09,0.09,0.09,000
MR7.SI,20111027,0.09,0.09,0.09,0.09,000
MR7.SI,20111026,0.09,0.09,0.09,0.09,000
MR7.SI,20111025,0.09,0.09,0.09,0.09,000
MR7.SI,20111024,0.09,0.09,0.09,0.09,000
MR7.SI,20111023,0.09,0.09,0.09,0.09,000
MR7.SI,20111020,0.09,0.09,0.09,0.09,1000
MR7.SI,20111019,0.08,0.08,0.08,0.08,000
MR7.SI,20111018,0.09,0.09,0.08,0.08,2000
MR7.SI,20111017,0.08,0.08,0.08,0.08,40000
MR7.SI,20111016,0.08,0.09,0.08,0.09,127000
MR7.SI,20111013,0.09,0.09,0.09,0.09,000
MR7.SI,20111012,0.09,0.09,0.09,0.09,000
MR7.SI,20111011,0.09,0.09,0.09,0.09,000
MR7.SI,20111010,0.08,0.09,0.08,0.09,45000
MR7.SI,20111009,0.09,0.09,0.09,0.09,000
MR7.SI,20111006,0.09,0.09,0.09,0.09,000
MR7.SI,20111005,0.09,0.09,0.09,0.09,000
MR7.SI,20111004,0.09,0.09,0.09,0.09,000
MR7.SI,20111003,0.09,0.09,0.09,0.09,000
MR7.SI,20111002,0.09,0.09,0.09,0.09,000
MR7.SI,20110929,0.09,0.09,0.09,0.09,000
MR7.SI,20110928,0.09,0.09,0.09,0.09,1000
MR7.SI,20110927,0.09,0.09,0.09,0.09,30000
MR7.SI,20110926,0.10,0.10,0.10,0.10,000
MR7.SI,20110925,0.09,0.10,0.09,0.10,118000
MR7.SI,20110922,0.09,0.09,0.09,0.09,000
MR7.SI,20110921,0.09,0.09,0.09,0.09,000
MR7.SI,20110920,0.09,0.09,0.09,0.09,000
MR7.SI,20110919,0.09,0.09,0.09,0.09,882000
MR7.SI,20110918,0.08,0.08,0.08,0.08,000
MR7.SI,20110915,0.08,0.08,0.08,0.08,000
MR7.SI,20110914,0.08,0.08,0.08,0.08,000
MR7.SI,20110913,0.08,0.08,0.08,0.08,000
MR7.SI,20110912,0.08,0.08,0.08,0.08,000
MR7.SI,20110911,0.08,0.08,0.08,0.08,000
MR7.SI,20110908,0.08,0.08,0.08,0.08,17000
MR7.SI,20110907,0.09,0.09,0.09,0.09,000
MR7.SI,20110906,0.09,0.09,0.09,0.09,3000
MR7.SI,20110905,0.09,0.09,0.09,0.09,000
MR7.SI,20110904,0.09,0.09,0.09,0.09,000
MR7.SI,20110901,0.09,0.09,0.09,0.09,000
MR7.SI,20110831,0.09,0.09,0.09,0.09,000
MR7.SI,20110830,0.09,0.09,0.09,0.09,000
MR7.SI,20110829,0.09,0.09,0.09,0.09,000
MR7.SI,20110828,0.09,0.09,0.09,0.09,000
MR7.SI,20110825,0.09,0.09,0.09,0.09,000
MR7.SI,20110824,0.09,0.09,0.09,0.09,000
MR7.SI,20110823,0.09,0.09,0.09,0.09,000
MR7.SI,20110822,0.09,0.09,0.08,0.09,106000
MR7.SI,20110821,0.09,0.09,0.09,0.09,000
MR7.SI,20110818,0.09,0.09,0.09,0.09,000
MR7.SI,20110817,0.09,0.09,0.09,0.09,000
MR7.SI,20110816,0.08,0.09,0.08,0.09,101000
MR7.SI,20110815,0.09,0.09,0.09,0.09,10000
MR7.SI,20110814,0.09,0.09,0.09,0.09,53000
MR7.SI,20110811,0.09,0.09,0.09,0.09,000
MR7.SI,20110810,0.09,0.09,0.09,0.09,000
MR7.SI,20110809,0.08,0.09,0.08,0.09,21000
MR7.SI,20110808,0.09,0.09,0.09,0.09,000
MR7.SI,20110807,0.09,0.09,0.09,0.09,000
MR7.SI,20110804,0.08,0.09,0.08,0.09,22000
MR7.SI,20110803,0.08,0.08,0.08,0.08,000
MR7.SI,20110802,0.08,0.08,0.08,0.08,000
MR7.SI,20110801,0.08,0.08,0.08,0.08,000
MR7.SI,20110731,0.08,0.08,0.08,0.08,35000
MR7.SI,20110728,0.08,0.08,0.08,0.08,000
MR7.SI,20110727,0.08,0.08,0.08,0.08,000
MR7.SI,20110726,0.08,0.08,0.08,0.08,000
MR7.SI,20110725,0.08,0.08,0.08,0.08,000
MR7.SI,20110724,0.08,0.08,0.08,0.08,000
MR7.SI,20110721,0.08,0.08,0.08,0.08,000
MR7.SI,20110720,0.08,0.08,0.08,0.08,000
MR7.SI,20110719,0.08,0.08,0.08,0.08,9000
MR7.SI,20110718,0.09,0.09,0.09,0.09,000
MR7.SI,20110717,0.09,0.09,0.09,0.09,000
MR7.SI,20110714,0.09,0.09,0.09,0.09,000
MR7.SI,20110713,0.09,0.09,0.09,0.09,272000
MR7.SI,20110712,0.08,0.08,0.08,0.08,000
MR7.SI,20110711,0.08,0.08,0.08,0.08,000
MR7.SI,20110710,0.08,0.08,0.08,0.08,000
MR7.SI,20110707,0.08,0.08,0.08,0.08,000
MR7.SI,20110706,0.08,0.08,0.08,0.08,21000
MR7.SI,20110705,0.07,0.07,0.07,0.07,10000
MR7.SI,20110704,0.08,0.08,0.08,0.08,000
MR7.SI,20110703,0.08,0.08,0.08,0.08,000
MR7.SI,20110630,0.08,0.08,0.08,0.08,3000
MR7.SI,20110629,0.08,0.08,0.08,0.08,000
MR7.SI,20110628,0.08,0.08,0.08,0.08,50000
MR7.SI,20110627,0.08,0.08,0.08,0.08,50000
MR7.SI,20110626,0.08,0.08,0.08,0.08,2000
MR7.SI,20110623,0.08,0.08,0.08,0.08,000
MR7.SI,20110622,0.08,0.08,0.08,0.08,000
MR7.SI,20110621,0.08,0.08,0.08,0.08,000
MR7.SI,20110620,0.08,0.08,0.08,0.08,000
MR7.SI,20110619,0.08,0.08,0.08,0.08,000
MR7.SI,20110616,0.08,0.08,0.08,0.08,35000
MR7.SI,20110615,0.08,0.08,0.08,0.08,30000
MR7.SI,20110614,0.08,0.08,0.08,0.08,20000
MR7.SI,20110613,0.08,0.08,0.08,0.08,36000
MR7.SI,20110612,0.08,0.08,0.08,0.08,140000
MR7.SI,20110609,0.08,0.08,0.08,0.08,29000
MR7.SI,20110608,0.08,0.08,0.08,0.08,20000
MR7.SI,20110607,0.08,0.08,0.08,0.08,000
MR7.SI,20110606,0.08,0.08,0.08,0.08,100000
MR7.SI,20110605,0.08,0.08,0.08,0.08,50000
MR7.SI,20110602,0.08,0.10,0.08,0.08,185000
MR7.SI,20110601,0.08,0.08,0.08,0.08,000
MR7.SI,20110531,0.08,0.08,0.08,0.08,50000
MR7.SI,20110530,0.09,0.09,0.08,0.08,40000
MR7.SI,20110529,0.08,0.08,0.08,0.08,000
MR7.SI,20110526,0.08,0.08,0.08,0.08,10000
MR7.SI,20110525,0.08,0.08,0.08,0.08,000
MR7.SI,20110524,0.08,0.08,0.08,0.08,000
MR7.SI,20110523,0.08,0.08,0.08,0.08,75000
MR7.SI,20110522,0.08,0.08,0.08,0.08,000
MR7.SI,20110519,0.08,0.08,0.08,0.08,000
MR7.SI,20110518,0.08,0.08,0.08,0.08,000
MR7.SI,20110517,0.09,0.09,0.08,0.08,127000
MR7.SI,20110516,0.09,0.09,0.09,0.09,131000
MR7.SI,20110515,0.09,0.09,0.09,0.09,80000
MR7.SI,20110512,0.09,0.10,0.09,0.09,72000
MR7.SI,20110511,0.10,0.10,0.10,0.10,000
MR7.SI,20110510,0.10,0.10,0.10,0.10,000
MR7.SI,20110509,0.10,0.10,0.10,0.10,000
MR7.SI,20110508,0.10,0.10,0.10,0.10,000
MR7.SI,20110505,0.09,0.10,0.09,0.10,99000
MR7.SI,20110504,0.09,0.10,0.09,0.10,151000
MR7.SI,20110503,0.09,0.09,0.09,0.09,13000
MR7.SI,20110502,0.09,0.09,0.09,0.09,000
MR7.SI,20110501,0.09,0.09,0.09,0.09,19000
MR7.SI,20110428,0.09,0.09,0.09,0.09,20000
MR7.SI,20110427,0.09,0.09,0.09,0.09,000
MR7.SI,20110426,0.09,0.09,0.09,0.09,60000
MR7.SI,20110425,0.09,0.10,0.09,0.09,20000
MR7.SI,20110424,0.10,0.10,0.09,0.09,711000
MR7.SI,20110421,0.09,0.10,0.09,0.10,236000
MR7.SI,20110420,0.09,0.09,0.09,0.09,000
MR7.SI,20110419,0.09,0.09,0.09,0.09,90000
MR7.SI,20110418,0.09,0.09,0.09,0.09,80000
MR7.SI,20110417,0.09,0.09,0.09,0.09,80000
MR7.SI,20110414,0.09,0.09,0.09,0.09,122000
MR7.SI,20110413,0.09,0.09,0.09,0.09,000
MR7.SI,20110412,0.09,0.09,0.09,0.09,150000
MR7.SI,20110411,0.09,0.09,0.09,0.09,40000
MR7.SI,20110410,0.09,0.09,0.09,0.09,45000
MR7.SI,20110407,0.09,0.09,0.09,0.09,000
MR7.SI,20110406,0.09,0.09,0.09,0.09,40000
MR7.SI,20110405,0.09,0.09,0.09,0.09,000
MR7.SI,20110404,0.09,0.09,0.09,0.09,000
MR7.SI,20110403,0.09,0.09,0.09,0.09,5000
MR7.SI,20110331,0.09,0.09,0.09,0.09,000
MR7.SI,20110330,0.09,0.09,0.09,0.09,000
MR7.SI,20110329,0.09,0.09,0.09,0.09,000
MR7.SI,20110328,0.09,0.09,0.09,0.09,25000
MR7.SI,20110327,0.09,0.09,0.09,0.09,10000
MR7.SI,20110324,0.09,0.09,0.09,0.09,000
MR7.SI,20110323,0.09,0.09,0.09,0.09,000
MR7.SI,20110322,0.09,0.09,0.09,0.09,000
MR7.SI,20110321,0.09,0.09,0.09,0.09,50000
MR7.SI,20110320,0.10,0.10,0.10,0.10,000
MR7.SI,20110317,0.10,0.10,0.10,0.10,148000
MR7.SI,20110316,0.10,0.10,0.10,0.10,000
MR7.SI,20110315,0.10,0.10,0.10,0.10,000
MR7.SI,20110314,0.10,0.10,0.09,0.10,175000
MR7.SI,20110313,0.10,0.10,0.10,0.10,36000
MR7.SI,20110310,0.10,0.10,0.10,0.10,469000
MR7.SI,20110309,0.09,0.09,0.09,0.09,50000
MR7.SI,20110308,0.10,0.10,0.10,0.10,000
MR7.SI,20110307,0.09,0.10,0.09,0.09,169000
MR7.SI,20110306,0.10,0.10,0.10,0.10,131000
MR7.SI,20110303,0.10,0.10,0.09,0.10,317000
MR7.SI,20110302,0.10,0.10,0.10,0.10,51000
MR7.SI,20110301,0.09,0.09,0.09,0.09,220000
MR7.SI,20110228,0.09,0.10,0.09,0.09,1293000
MR7.SI,20110227,0.10,0.10,0.10,0.10,20000
MR7.SI,20110224,0.09,0.09,0.09,0.09,30000
MR7.SI,20110223,0.10,0.10,0.10,0.10,000
MR7.SI,20110222,0.10,0.10,0.10,0.10,188000
MR7.SI,20110221,0.10,0.10,0.10,0.10,65000
MR7.SI,20110220,0.10,0.11,0.10,0.10,305000
MR7.SI,20110217,0.11,0.11,0.11,0.11,000
MR7.SI,20110216,0.11,0.11,0.11,0.11,000
MR7.SI,20110215,0.11,0.11,0.11,0.11,000
MR7.SI,20110214,0.11,0.11,0.11,0.11,000
MR7.SI,20110213,0.11,0.11,0.11,0.11,000
MR7.SI,20110210,0.11,0.11,0.11,0.11,50000
MR7.SI,20110209,0.11,0.11,0.11,0.11,288000
MR7.SI,20110208,0.11,0.11,0.11,0.11,444000
MR7.SI,20110207,0.10,0.11,0.10,0.11,236000
MR7.SI,20110206,0.10,0.10,0.10,0.10,271000
MR7.SI,20110203,0.10,0.10,0.10,0.10,90000
MR7.SI,20110202,0.10,0.10,0.09,0.10,278000
MR7.SI,20110201,0.10,0.10,0.09,0.09,30000
MR7.SI,20110131,0.09,0.10,0.09,0.10,218000
MR7.SI,20110130,0.09,0.09,0.09,0.09,30000
MR7.SI,20110127,0.09,0.09,0.09,0.09,000
MR7.SI,20110126,0.09,0.09,0.09,0.09,40000
MR7.SI,20110125,0.10,0.10,0.10,0.10,000
MR7.SI,20110124,0.10,0.10,0.10,0.10,000
MR7.SI,20110123,0.10,0.10,0.10,0.10,000
MR7.SI,20110120,0.10,0.10,0.10,0.10,000
MR7.SI,20110119,0.10,0.10,0.10,0.10,105000
MR7.SI,20110118,0.09,0.09,0.09,0.09,30000
MR7.SI,20110117,0.09,0.10,0.09,0.10,60000
MR7.SI,20110116,0.09,0.09,0.09,0.09,000
MR7.SI,20110113,0.09,0.09,0.09,0.09,50000
MR7.SI,20110112,0.09,0.09,0.09,0.09,000
MR7.SI,20110111,0.09,0.09,0.09,0.09,107000
MR7.SI,20110110,0.09,0.09,0.09,0.09,000
MR7.SI,20110109,0.09,0.09,0.09,0.09,50000
MR7.SI,20110106,0.10,0.10,0.10,0.10,000
MR7.SI,20110105,0.10,0.10,0.10,0.10,000
MR7.SI,20110104,0.10,0.10,0.10,0.10,000
MR7.SI,20110103,0.10,0.10,0.10,0.10,12000
MR7.SI,20110102,0.09,0.09,0.09,0.09,000
MR7.SI,20101230,0.09,0.09,0.09,0.09,214000
MR7.SI,20101229,0.10,0.10,0.09,0.09,326000
MR7.SI,20101228,0.09,0.09,0.09,0.09,000
MR7.SI,20101227,0.09,0.09,0.09,0.09,25000
MR7.SI,20101226,0.09,0.09,0.09,0.09,000
MR7.SI,20101223,0.10,0.10,0.09,0.09,148000
MR7.SI,20101222,0.09,0.09,0.09,0.09,000
MR7.SI,20101221,0.10,0.10,0.09,0.09,107000
MR7.SI,20101220,0.09,0.09,0.09,0.09,1000
MR7.SI,20101219,0.09,0.09,0.09,0.09,30000
MR7.SI,20101216,0.09,0.10,0.09,0.10,108000
MR7.SI,20101215,0.09,0.09,0.09,0.09,000
MR7.SI,20101214,0.09,0.10,0.09,0.09,2050000
MR7.SI,20101213,0.09,0.09,0.09,0.09,100000
MR7.SI,20101212,0.09,0.09,0.09,0.09,000
MR7.SI,20101209,0.09,0.09,0.09,0.09,207000
MR7.SI,20101208,0.09,0.09,0.09,0.09,101000
MR7.SI,20101207,0.09,0.09,0.09,0.09,3000
MR7.SI,20101206,0.09,0.09,0.09,0.09,1227000
MR7.SI,20101205,0.10,0.10,0.10,0.10,000
MR7.SI,20101202,0.10,0.10,0.10,0.10,000
MR7.SI,20101201,0.10,0.10,0.10,0.10,100000
MR7.SI,20101130,0.09,0.09,0.09,0.09,210000
MR7.SI,20101129,0.09,0.09,0.09,0.09,000
MR7.SI,20101128,0.09,0.09,0.09,0.09,000
MR7.SI,20101125,0.09,0.09,0.09,0.09,20000
MR7.SI,20101124,0.09,0.09,0.09,0.09,000
MR7.SI,20101123,0.09,0.09,0.09,0.09,000
MR7.SI,20101122,0.09,0.09,0.09,0.09,000
MR7.SI,20101121,0.09,0.09,0.09,0.09,000
MR7.SI,20101118,0.09,0.09,0.09,0.09,20000
MR7.SI,20101117,0.09,0.09,0.09,0.09,7000
MR7.SI,20101116,0.09,0.09,0.09,0.09,15000
MR7.SI,20101114,0.09,0.09,0.09,0.09,50000
MR7.SI,20101111,0.09,0.09,0.09,0.09,40000
MR7.SI,20101110,0.09,0.09,0.09,0.09,20000
MR7.SI,20101108,0.09,0.09,0.09,0.09,50000
MR7.SI,20101104,0.09,0.09,0.09,0.09,20000
MR7.SI,20101102,0.10,0.10,0.09,0.09,123000
MR7.SI,20101031,0.10,0.11,0.10,0.11,51000
MR7.SI,20101025,0.10,0.12,0.10,0.10,92000
MR7.SI,20101024,0.15,0.15,0.15,0.15,1000
MR7.SI,20101018,0.10,0.10,0.10,0.10,40000
MR7.SI,20101017,0.10,0.10,0.10,0.10,67000
MR7.SI,20101014,0.10,0.10,0.10,0.10,44000
MR7.SI,20101013,0.09,0.09,0.09,0.09,120000
MR7.SI,20101011,0.10,0.10,0.09,0.09,121000
MR7.SI,20101007,0.09,0.09,0.09,0.09,89000
MR7.SI,20101005,0.10,0.10,0.09,0.09,19000
MR7.SI,20101004,0.10,0.10,0.09,0.09,81000
MR7.SI,20101003,0.10,0.10,0.10,0.10,281000
MR7.SI,20100929,0.11,0.11,0.11,0.11,78000
MR7.SI,20100928,0.11,0.11,0.11,0.11,66000
MR7.SI,20100927,0.11,0.11,0.11,0.11,8000
MR7.SI,20100926,0.11,0.11,0.11,0.11,295000
MR7.SI,20100923,0.12,0.12,0.12,0.12,130000
MR7.SI,20100919,0.12,0.12,0.12,0.12,40000
MR7.SI,20100916,0.12,0.12,0.12,0.12,217000
MR7.SI,20100915,0.12,0.12,0.12,0.12,10000
MR7.SI,20100914,0.12,0.12,0.12,0.12,38000
MR7.SI,20100913,0.12,0.12,0.12,0.12,14000
MR7.SI,20100908,0.12,0.12,0.12,0.12,260000
MR7.SI,20100907,0.14,0.14,0.14,0.14,85000
MR7.SI,20100831,0.12,0.13,0.12,0.13,41000
MR7.SI,20100829,0.11,0.11,0.11,0.11,60000
MR7.SI,20100825,0.11,0.11,0.11,0.11,105000
MR7.SI,20100824,0.11,0.11,0.11,0.11,149000
MR7.SI,20100823,0.11,0.11,0.11,0.11,19000
MR7.SI,20100822,0.11,0.11,0.11,0.11,186000
MR7.SI,20100819,0.11,0.12,0.11,0.12,41000
MR7.SI,20100818,0.14,0.14,0.12,0.12,178000
MR7.SI,20100817,0.12,0.12,0.12,0.12,93000
MR7.SI,20100816,0.12,0.12,0.12,0.12,130000
MR7.SI,20100815,0.12,0.12,0.12,0.12,86000
MR7.SI,20100812,0.12,0.12,0.12,0.12,87000
MR7.SI,20100811,0.13,0.13,0.11,0.12,651000
MR7.SI,20100810,0.15,0.15,0.13,0.13,478000
MR7.SI,20100808,0.14,0.15,0.14,0.15,80000
MR7.SI,20100805,0.16,0.16,0.15,0.15,429000
MR7.SI,20100804,0.16,0.16,0.16,0.16,30000
MR7.SI,20100802,0.17,0.17,0.17,0.17,20000
MR7.SI,20100801,0.17,0.17,0.17,0.17,20000
MR7.SI,20100729,0.16,0.17,0.16,0.16,89000
MR7.SI,20100728,0.17,0.17,0.17,0.17,247000
MR7.SI,20100727,0.17,0.17,0.16,0.16,63000
MR7.SI,20100726,0.16,0.17,0.16,0.17,237000
MR7.SI,20100725,0.16,0.16,0.16,0.16,365000
MR7.SI,20100722,0.16,0.16,0.16,0.16,340000
MR7.SI,20100721,0.16,0.16,0.16,0.16,175000
MR7.SI,20100720,0.16,0.16,0.16,0.16,185000
MR7.SI,20100719,0.16,0.16,0.16,0.16,180000
MR7.SI,20100718,0.16,0.16,0.16,0.16,578000
MR7.SI,20100715,0.16,0.16,0.16,0.16,226000
MR7.SI,20100714,0.16,0.16,0.16,0.16,45000
MR7.SI,20100713,0.16,0.16,0.16,0.16,330000
MR7.SI,20100712,0.16,0.16,0.16,0.16,455000
MR7.SI,20100711,0.16,0.16,0.16,0.16,99000
MR7.SI,20100708,0.17,0.17,0.16,0.16,162000
MR7.SI,20100707,0.17,0.17,0.16,0.16,326000
MR7.SI,20100706,0.17,0.17,0.17,0.17,170000
MR7.SI,20100705,0.17,0.17,0.17,0.17,200000
MR7.SI,20100704,0.17,0.17,0.17,0.17,285000
MR7.SI,20100701,0.17,0.17,0.17,0.17,400000
MR7.SI,20100630,0.17,0.18,0.17,0.17,1338000
MR7.SI,20100629,0.17,0.17,0.17,0.17,1436000
MR7.SI,20100628,0.17,0.17,0.17,0.17,424000
MR7.SI,20100627,0.17,0.17,0.17,0.17,795000
MR7.SI,20100624,0.17,0.17,0.17,0.17,2494000
MR7.SI,20100623,0.17,0.17,0.16,0.17,463000
MR7.SI,20100622,0.17,0.17,0.17,0.17,632000
MR7.SI,20100621,0.17,0.17,0.17,0.17,719000
MR7.SI,20100620,0.16,0.17,0.16,0.17,419000
MR7.SI,20100617,0.16,0.16,0.16,0.16,210000
MR7.SI,20100616,0.16,0.16,0.16,0.16,40000
MR7.SI,20100615,0.16,0.16,0.16,0.16,50000
MR7.SI,20100614,0.16,0.17,0.16,0.17,351000
MR7.SI,20100613,0.16,0.16,0.16,0.16,79000
MR7.SI,20100610,0.17,0.17,0.17,0.17,250000
MR7.SI,20100609,0.17,0.17,0.17,0.17,50000
MR7.SI,20100608,0.17,0.17,0.17,0.17,104000
MR7.SI,20100607,0.17,0.17,0.17,0.17,290000
MR7.SI,20100606,0.17,0.17,0.17,0.17,205000
MR7.SI,20100603,0.17,0.17,0.17,0.17,923000
MR7.SI,20100602,0.17,0.17,0.17,0.17,157000
MR7.SI,20100601,0.17,0.17,0.17,0.17,252000
MR7.SI,20100531,0.17,0.17,0.17,0.17,383000
MR7.SI,20100530,0.17,0.17,0.17,0.17,698000
MR7.SI,20100527,0.17,0.17,0.17,0.17,1309000
MR7.SI,20100526,0.17,0.17,0.17,0.17,439000
MR7.SI,20100525,0.17,0.17,0.17,0.17,413000
MR7.SI,20100524,0.18,0.18,0.18,0.18,375000
MR7.SI,20100523,0.18,0.18,0.17,0.17,170000
MR7.SI,20100520,0.18,0.19,0.18,0.19,10762000
MR7.SI,20100519,0.17,0.18,0.17,0.17,2506000
MR7.SI,20100518,0.17,0.17,0.17,0.17,521000
MR7.SI,20100516,0.17,0.17,0.17,0.17,400000
MR7.SI,20100513,0.17,0.17,0.17,0.17,161000
MR7.SI,20100512,0.17,0.18,0.17,0.18,302000
MR7.SI,20100511,0.17,0.19,0.17,0.17,4706000
MR7.SI,20100510,0.17,0.17,0.17,0.17,152000
MR7.SI,20100509,0.17,0.17,0.17,0.17,42000
MR7.SI,20100506,0.17,0.17,0.17,0.17,130000
MR7.SI,20100505,0.17,0.17,0.17,0.17,70000
MR7.SI,20100504,0.17,0.17,0.17,0.17,430000
MR7.SI,20100503,0.17,0.17,0.17,0.17,40000
MR7.SI,20100429,0.17,0.17,0.17,0.17,535000
MR7.SI,20100428,0.18,0.18,0.17,0.17,1041000
MR7.SI,20100427,0.19,0.19,0.18,0.18,259000
MR7.SI,20100426,0.19,0.19,0.18,0.19,1579000
MR7.SI,20100425,0.19,0.19,0.19,0.19,350000
MR7.SI,20100421,0.20,0.20,0.19,0.19,815000
MR7.SI,20100420,0.20,0.20,0.20,0.20,969000
MR7.SI,20100419,0.19,0.20,0.19,0.20,828000
MR7.SI,20100418,0.20,0.22,0.20,0.20,5516000
MR7.SI,20100415,0.20,0.20,0.20,0.20,1879000
MR7.SI,20100414,0.19,0.21,0.19,0.20,8513000
MR7.SI,20100413,0.19,0.19,0.19,0.19,1176000
MR7.SI,20100412,0.19,0.19,0.19,0.19,1630000
MR7.SI,20100411,0.19,0.20,0.19,0.19,1600000
MR7.SI,20100408,0.18,0.20,0.18,0.19,19820000
MR7.SI,20100407,0.18,0.19,0.18,0.18,1384000
MR7.SI,20100406,0.18,0.19,0.18,0.19,702000
MR7.SI,20100405,0.18,0.18,0.17,0.17,890000
MR7.SI,20100404,0.17,0.18,0.17,0.18,1972000
MR7.SI,20100401,0.17,0.18,0.17,0.18,230000
MR7.SI,20100331,0.18,0.18,0.17,0.18,283000
MR7.SI,20100330,0.17,0.17,0.17,0.17,190000
MR7.SI,20100329,0.17,0.17,0.17,0.17,555000
MR7.SI,20100328,0.18,0.19,0.17,0.17,7548000
MR7.SI,20100325,0.16,0.17,0.16,0.17,2080000
MR7.SI,20100324,0.16,0.17,0.16,0.16,825000
MR7.SI,20100323,0.16,0.16,0.16,0.16,172000
MR7.SI,20100322,0.16,0.16,0.16,0.16,1776000
MR7.SI,20100321,0.16,0.16,0.16,0.16,2105000
MR7.SI,20100318,0.16,0.16,0.16,0.16,974000
MR7.SI,20100317,0.16,0.16,0.16,0.16,251000
MR7.SI,20100316,0.16,0.16,0.15,0.16,1262000
MR7.SI,20100315,0.17,0.17,0.16,0.16,1522000
MR7.SI,20100314,0.16,0.17,0.16,0.17,1910000
MR7.SI,20100311,0.17,0.17,0.17,0.17,1383000
MR7.SI,20100310,0.17,0.17,0.17,0.17,250000
MR7.SI,20100309,0.17,0.17,0.17,0.17,314000
MR7.SI,20100308,0.17,0.17,0.17,0.17,524000
MR7.SI,20100307,0.17,0.17,0.17,0.17,580000
MR7.SI,20100304,0.17,0.17,0.17,0.17,160000
MR7.SI,20100303,0.17,0.17,0.17,0.17,406000
MR7.SI,20100302,0.17,0.17,0.17,0.17,1413000
MR7.SI,20100301,0.17,0.17,0.17,0.17,1366000
MR7.SI,20100228,0.17,0.17,0.17,0.17,1110000
MR7.SI,20100225,0.17,0.17,0.17,0.17,512000
MR7.SI,20100224,0.17,0.17,0.17,0.17,1280000
MR7.SI,20100223,0.17,0.17,0.17,0.17,1914000
MR7.SI,20100222,0.19,0.19,0.17,0.17,1924000
MR7.SI,20100221,0.19,0.19,0.18,0.19,706000
MR7.SI,20100218,0.19,0.19,0.19,0.19,1005000
MR7.SI,20100217,0.18,0.19,0.18,0.19,495000
MR7.SI,20100216,0.18,0.18,0.17,0.18,1168000
MR7.SI,20100215,0.19,0.19,0.18,0.18,1154000
MR7.SI,20100214,0.19,0.19,0.19,0.19,165000
MR7.SI,20100211,0.19,0.19,0.19,0.19,688000
MR7.SI,20100210,0.19,0.19,0.19,0.19,672000
MR7.SI,20100209,0.19,0.19,0.19,0.19,758000
MR7.SI,20100208,0.19,0.19,0.19,0.19,1426000
MR7.SI,20100207,0.19,0.19,0.19,0.19,1853000
MR7.SI,20100202,0.18,0.19,0.18,0.19,1132000
MR7.SI,20100201,0.18,0.18,0.18,0.18,150000
MR7.SI,20100131,0.18,0.19,0.18,0.18,920000
MR7.SI,20100128,0.19,0.19,0.18,0.18,1166000
MR7.SI,20100127,0.19,0.19,0.19,0.19,1614000
MR7.SI,20100126,0.19,0.19,0.19,0.19,2308000
MR7.SI,20100125,0.19,0.19,0.19,0.19,1736000
MR7.SI,20100124,0.19,0.19,0.19,0.19,1083000
MR7.SI,20100121,0.19,0.19,0.19,0.19,3885000
MR7.SI,20100120,0.19,0.19,0.19,0.19,3581000
MR7.SI,20100119,0.20,0.20,0.19,0.19,5353000
MR7.SI,20100118,0.21,0.21,0.20,0.20,3030000
MR7.SI,20100117,0.20,0.21,0.20,0.21,4125000
MR7.SI,20100114,0.20,0.21,0.20,0.20,4252000
MR7.SI,20100113,0.22,0.22,0.20,0.20,6963000
MR7.SI,20100112,0.20,0.22,0.20,0.22,45111000
MR7.SI,20100111,0.18,0.20,0.18,0.19,9304000
MR7.SI,20100110,0.19,0.19,0.19,0.19,2399000
MR7.SI,20100107,0.19,0.19,0.19,0.19,3171000
MR7.SI,20100106,0.18,0.19,0.18,0.19,18588000
MR7.SI,20100105,0.18,0.19,0.17,0.18,1151000
MR7.SI,20100104,0.19,0.19,0.18,0.18,1824000
MR7.SI,20100103,0.18,0.19,0.18,0.19,8388000
