GG0.SI,20120605,106.70,107.00,106.70,107.00,800
GG0.SI,20120604,107.20,107.20,106.65,106.65,17200
GG0.SI,20120603,107.75,107.75,107.00,107.00,3500
GG0.SI,20120531,108.10,108.10,107.70,107.70,1700
GG0.SI,20120530,108.20,108.20,107.90,108.00,3100
GG0.SI,20120529,108.20,108.20,108.20,108.20,700
GG0.SI,20120528,108.20,108.20,108.20,108.20,200
GG0.SI,20120527,108.26,108.26,108.00,108.00,5400
GG0.SI,20120523,108.30,108.30,108.20,108.21,3500
GG0.SI,20120522,108.50,108.50,108.50,108.50,800
GG0.SI,20120521,108.40,108.50,108.35,108.50,2000
GG0.SI,20120520,108.33,108.35,108.33,108.35,400
GG0.SI,20120517,108.23,108.30,108.10,108.30,2100
GG0.SI,20120516,108.34,108.34,108.34,108.34,100
GG0.SI,20120515,108.30,108.30,108.30,108.30,1000
GG0.SI,20120514,108.30,108.30,108.20,108.20,200
GG0.SI,20120510,108.30,108.30,108.30,108.30,100
GG0.SI,20120509,108.20,108.30,108.10,108.30,1100
GG0.SI,20120508,108.30,108.30,108.30,108.30,500
GG0.SI,20120507,108.40,108.40,108.40,108.40,100
GG0.SI,20120506,108.50,108.50,108.50,108.50,300
GG0.SI,20120503,108.35,108.35,108.35,108.35,1100
GG0.SI,20120430,108.10,108.35,108.10,108.35,600
GG0.SI,20120429,108.10,108.10,108.10,108.10,200
GG0.SI,20120426,108.00,108.00,108.00,108.00,1000
GG0.SI,20120425,108.00,108.20,108.00,108.20,1400
GG0.SI,20120424,108.00,108.00,108.00,108.00,1600
GG0.SI,20120423,108.00,108.00,108.00,108.00,800
GG0.SI,20120422,107.80,107.80,107.80,107.80,2300
GG0.SI,20120419,107.90,107.90,107.80,107.80,2500
GG0.SI,20120418,107.95,107.95,107.90,107.90,1000
GG0.SI,20120417,108.00,108.00,107.90,107.90,2200
GG0.SI,20120416,108.00,108.00,108.00,108.00,300
GG0.SI,20120415,108.00,108.00,108.00,108.00,2000
GG0.SI,20120412,108.00,108.00,108.00,108.00,1200
GG0.SI,20120411,108.00,108.00,107.80,108.00,2000
GG0.SI,20120410,108.20,108.20,108.00,108.00,800
GG0.SI,20120409,108.20,108.20,108.20,108.20,500
GG0.SI,20120408,109.00,109.00,108.50,108.50,300
GG0.SI,20120405,107.90,108.00,107.90,108.00,7800
GG0.SI,20120404,107.80,107.80,107.80,107.80,1000
GG0.SI,20120403,107.61,107.80,107.61,107.80,400
GG0.SI,20120402,107.60,107.62,107.56,107.62,1400
GG0.SI,20120401,107.50,107.60,107.50,107.60,600
GG0.SI,20120327,107.70,107.70,107.70,107.70,100
GG0.SI,20120326,107.60,107.60,107.60,107.60,300
GG0.SI,20120325,107.50,107.55,107.50,107.55,1000
GG0.SI,20120322,107.40,107.50,107.40,107.50,300
GG0.SI,20120321,107.20,107.60,107.20,107.60,900
GG0.SI,20120320,107.10,107.10,107.05,107.05,1500
GG0.SI,20120319,107.50,107.60,107.05,107.05,6400
GG0.SI,20120318,107.70,107.70,107.52,107.60,500
GG0.SI,20120315,107.50,107.50,107.40,107.50,600
GG0.SI,20120314,107.40,107.40,107.31,107.40,2900
GG0.SI,20120313,107.40,107.40,107.40,107.40,200
GG0.SI,20120312,107.30,107.30,107.30,107.30,200
GG0.SI,20120311,106.96,107.10,106.96,107.10,600
GG0.SI,20120308,107.00,107.00,106.91,106.91,900
GG0.SI,20120307,107.10,107.25,106.80,106.80,5400
GG0.SI,20120306,107.20,107.20,107.10,107.10,3500
GG0.SI,20120305,106.95,107.10,106.95,107.10,700
GG0.SI,20120304,107.09,107.10,106.80,107.10,3500
GG0.SI,20120301,107.50,107.50,107.19,107.19,400
GG0.SI,20120229,105.00,109.30,105.00,109.25,5200
GG0.SI,20120228,109.20,109.20,109.20,109.20,300
GG0.SI,20120227,109.15,109.20,109.15,109.20,800
GG0.SI,20120226,109.10,109.10,109.10,109.10,200
GG0.SI,20120223,109.00,109.15,109.00,109.14,2200
GG0.SI,20120222,109.00,109.00,109.00,109.00,200
GG0.SI,20120221,109.20,109.20,108.60,108.80,4900
GG0.SI,20120220,109.16,109.18,109.16,109.18,2100
GG0.SI,20120219,109.16,109.16,109.10,109.16,1600
GG0.SI,20120216,109.10,109.18,109.10,109.10,1100
GG0.SI,20120215,109.20,109.20,109.00,109.00,700
GG0.SI,20120214,108.99,109.00,108.99,109.00,1000
GG0.SI,20120209,108.80,108.90,108.80,108.90,1000
GG0.SI,20120208,108.70,108.88,108.70,108.88,3800
GG0.SI,20120207,108.88,108.90,108.60,108.70,1500
GG0.SI,20120206,108.70,108.88,108.70,108.88,300
GG0.SI,20120205,108.80,108.80,108.50,108.50,2700
GG0.SI,20120202,108.80,109.08,108.80,109.08,1300
GG0.SI,20120201,108.95,108.95,108.94,108.94,200
GG0.SI,20120131,108.60,108.75,108.60,108.75,2800
GG0.SI,20120130,108.51,108.60,108.51,108.55,700
GG0.SI,20120129,108.40,108.48,108.40,108.45,4900
GG0.SI,20120126,108.30,108.30,108.30,108.30,400
GG0.SI,20120125,108.20,108.40,108.16,108.25,5100
GG0.SI,20120124,108.20,108.20,108.18,108.18,2500
GG0.SI,20120123,108.30,108.30,108.18,108.18,900
GG0.SI,20120122,108.40,108.40,108.30,108.38,5500
GG0.SI,20120119,108.60,108.60,108.40,108.40,900
GG0.SI,20120118,108.00,108.40,107.96,108.40,1900
GG0.SI,20120117,108.15,108.15,108.05,108.10,1500
GG0.SI,20120115,107.92,107.98,107.91,107.95,6500
GG0.SI,20120112,108.00,108.10,108.00,108.10,1700
GG0.SI,20120111,108.00,108.00,108.00,108.00,2900
GG0.SI,20120110,108.00,108.00,108.00,108.00,3100
GG0.SI,20120109,108.10,108.10,107.75,108.00,2900
GG0.SI,20120108,107.77,108.10,107.65,108.10,2000
GG0.SI,20120105,107.65,107.85,107.65,107.75,2300
GG0.SI,20120104,108.00,108.10,107.80,108.10,3500
GG0.SI,20120103,108.00,108.00,108.00,108.00,300
GG0.SI,20120101,107.50,107.52,107.50,107.52,1900
GG0.SI,20111229,107.70,107.70,107.60,107.60,1300
GG0.SI,20111228,107.40,107.70,107.40,107.70,2300
GG0.SI,20111227,107.08,107.50,107.08,107.50,1100
GG0.SI,20111225,107.05,107.05,107.05,107.05,100
GG0.SI,20111222,107.05,107.05,107.05,107.05,100
GG0.SI,20111221,107.02,107.05,107.00,107.00,3100
GG0.SI,20111220,107.00,107.00,106.60,106.89,3700
GG0.SI,20111219,106.80,107.00,106.80,107.00,1400
GG0.SI,20111218,107.30,107.30,107.15,107.30,3600
GG0.SI,20111215,107.00,107.30,107.00,107.30,1200
GG0.SI,20111214,107.00,107.00,107.00,107.00,400
GG0.SI,20111213,106.80,106.80,106.80,106.80,900
GG0.SI,20111212,107.00,107.00,106.80,106.80,2000
GG0.SI,20111211,107.10,107.10,107.00,107.00,1000
GG0.SI,20111208,107.00,107.20,106.90,107.10,2300
GG0.SI,20111207,106.90,107.00,106.90,106.90,3100
GG0.SI,20111206,106.90,106.92,106.90,106.92,1000
GG0.SI,20111205,106.72,106.90,106.72,106.90,1400
GG0.SI,20111204,106.60,106.65,106.60,106.65,200
GG0.SI,20111201,106.85,106.90,106.70,106.70,2200
GG0.SI,20111130,106.71,106.71,106.70,106.70,400
GG0.SI,20111129,106.71,106.71,106.71,106.71,100
GG0.SI,20111128,106.80,106.90,106.80,106.80,2200
GG0.SI,20111127,106.80,106.80,106.71,106.80,1200
GG0.SI,20111124,106.71,106.71,106.71,106.71,1000
GG0.SI,20111123,106.75,106.75,106.75,106.75,1600
GG0.SI,20111122,106.70,106.70,106.70,106.70,1000
GG0.SI,20111121,106.75,106.80,106.70,106.70,2000
GG0.SI,20111120,106.80,106.80,106.65,106.80,700
GG0.SI,20111117,106.65,106.80,106.65,106.70,3900
GG0.SI,20111116,106.50,106.80,106.50,106.80,5300
GG0.SI,20111115,106.60,106.70,106.60,106.70,2300
GG0.SI,20111113,106.50,106.60,106.50,106.60,700
GG0.SI,20111110,106.60,106.60,106.60,106.60,1600
GG0.SI,20111109,106.80,106.80,106.60,106.60,1400
GG0.SI,20111108,106.80,106.80,106.80,106.80,600
GG0.SI,20111107,106.78,106.80,106.78,106.80,2500
GG0.SI,20111106,106.70,106.70,106.60,106.70,2000
GG0.SI,20111102,106.50,106.60,106.50,106.60,1400
GG0.SI,20111101,106.50,106.50,106.40,106.50,1000
GG0.SI,20111031,106.30,106.60,106.30,106.60,500
GG0.SI,20111030,106.50,106.50,106.50,106.50,200
GG0.SI,20111025,106.30,106.30,106.10,106.30,400
GG0.SI,20111024,106.30,106.50,106.30,106.50,1000
GG0.SI,20111023,106.40,106.50,106.10,106.50,1800
GG0.SI,20111020,106.40,106.50,106.40,106.50,2200
GG0.SI,20111019,106.45,106.50,106.40,106.50,2800
GG0.SI,20111018,106.42,106.42,106.36,106.37,2100
GG0.SI,20111017,106.40,106.45,106.35,106.45,4000
GG0.SI,20111016,106.40,106.46,106.40,106.40,2400
GG0.SI,20111013,106.50,106.50,106.40,106.40,4400
GG0.SI,20111012,106.50,106.50,106.40,106.50,2500
GG0.SI,20111011,106.40,106.40,106.36,106.36,1200
GG0.SI,20111010,106.48,106.48,106.36,106.36,800
GG0.SI,20111009,106.48,106.48,106.35,106.40,1600
GG0.SI,20111006,106.42,106.48,106.42,106.48,500
GG0.SI,20111005,106.30,106.30,106.20,106.30,900
GG0.SI,20111004,106.48,106.50,106.30,106.30,1100
GG0.SI,20111003,106.50,106.50,106.50,106.50,1600
GG0.SI,20111002,106.40,106.40,106.40,106.40,300
GG0.SI,20110929,106.30,106.35,106.30,106.35,300
GG0.SI,20110928,106.70,106.70,106.49,106.49,3000
GG0.SI,20110927,106.70,106.80,106.70,106.70,1400
GG0.SI,20110926,106.70,106.70,106.50,106.70,1200
GG0.SI,20110925,106.58,106.62,106.58,106.62,900
GG0.SI,20110922,106.55,106.58,106.52,106.58,1300
GG0.SI,20110921,106.50,106.50,106.35,106.35,300
GG0.SI,20110920,106.30,106.35,106.30,106.35,300
GG0.SI,20110919,106.10,106.10,106.10,106.10,100
GG0.SI,20110918,105.98,106.00,105.98,106.00,700
GG0.SI,20110915,105.98,105.98,105.86,105.92,1000
GG0.SI,20110914,105.88,105.89,105.88,105.89,200
GG0.SI,20110913,105.85,105.88,105.85,105.88,1000
GG0.SI,20110912,105.85,105.85,105.85,105.85,500
GG0.SI,20110911,105.85,105.85,105.85,105.85,500
GG0.SI,20110908,105.80,105.85,105.80,105.85,3900
GG0.SI,20110907,105.80,105.80,105.78,105.78,1700
GG0.SI,20110906,105.75,105.78,105.75,105.78,3900
GG0.SI,20110905,105.60,105.80,105.60,105.75,8800
GG0.SI,20110904,107.91,108.20,107.91,108.00,2700
GG0.SI,20110901,107.88,108.00,107.80,107.91,2000
GG0.SI,20110831,107.80,107.80,107.80,107.80,400
GG0.SI,20110830,107.71,107.89,107.70,107.89,2400
GG0.SI,20110829,107.60,107.70,107.60,107.70,2400
GG0.SI,20110828,107.80,107.89,107.70,107.70,900
GG0.SI,20110825,107.70,107.70,107.70,107.70,900
GG0.SI,20110824,107.70,107.70,107.70,107.70,1000
GG0.SI,20110823,107.70,107.70,107.60,107.70,2400
GG0.SI,20110822,107.50,107.70,107.50,107.70,1200
GG0.SI,20110818,107.50,107.50,107.50,107.50,200
GG0.SI,20110817,107.40,107.40,107.40,107.40,2600
GG0.SI,20110816,107.30,107.30,107.30,107.30,1100
GG0.SI,20110815,107.30,107.30,107.21,107.30,1200
GG0.SI,20110814,107.40,107.40,107.30,107.30,600
GG0.SI,20110811,107.30,107.40,107.30,107.40,600
GG0.SI,20110809,107.10,107.15,107.10,107.15,1100
GG0.SI,20110808,107.00,107.10,107.00,107.00,3900
GG0.SI,20110807,107.00,107.20,107.00,107.00,1000
GG0.SI,20110804,106.85,106.85,106.80,106.80,1100
GG0.SI,20110803,106.80,106.80,106.78,106.80,900
GG0.SI,20110802,106.70,106.90,106.70,106.90,700
GG0.SI,20110728,106.90,106.90,106.50,106.50,1700
GG0.SI,20110727,107.00,107.00,106.70,106.72,1300
GG0.SI,20110726,106.70,106.70,106.50,106.60,900
GG0.SI,20110725,106.70,106.72,106.70,106.70,2200
GG0.SI,20110724,106.98,106.98,106.70,106.72,1900
GG0.SI,20110721,106.70,106.70,106.70,106.70,500
GG0.SI,20110720,106.70,106.70,106.70,106.70,500
GG0.SI,20110719,106.70,106.70,106.60,106.70,1600
GG0.SI,20110718,106.80,106.80,106.60,106.60,3700
GG0.SI,20110717,106.58,106.80,106.58,106.80,1200
GG0.SI,20110714,106.42,106.50,106.42,106.50,600
GG0.SI,20110713,106.50,106.50,106.40,106.40,1400
GG0.SI,20110712,106.20,106.76,106.20,106.76,1200
GG0.SI,20110711,106.60,106.70,106.60,106.70,1200
GG0.SI,20110710,106.40,106.60,106.40,106.60,2200
GG0.SI,20110707,106.20,106.38,106.00,106.38,3100
GG0.SI,20110706,106.30,106.30,106.00,106.00,8000
GG0.SI,20110705,106.10,106.50,106.10,106.50,1000
GG0.SI,20110704,106.13,106.20,106.00,106.00,1400
GG0.SI,20110703,105.90,106.00,105.90,106.00,700
GG0.SI,20110630,105.95,105.99,105.95,105.99,1600
GG0.SI,20110629,105.72,105.99,105.72,105.99,800
GG0.SI,20110628,105.70,105.70,105.70,105.70,100
GG0.SI,20110622,105.55,105.60,105.50,105.60,500
GG0.SI,20110621,105.20,105.40,105.20,105.40,400
GG0.SI,20110620,105.26,105.26,105.20,105.20,1100
GG0.SI,20110619,105.20,105.69,105.10,105.69,600
GG0.SI,20110616,105.10,105.10,105.00,105.00,2800
GG0.SI,20110615,105.20,105.20,105.20,105.20,100
GG0.SI,20110614,105.20,105.48,105.00,105.20,2600
GG0.SI,20110613,105.40,105.60,105.00,105.00,2500
GG0.SI,20110612,105.30,105.30,105.10,105.20,600
GG0.SI,20110609,105.10,105.10,105.10,105.10,300
GG0.SI,20110606,105.00,105.10,104.60,104.90,2900
GG0.SI,20110605,105.00,105.00,105.00,105.00,100
GG0.SI,20110602,105.00,105.08,105.00,105.08,600
GG0.SI,20110601,105.00,105.03,104.90,104.98,4100
GG0.SI,20110531,105.50,105.50,104.80,104.87,2500
GG0.SI,20110530,105.26,105.89,105.26,105.89,1100
GG0.SI,20110529,105.00,105.00,105.00,105.00,100
GG0.SI,20110526,105.00,105.00,104.80,105.00,500
GG0.SI,20110525,105.10,105.20,105.00,105.20,700
GG0.SI,20110524,104.99,105.01,104.99,105.01,400
GG0.SI,20110523,105.00,105.04,104.99,104.99,4800
GG0.SI,20110522,105.00,105.00,104.95,105.00,1700
GG0.SI,20110519,105.40,105.40,105.25,105.25,3900
GG0.SI,20110518,105.95,105.96,105.95,105.95,600
GG0.SI,20110517,106.00,106.00,105.98,105.98,6400
GG0.SI,20110516,106.00,106.00,106.00,106.00,5000
GG0.SI,20110512,106.30,106.30,106.00,106.10,4200
GG0.SI,20110511,106.30,106.48,106.30,106.30,3100
GG0.SI,20110510,106.41,106.41,106.41,106.41,200
GG0.SI,20110509,106.45,106.45,106.40,106.40,200
GG0.SI,20110508,106.78,106.80,106.40,106.40,400
GG0.SI,20110505,106.40,106.79,106.40,106.79,700
GG0.SI,20110504,106.35,106.35,106.35,106.35,200
GG0.SI,20110428,106.15,106.15,106.00,106.00,2100
GG0.SI,20110427,106.30,106.30,106.20,106.20,500
GG0.SI,20110426,106.20,106.35,106.15,106.35,600
GG0.SI,20110425,106.40,106.40,106.35,106.35,1700
GG0.SI,20110424,106.35,106.40,106.35,106.40,3600
GG0.SI,20110421,106.40,106.40,106.30,106.35,1100
GG0.SI,20110420,106.30,106.30,106.20,106.30,1300
GG0.SI,20110419,106.40,106.50,106.40,106.40,2600
GG0.SI,20110418,106.60,106.60,106.50,106.50,4200
GG0.SI,20110417,106.00,106.50,106.00,106.50,2300
GG0.SI,20110414,107.06,107.08,106.80,106.80,3900
GG0.SI,20110413,106.60,107.00,106.60,107.00,2000
GG0.SI,20110412,106.80,106.80,106.60,106.60,700
GG0.SI,20110411,106.67,106.68,106.60,106.60,3600
GG0.SI,20110410,106.67,106.87,106.67,106.80,500
GG0.SI,20110406,106.67,106.67,106.67,106.67,1900
GG0.SI,20110405,106.85,106.87,106.85,106.86,2100
GG0.SI,20110404,106.73,106.79,106.73,106.79,5500
GG0.SI,20110403,106.80,106.80,106.71,106.80,900
GG0.SI,20110331,106.73,106.80,106.73,106.80,2300
GG0.SI,20110330,106.70,106.70,106.70,106.70,1500
GG0.SI,20110329,106.70,106.70,106.61,106.61,2300
GG0.SI,20110328,106.70,106.70,106.61,106.61,1000
GG0.SI,20110327,106.65,106.70,106.65,106.70,1500
GG0.SI,20110324,106.72,106.80,106.72,106.73,5100
GG0.SI,20110323,106.64,106.80,106.64,106.65,2700
GG0.SI,20110322,106.66,106.68,106.66,106.66,6500
GG0.SI,20110321,106.52,106.60,106.40,106.60,3500
GG0.SI,20110320,106.50,106.54,106.40,106.54,2600
GG0.SI,20110317,106.40,106.60,106.40,106.50,4100
GG0.SI,20110316,106.40,106.40,106.40,106.40,700
GG0.SI,20110315,106.28,106.30,106.28,106.28,1800
GG0.SI,20110314,106.20,106.28,106.20,106.28,2000
GG0.SI,20110313,106.20,106.20,106.20,106.20,900
GG0.SI,20110310,106.20,106.20,106.20,106.20,400
GG0.SI,20110309,106.20,106.20,106.20,106.20,600
GG0.SI,20110308,106.05,106.05,106.00,106.00,1000
GG0.SI,20110307,106.20,106.30,106.10,106.10,2400
GG0.SI,20110306,106.20,106.20,106.10,106.10,500
GG0.SI,20110303,106.10,106.30,106.10,106.30,1500
GG0.SI,20110302,105.82,106.00,105.82,105.90,1400
GG0.SI,20110301,108.25,108.40,108.22,108.40,2100
GG0.SI,20110228,108.04,108.10,108.04,108.10,400
GG0.SI,20110227,108.20,108.24,108.20,108.24,900
GG0.SI,20110224,108.00,108.16,107.83,108.16,1900
GG0.SI,20110223,107.85,107.85,107.85,107.85,100
GG0.SI,20110222,108.00,108.00,107.81,107.81,600
GG0.SI,20110221,108.00,108.00,108.00,108.00,300
GG0.SI,20110220,107.80,108.00,107.80,108.00,1000
GG0.SI,20110217,107.90,108.00,107.80,108.00,1900
GG0.SI,20110215,107.80,107.90,107.80,107.90,200
GG0.SI,20110214,107.70,107.90,107.70,107.80,400
GG0.SI,20110213,107.50,107.70,107.50,107.70,500
GG0.SI,20110210,107.62,107.62,107.62,107.62,200
GG0.SI,20110209,107.90,107.90,107.62,107.70,1900
GG0.SI,20110208,107.80,107.90,107.80,107.80,2100
GG0.SI,20110207,107.75,107.75,107.75,107.75,200
GG0.SI,20110206,107.50,107.80,107.50,107.70,2000
GG0.SI,20110203,107.43,107.50,107.43,107.50,300
GG0.SI,20110202,107.42,107.42,107.42,107.42,500
GG0.SI,20110201,107.40,107.40,107.40,107.40,100
GG0.SI,20110131,107.22,107.40,107.22,107.40,500
GG0.SI,20110130,107.22,107.22,107.22,107.22,400
GG0.SI,20110127,107.20,107.30,107.20,107.20,2300
GG0.SI,20110126,107.20,107.20,107.20,107.20,2100
GG0.SI,20110125,107.20,107.20,107.10,107.10,2200
GG0.SI,20110120,107.01,107.20,107.00,107.20,2600
GG0.SI,20110119,107.10,107.20,107.10,107.20,5700
GG0.SI,20110118,107.10,107.20,107.10,107.20,2800
GG0.SI,20110117,107.12,107.12,107.12,107.12,100
GG0.SI,20110116,107.10,107.10,107.00,107.00,5100
GG0.SI,20110113,107.06,107.06,107.06,107.06,100
GG0.SI,20110112,107.10,107.10,107.10,107.10,100
GG0.SI,20110111,107.05,107.20,107.05,107.20,2600
GG0.SI,20110110,106.85,107.00,106.83,107.00,800
GG0.SI,20110109,106.80,107.00,106.80,107.00,300
GG0.SI,20110106,107.00,107.00,106.80,106.90,2700
GG0.SI,20110105,107.10,107.10,107.00,107.00,4400
GG0.SI,20110103,107.30,107.30,107.30,107.30,300
GG0.SI,20110102,107.30,107.30,107.30,107.30,000
GG0.SI,20101230,107.30,107.40,107.30,107.30,600
GG0.SI,20101229,107.00,107.20,107.00,107.20,800
GG0.SI,20101228,107.00,107.40,107.00,107.40,800
GG0.SI,20101227,107.00,107.00,107.00,107.00,500
GG0.SI,20101222,107.00,107.00,107.00,107.00,3300
GG0.SI,20101221,106.90,106.95,106.90,106.95,1000
GG0.SI,20101220,106.54,106.95,106.54,106.90,2300
GG0.SI,20101219,106.50,106.52,106.45,106.52,1700
GG0.SI,20101216,106.30,106.50,106.30,106.50,2400
GG0.SI,20101215,106.10,106.30,106.10,106.30,1100
GG0.SI,20101214,106.15,106.15,106.15,106.15,100
GG0.SI,20101213,106.00,106.20,106.00,106.15,1300
GG0.SI,20101212,106.10,106.20,106.10,106.10,500
GG0.SI,20101209,106.20,106.30,106.20,106.20,1000
GG0.SI,20101208,106.20,106.20,106.20,106.20,400
GG0.SI,20101207,106.10,106.20,106.10,106.20,200
GG0.SI,20101206,106.10,106.10,106.10,106.10,500
GG0.SI,20101205,105.88,105.90,105.80,105.90,900
GG0.SI,20101202,105.78,105.78,105.70,105.70,2000
GG0.SI,20101201,105.70,105.71,105.70,105.71,1400
GG0.SI,20101130,105.55,105.55,105.51,105.51,300
GG0.SI,20101129,105.50,105.65,105.50,105.65,4800
GG0.SI,20101128,105.50,105.50,105.50,105.50,1200
GG0.SI,20101125,105.11,105.40,105.11,105.35,3900
GG0.SI,20101124,105.62,105.62,105.00,105.60,2200
GG0.SI,20101123,105.59,105.63,105.59,105.62,1700
GG0.SI,20101122,105.70,105.79,105.60,105.79,3000
GG0.SI,20101121,105.53,105.70,105.53,105.70,300
GG0.SI,20101118,105.20,105.96,105.20,105.33,500
GG0.SI,20101117,105.00,105.00,105.00,105.00,100
GG0.SI,20101116,106.00,106.00,104.00,104.00,2000
GG0.SI,20101115,106.00,106.10,106.00,106.00,2700
GG0.SI,20101114,105.56,106.30,105.56,106.30,500
GG0.SI,20101111,105.55,105.60,105.51,105.55,2700
GG0.SI,20101110,105.45,105.55,105.35,105.55,6800
GG0.SI,20101104,105.55,105.55,105.55,105.55,2000
GG0.SI,20101103,105.51,105.51,105.51,105.51,200
GG0.SI,20101102,105.70,105.70,105.50,105.50,1400
GG0.SI,20101101,105.73,105.73,105.55,105.56,500
GG0.SI,20101031,105.50,105.60,105.50,105.53,1500
GG0.SI,20101028,105.60,106.00,105.52,106.00,900
GG0.SI,20101027,105.50,105.50,105.50,105.50,300
GG0.SI,20101025,105.80,105.80,105.70,105.70,200
GG0.SI,20101024,105.50,105.50,105.50,105.50,1400
GG0.SI,20101019,105.00,105.58,104.99,105.58,4500
GG0.SI,20101018,104.95,104.95,104.95,104.95,300
GG0.SI,20101017,104.79,104.79,104.79,104.79,200
GG0.SI,20101014,104.80,104.90,104.80,104.90,600
GG0.SI,20101013,104.80,104.80,104.80,104.80,100
GG0.SI,20101012,104.80,104.90,104.70,104.80,3800
GG0.SI,20101011,104.30,104.98,104.30,104.97,2000
GG0.SI,20101010,104.00,104.16,104.00,104.16,1300
GG0.SI,20101007,104.00,104.00,104.00,104.00,600
GG0.SI,20101006,104.00,104.00,104.00,104.00,5000
GG0.SI,20101005,104.20,104.20,103.82,103.82,7100
GG0.SI,20101004,104.42,104.50,104.00,104.00,4600
GG0.SI,20101003,104.70,104.70,104.54,104.55,4600
GG0.SI,20100930,104.70,104.70,104.70,104.70,600
GG0.SI,20100929,104.90,104.90,104.90,104.90,500
GG0.SI,20100928,104.80,105.00,104.80,105.00,2200
GG0.SI,20100927,104.61,104.95,104.61,104.80,2600
GG0.SI,20100926,104.62,104.80,104.61,104.61,1600
GG0.SI,20100923,104.80,105.30,104.50,104.61,4900
GG0.SI,20100922,105.00,105.10,104.80,104.80,3000
GG0.SI,20100921,105.00,105.10,105.00,105.10,600
GG0.SI,20100920,104.97,105.00,104.96,105.00,1000
GG0.SI,20100919,104.90,105.00,104.90,105.00,1400
GG0.SI,20100916,105.00,105.10,104.90,104.90,1000
GG0.SI,20100915,105.10,105.10,104.96,105.10,1100
GG0.SI,20100914,105.26,105.30,105.10,105.10,4000
GG0.SI,20100913,104.60,105.30,104.60,105.30,2200
GG0.SI,20100912,104.00,105.79,104.00,104.40,4800
GG0.SI,20100908,104.70,106.00,104.70,105.99,3800
GG0.SI,20100907,104.50,104.70,104.50,104.50,5000
GG0.SI,20100906,104.00,104.80,104.00,104.60,16100
GG0.SI,20100905,106.60,106.90,106.59,106.90,3200
GG0.SI,20100902,106.80,106.80,106.60,106.60,4300
GG0.SI,20100901,106.70,106.80,106.60,106.80,2400
GG0.SI,20100829,106.10,106.12,106.10,106.12,200
GG0.SI,20100826,106.00,106.01,106.00,106.01,4000
GG0.SI,20100825,105.90,106.00,105.80,106.00,2300
GG0.SI,20100824,105.70,105.80,105.00,105.80,3200
GG0.SI,20100823,105.60,105.80,105.60,105.80,1600
GG0.SI,20100822,105.50,105.80,105.20,105.80,5700
GG0.SI,20100819,105.50,105.90,105.50,105.90,4300
GG0.SI,20100818,105.70,106.50,105.70,106.50,3100
GG0.SI,20100817,105.70,105.70,105.70,105.70,200
GG0.SI,20100816,105.30,105.70,105.05,105.70,2200
GG0.SI,20100815,105.00,105.50,105.00,105.40,1900
GG0.SI,20100812,104.20,104.70,104.20,104.70,10000
GG0.SI,20100811,104.80,104.80,103.00,103.90,25400
GG0.SI,20100810,105.00,105.10,104.80,104.80,16600
GG0.SI,20100808,107.00,107.00,104.40,104.90,15300
GG0.SI,20100805,107.70,107.70,107.00,107.00,5700
GG0.SI,20100804,107.66,107.90,107.66,107.90,4800
GG0.SI,20100803,107.61,107.65,107.61,107.65,1600
GG0.SI,20100802,107.70,107.70,107.70,107.70,200
GG0.SI,20100729,107.50,107.50,107.50,107.50,200
GG0.SI,20100728,107.30,107.98,107.30,107.98,1100
GG0.SI,20100727,107.84,107.84,107.84,107.84,200
GG0.SI,20100726,107.84,107.99,107.80,107.84,2900
GG0.SI,20100725,107.40,107.80,107.40,107.80,800
GG0.SI,20100722,107.32,107.54,107.32,107.40,1900
GG0.SI,20100721,107.30,107.30,107.20,107.30,1500
GG0.SI,20100720,107.28,107.28,107.24,107.24,1200
GG0.SI,20100719,107.15,107.20,107.15,107.20,1500
GG0.SI,20100718,107.00,107.20,107.00,107.20,2000
GG0.SI,20100715,107.20,107.30,106.00,106.00,2500
GG0.SI,20100714,107.20,107.20,107.20,107.20,100
GG0.SI,20100713,107.05,107.30,107.05,107.30,1100
GG0.SI,20100712,107.00,107.10,107.00,107.02,4200
GG0.SI,20100711,107.05,107.22,107.05,107.22,6500
GG0.SI,20100708,107.00,107.00,107.00,107.00,3700
GG0.SI,20100707,107.00,107.00,107.00,107.00,2800
GG0.SI,20100706,106.98,106.98,106.98,106.98,1100
GG0.SI,20100705,106.90,107.00,106.80,107.00,3400
GG0.SI,20100704,106.82,106.92,106.82,106.92,1700
GG0.SI,20100701,107.00,107.00,106.90,107.00,5200
GG0.SI,20100630,106.92,106.98,106.92,106.98,3800
GG0.SI,20100629,106.80,106.92,106.80,106.92,700
GG0.SI,20100628,106.50,106.88,106.50,106.88,2000
GG0.SI,20100627,106.70,106.70,106.70,106.70,200
GG0.SI,20100624,106.58,106.58,106.58,106.58,200
GG0.SI,20100623,106.50,106.56,106.50,106.50,700
GG0.SI,20100622,106.50,106.58,106.50,106.58,2400
GG0.SI,20100621,106.52,106.52,106.50,106.50,700
GG0.SI,20100620,106.36,106.40,106.30,106.40,700
GG0.SI,20100617,106.56,106.56,106.40,106.40,900
GG0.SI,20100616,106.78,106.80,106.60,106.60,3000
GG0.SI,20100615,106.90,106.90,106.90,106.90,1200
GG0.SI,20100614,106.98,107.00,106.98,106.98,2200
GG0.SI,20100613,106.98,107.02,106.98,107.02,600
GG0.SI,20100610,106.90,106.98,106.90,106.98,1300
GG0.SI,20100609,106.80,106.90,106.80,106.90,1000
GG0.SI,20100608,106.80,106.90,106.80,106.82,3900
GG0.SI,20100607,106.80,106.84,106.78,106.78,1500
GG0.SI,20100603,106.82,106.84,106.82,106.84,200
GG0.SI,20100602,106.78,106.80,106.78,106.80,800
GG0.SI,20100601,106.42,106.98,106.42,106.98,3000
GG0.SI,20100531,106.40,106.50,106.40,106.50,300
GG0.SI,20100530,106.16,106.20,106.16,106.20,1400
GG0.SI,20100527,106.00,106.20,106.00,106.12,2500
GG0.SI,20100526,106.00,106.20,106.00,106.20,400
GG0.SI,20100525,106.00,106.00,106.00,106.00,200
GG0.SI,20100524,106.00,106.00,105.88,105.88,1700
GG0.SI,20100523,106.20,106.20,106.02,106.08,4200
GG0.SI,20100520,106.00,106.00,106.00,106.00,1400
GG0.SI,20100519,106.00,106.00,106.00,106.00,200
GG0.SI,20100518,105.60,105.80,105.60,105.80,300
GG0.SI,20100516,105.40,105.50,105.40,105.50,800
GG0.SI,20100513,105.20,105.20,105.00,105.20,4100
GG0.SI,20100512,105.10,105.20,105.00,105.20,900
GG0.SI,20100511,105.10,105.10,105.10,105.10,200
GG0.SI,20100510,105.20,105.20,105.20,105.20,200
GG0.SI,20100509,104.78,105.00,104.78,105.00,1600
GG0.SI,20100506,104.78,104.78,104.68,104.78,1600
GG0.SI,20100505,104.70,104.78,104.70,104.72,1300
GG0.SI,20100504,104.60,104.70,104.60,104.68,1400
GG0.SI,20100503,104.52,104.60,104.52,104.60,1500
GG0.SI,20100429,104.40,104.50,104.40,104.50,700
GG0.SI,20100428,104.42,104.50,104.42,104.50,800
GG0.SI,20100427,104.50,104.50,104.40,104.40,1800
GG0.SI,20100426,104.20,104.20,104.20,104.20,200
GG0.SI,20100421,104.20,104.24,104.20,104.24,1500
GG0.SI,20100420,104.20,104.20,104.10,104.10,1300
GG0.SI,20100419,104.22,104.30,104.18,104.20,4300
GG0.SI,20100418,104.28,104.28,104.20,104.22,3300
GG0.SI,20100415,104.46,104.46,104.20,104.20,900
GG0.SI,20100414,104.50,104.50,104.46,104.46,2600
GG0.SI,20100413,104.50,104.58,104.50,104.50,4500
GG0.SI,20100412,104.50,104.54,104.50,104.54,800
GG0.SI,20100411,104.56,104.56,104.50,104.54,1600
GG0.SI,20100408,104.50,104.60,104.44,104.56,3500
GG0.SI,20100406,104.16,104.30,104.16,104.30,200
GG0.SI,20100405,104.08,104.10,104.08,104.10,1600
GG0.SI,20100404,104.08,104.08,104.08,104.08,200
GG0.SI,20100401,104.00,104.08,104.00,104.08,700
GG0.SI,20100331,103.80,103.80,103.80,103.80,600
GG0.SI,20100330,103.70,103.70,103.70,103.70,100
GG0.SI,20100329,103.70,103.70,103.70,103.70,1300
GG0.SI,20100328,103.70,103.70,103.70,103.70,800
GG0.SI,20100325,103.70,103.70,103.70,103.70,600
GG0.SI,20100324,103.50,103.60,103.40,103.60,3900
GG0.SI,20100323,103.34,103.50,103.34,103.50,2900
GG0.SI,20100322,103.12,103.32,103.12,103.32,1200
GG0.SI,20100321,103.36,103.36,103.00,103.00,2600
GG0.SI,20100318,103.24,103.32,103.24,103.30,1700
GG0.SI,20100317,102.90,103.10,102.90,103.10,6900
GG0.SI,20100316,102.90,103.00,102.90,103.00,14700
GG0.SI,20100315,103.10,103.14,102.90,102.90,3300
GG0.SI,20100314,102.80,102.80,102.80,102.80,500
GG0.SI,20100311,103.64,103.70,102.70,102.70,3900
GG0.SI,20100310,103.62,103.68,103.60,103.68,1100
GG0.SI,20100309,103.68,103.68,103.62,103.62,4100
GG0.SI,20100308,103.70,103.70,103.64,103.68,4500
GG0.SI,20100307,103.70,103.70,103.70,103.70,1800
GG0.SI,20100304,103.70,103.82,103.62,103.66,800
GG0.SI,20100303,103.62,103.66,103.60,103.66,6400
GG0.SI,20100302,103.60,103.78,103.60,103.64,3500
GG0.SI,20100301,106.16,106.16,106.16,106.16,100
GG0.SI,20100228,105.58,105.78,105.58,105.78,400
GG0.SI,20100225,105.22,105.38,105.22,105.38,900
GG0.SI,20100224,105.30,105.42,105.30,105.38,1800
GG0.SI,20100223,105.48,105.48,105.38,105.38,700
GG0.SI,20100222,105.12,105.40,105.12,105.40,27400
GG0.SI,20100221,105.18,105.20,105.14,105.16,2500
GG0.SI,20100218,105.16,105.20,105.16,105.18,1700
GG0.SI,20100217,105.04,105.20,105.00,105.18,5400
GG0.SI,20100216,105.10,105.12,105.06,105.06,3300
GG0.SI,20100215,105.08,105.12,105.04,105.04,4100
GG0.SI,20100214,105.02,105.12,105.02,105.08,3300
GG0.SI,20100211,105.20,105.20,105.16,105.16,1700
GG0.SI,20100210,105.16,105.16,105.10,105.10,6700
GG0.SI,20100209,105.16,105.18,105.16,105.18,3600
GG0.SI,20100208,105.20,105.20,105.16,105.16,4700
GG0.SI,20100207,105.18,105.18,105.18,105.18,400
GG0.SI,20100202,105.18,105.20,105.18,105.20,1600
GG0.SI,20100201,105.18,105.18,105.18,105.18,1300
GG0.SI,20100131,105.16,105.16,105.14,105.14,1600
GG0.SI,20100128,105.10,105.20,105.10,105.20,2900
GG0.SI,20100127,105.12,105.12,105.10,105.10,1200
GG0.SI,20100126,105.20,105.20,105.12,105.12,4600
GG0.SI,20100125,105.20,105.20,105.20,105.20,200
GG0.SI,20100124,105.10,105.18,105.06,105.10,2900
GG0.SI,20100121,105.20,105.20,105.20,105.20,200
GG0.SI,20100120,105.10,105.10,105.10,105.10,2700
GG0.SI,20100119,105.20,105.20,105.10,105.10,13600
GG0.SI,20100118,105.20,105.20,105.16,105.20,1500
GG0.SI,20100117,105.18,105.20,105.18,105.20,6900
GG0.SI,20100114,105.18,105.20,105.18,105.20,400
GG0.SI,20100113,105.20,105.20,105.18,105.20,4300
GG0.SI,20100112,105.14,105.20,105.12,105.20,5100
GG0.SI,20100111,105.20,105.20,105.12,105.20,2600
GG0.SI,20100110,105.12,105.20,105.12,105.14,3000
GG0.SI,20100107,105.26,105.28,105.20,105.20,7000
GG0.SI,20100106,105.20,105.20,105.16,105.20,17600
GG0.SI,20100105,105.20,105.34,105.20,105.34,2800
GG0.SI,20100104,105.30,105.30,105.30,105.30,900
GG0.SI,20100103,105.40,105.40,105.20,105.38,1100
