5FI.SI,20120606,0.141,0.141,0.141,0.141,50000
5FI.SI,20120604,0.14,0.14,0.14,0.14,319000
5FI.SI,20120603,0.14,0.14,0.14,0.14,483000
5FI.SI,20120531,0.14,0.14,0.14,0.14,420000
5FI.SI,20120530,0.14,0.14,0.14,0.14,400000
5FI.SI,20120529,0.14,0.14,0.14,0.14,310000
5FI.SI,20120528,0.14,0.14,0.14,0.14,336000
5FI.SI,20120527,0.14,0.14,0.14,0.14,30000
5FI.SI,20120524,0.14,0.14,0.14,0.14,000
5FI.SI,20120523,0.14,0.14,0.14,0.14,80000
5FI.SI,20120522,0.14,0.14,0.14,0.14,630000
5FI.SI,20120521,0.14,0.14,0.14,0.14,400000
5FI.SI,20120520,0.14,0.14,0.14,0.14,510000
5FI.SI,20120517,0.14,0.14,0.14,0.14,150000
5FI.SI,20120516,0.14,0.14,0.14,0.14,700000
5FI.SI,20120515,0.14,0.14,0.14,0.14,610000
5FI.SI,20120514,0.14,0.14,0.14,0.14,130000
5FI.SI,20120513,0.14,0.14,0.14,0.14,340000
5FI.SI,20120510,0.14,0.14,0.14,0.14,990000
5FI.SI,20120509,0.14,0.14,0.14,0.14,712000
5FI.SI,20120508,0.14,0.14,0.14,0.14,1642000
5FI.SI,20120507,0.14,0.14,0.14,0.14,1196000
5FI.SI,20120506,0.14,0.14,0.14,0.14,511000
5FI.SI,20120503,0.14,0.14,0.14,0.14,345000
5FI.SI,20120502,0.14,0.14,0.14,0.14,210000
5FI.SI,20120501,0.14,0.14,0.14,0.14,000
5FI.SI,20120430,0.14,0.15,0.14,0.14,885000
5FI.SI,20120429,0.14,0.14,0.14,0.14,620000
5FI.SI,20120426,0.14,0.14,0.14,0.14,385000
5FI.SI,20120425,0.14,0.14,0.14,0.14,390000
5FI.SI,20120424,0.14,0.14,0.14,0.14,2511000
5FI.SI,20120423,0.14,0.14,0.14,0.14,980000
5FI.SI,20120422,0.14,0.14,0.14,0.14,3374000
5FI.SI,20120419,0.14,0.14,0.14,0.14,255000
5FI.SI,20120418,0.14,0.14,0.14,0.14,40000
5FI.SI,20120417,0.14,0.14,0.14,0.14,20000
5FI.SI,20120416,0.14,0.14,0.14,0.14,20000
5FI.SI,20120415,0.14,0.14,0.14,0.14,45000
5FI.SI,20120412,0.14,0.14,0.14,0.14,155000
5FI.SI,20120411,0.14,0.14,0.14,0.14,80000
5FI.SI,20120410,0.14,0.14,0.14,0.14,15000
5FI.SI,20120409,0.14,0.14,0.14,0.14,20000
5FI.SI,20120408,0.14,0.14,0.14,0.14,20000
5FI.SI,20120405,0.14,0.14,0.14,0.14,175000
5FI.SI,20120404,0.14,0.14,0.14,0.14,23000
5FI.SI,20120403,0.14,0.14,0.14,0.14,16000
5FI.SI,20120402,0.14,0.14,0.14,0.14,15000
5FI.SI,20120401,0.14,0.14,0.14,0.14,70000
5FI.SI,20120329,0.14,0.14,0.14,0.14,000
5FI.SI,20120328,0.14,0.14,0.14,0.14,20000
5FI.SI,20120327,0.14,0.14,0.14,0.14,130000
5FI.SI,20120326,0.14,0.14,0.14,0.14,250000
5FI.SI,20120325,0.14,0.14,0.14,0.14,190000
5FI.SI,20120322,0.14,0.14,0.14,0.14,135000
5FI.SI,20120321,0.14,0.14,0.14,0.14,110000
5FI.SI,20120320,0.14,0.14,0.14,0.14,10000
5FI.SI,20120319,0.14,0.14,0.14,0.14,71000
5FI.SI,20120318,0.14,0.14,0.14,0.14,1000
5FI.SI,20120315,0.14,0.14,0.14,0.14,25000
5FI.SI,20120314,0.14,0.14,0.14,0.14,83000
5FI.SI,20120313,0.14,0.14,0.14,0.14,189000
5FI.SI,20120312,0.14,0.14,0.14,0.14,37000
5FI.SI,20120311,0.14,0.14,0.14,0.14,79000
5FI.SI,20120308,0.14,0.14,0.14,0.14,71000
5FI.SI,20120307,0.14,0.14,0.14,0.14,45000
5FI.SI,20120306,0.14,0.14,0.14,0.14,55000
5FI.SI,20120305,0.14,0.14,0.14,0.14,23000
5FI.SI,20120304,0.14,0.14,0.14,0.14,20000
5FI.SI,20120301,0.14,0.14,0.14,0.14,80000
5FI.SI,20120229,0.14,0.14,0.14,0.14,50000
5FI.SI,20120228,0.14,0.14,0.14,0.14,30000
5FI.SI,20120227,0.14,0.14,0.14,0.14,30000
5FI.SI,20120226,0.14,0.14,0.14,0.14,100000
5FI.SI,20120223,0.14,0.14,0.14,0.14,100000
5FI.SI,20120222,0.14,0.14,0.14,0.14,180000
5FI.SI,20120221,0.14,0.14,0.14,0.14,50000
5FI.SI,20120220,0.14,0.14,0.14,0.14,50000
5FI.SI,20120219,0.14,0.14,0.14,0.14,50000
5FI.SI,20120216,0.15,0.15,0.15,0.15,100000
5FI.SI,20120215,0.15,0.15,0.15,0.15,100000
5FI.SI,20120214,0.14,0.14,0.14,0.14,185000
5FI.SI,20120213,0.14,0.14,0.14,0.14,000
5FI.SI,20120212,0.14,0.14,0.14,0.14,000
5FI.SI,20120209,0.14,0.14,0.14,0.14,150000
5FI.SI,20120208,0.14,0.14,0.14,0.14,190000
5FI.SI,20120207,0.13,0.13,0.13,0.13,50000
5FI.SI,20120206,0.13,0.13,0.13,0.13,000
5FI.SI,20120205,0.13,0.13,0.13,0.13,5000
5FI.SI,20120202,0.13,0.13,0.13,0.13,360000
5FI.SI,20120201,0.13,0.13,0.13,0.13,88000
5FI.SI,20120131,0.14,0.14,0.14,0.14,000
5FI.SI,20120130,0.14,0.14,0.14,0.14,30000
5FI.SI,20120129,0.14,0.14,0.14,0.14,000
5FI.SI,20120126,0.14,0.14,0.14,0.14,20000
5FI.SI,20120125,0.14,0.14,0.14,0.14,10000
5FI.SI,20120124,0.14,0.14,0.14,0.14,25000
5FI.SI,20120123,0.14,0.14,0.14,0.14,60000
5FI.SI,20120122,0.14,0.14,0.13,0.13,59000
5FI.SI,20120119,0.14,0.14,0.14,0.14,52000
5FI.SI,20120118,0.14,0.14,0.13,0.13,171000
5FI.SI,20120117,0.14,0.14,0.14,0.14,35000
5FI.SI,20120116,0.14,0.14,0.14,0.14,150000
5FI.SI,20120115,0.14,0.14,0.14,0.14,50000
5FI.SI,20120112,0.14,0.14,0.14,0.14,100000
5FI.SI,20120111,0.14,0.14,0.14,0.14,000
5FI.SI,20120110,0.14,0.14,0.14,0.14,87000
5FI.SI,20120109,0.14,0.14,0.14,0.14,150000
5FI.SI,20120108,0.14,0.14,0.14,0.14,200000
5FI.SI,20120105,0.14,0.14,0.14,0.14,000
5FI.SI,20120104,0.14,0.14,0.14,0.14,171000
5FI.SI,20120103,0.14,0.14,0.14,0.14,197000
5FI.SI,20120102,0.14,0.14,0.14,0.14,000
5FI.SI,20120101,0.13,0.14,0.13,0.14,24000
5FI.SI,20111229,0.13,0.14,0.13,0.13,255000
5FI.SI,20111228,0.13,0.14,0.13,0.13,348000
5FI.SI,20111227,0.13,0.13,0.13,0.13,685000
5FI.SI,20111226,0.13,0.13,0.13,0.13,000
5FI.SI,20111225,0.13,0.13,0.13,0.13,242000
5FI.SI,20111222,0.13,0.13,0.13,0.13,207000
5FI.SI,20111221,0.13,0.13,0.13,0.13,115000
5FI.SI,20111220,0.13,0.13,0.13,0.13,135000
5FI.SI,20111219,0.13,0.13,0.13,0.13,175000
5FI.SI,20111218,0.13,0.13,0.13,0.13,125000
5FI.SI,20111215,0.13,0.13,0.13,0.13,100000
5FI.SI,20111214,0.13,0.13,0.13,0.13,308000
5FI.SI,20111213,0.14,0.14,0.13,0.13,107000
5FI.SI,20111212,0.14,0.14,0.13,0.13,125000
5FI.SI,20111211,0.14,0.14,0.14,0.14,130000
5FI.SI,20111208,0.14,0.14,0.13,0.13,107000
5FI.SI,20111207,0.14,0.14,0.14,0.14,133000
5FI.SI,20111206,0.14,0.14,0.14,0.14,130000
5FI.SI,20111205,0.14,0.14,0.14,0.14,158000
5FI.SI,20111204,0.14,0.14,0.14,0.14,152000
5FI.SI,20111201,0.13,0.14,0.13,0.14,435000
5FI.SI,20111130,0.14,0.14,0.13,0.13,552000
5FI.SI,20111129,0.14,0.14,0.13,0.14,272000
5FI.SI,20111128,0.14,0.14,0.13,0.14,115000
5FI.SI,20111127,0.13,0.14,0.13,0.14,155000
5FI.SI,20111124,0.13,0.14,0.13,0.14,404000
5FI.SI,20111123,0.13,0.13,0.13,0.13,308000
5FI.SI,20111122,0.13,0.13,0.13,0.13,160000
5FI.SI,20111121,0.13,0.14,0.13,0.13,283000
5FI.SI,20111120,0.13,0.13,0.13,0.13,371000
5FI.SI,20111117,0.13,0.13,0.13,0.13,125000
5FI.SI,20111116,0.13,0.13,0.13,0.13,160000
5FI.SI,20111115,0.13,0.13,0.13,0.13,455000
5FI.SI,20111114,0.13,0.13,0.13,0.13,000
5FI.SI,20111113,0.13,0.13,0.13,0.13,430000
5FI.SI,20111110,0.12,0.13,0.12,0.13,254000
5FI.SI,20111109,0.12,0.12,0.12,0.12,540000
5FI.SI,20111108,0.12,0.12,0.12,0.12,1166000
5FI.SI,20111107,0.12,0.12,0.12,0.12,1037000
5FI.SI,20111106,0.12,0.12,0.12,0.12,500000
5FI.SI,20111103,0.12,0.12,0.12,0.12,205000
5FI.SI,20111102,0.12,0.12,0.12,0.12,168000
5FI.SI,20111101,0.12,0.12,0.12,0.12,770000
5FI.SI,20111031,0.12,0.12,0.12,0.12,446000
5FI.SI,20111030,0.12,0.12,0.12,0.12,642000
5FI.SI,20111027,0.12,0.12,0.12,0.12,000
5FI.SI,20111026,0.12,0.12,0.12,0.12,611000
5FI.SI,20111025,0.12,0.12,0.12,0.12,665000
5FI.SI,20111024,0.12,0.12,0.12,0.12,150000
5FI.SI,20111023,0.12,0.12,0.12,0.12,458000
5FI.SI,20111020,0.12,0.12,0.12,0.12,160000
5FI.SI,20111019,0.12,0.12,0.12,0.12,119000
5FI.SI,20111018,0.12,0.12,0.12,0.12,420000
5FI.SI,20111017,0.12,0.12,0.12,0.12,424000
5FI.SI,20111016,0.12,0.12,0.12,0.12,308000
5FI.SI,20111013,0.12,0.12,0.12,0.12,295000
5FI.SI,20111012,0.12,0.12,0.12,0.12,224000
5FI.SI,20111011,0.12,0.12,0.11,0.12,155000
5FI.SI,20111010,0.11,0.12,0.11,0.12,2121000
5FI.SI,20111009,0.11,0.11,0.11,0.11,326000
5FI.SI,20111006,0.11,0.11,0.11,0.11,230000
5FI.SI,20111005,0.11,0.11,0.11,0.11,890000
5FI.SI,20111004,0.11,0.11,0.11,0.11,400000
5FI.SI,20111003,0.11,0.11,0.11,0.11,160000
5FI.SI,20111002,0.11,0.11,0.11,0.11,130000
5FI.SI,20110929,0.11,0.11,0.11,0.11,280000
5FI.SI,20110928,0.11,0.11,0.11,0.11,730000
5FI.SI,20110927,0.11,0.11,0.11,0.11,148000
5FI.SI,20110926,0.11,0.11,0.11,0.11,450000
5FI.SI,20110925,0.11,0.11,0.10,0.11,110000
5FI.SI,20110922,0.10,0.11,0.10,0.11,400000
5FI.SI,20110921,0.10,0.10,0.10,0.10,248000
5FI.SI,20110920,0.10,0.10,0.10,0.10,100000
5FI.SI,20110919,0.10,0.10,0.10,0.10,50000
5FI.SI,20110918,0.10,0.10,0.10,0.10,180000
5FI.SI,20110915,0.10,0.10,0.10,0.10,68000
5FI.SI,20110914,0.10,0.10,0.10,0.10,190000
5FI.SI,20110913,0.10,0.10,0.10,0.10,100000
5FI.SI,20110912,0.10,0.10,0.10,0.10,115000
5FI.SI,20110911,0.10,0.10,0.10,0.10,225000
5FI.SI,20110908,0.10,0.10,0.10,0.10,000
5FI.SI,20110907,0.10,0.10,0.10,0.10,98000
5FI.SI,20110906,0.11,0.11,0.10,0.10,230000
5FI.SI,20110905,0.10,0.11,0.10,0.11,160000
5FI.SI,20110904,0.10,0.10,0.10,0.10,190000
5FI.SI,20110901,0.09,0.10,0.09,0.10,1947000
5FI.SI,20110831,0.09,0.10,0.09,0.10,1266000
5FI.SI,20110830,0.09,0.09,0.09,0.09,841000
5FI.SI,20110829,0.09,0.10,0.09,0.09,381000
5FI.SI,20110828,0.09,0.09,0.09,0.09,652000
5FI.SI,20110825,0.09,0.09,0.09,0.09,900000
5FI.SI,20110824,0.09,0.09,0.09,0.09,65000
5FI.SI,20110823,0.09,0.09,0.09,0.09,000
5FI.SI,20110822,0.09,0.09,0.09,0.09,421000
5FI.SI,20110821,0.08,0.08,0.08,0.08,000
5FI.SI,20110818,0.08,0.08,0.08,0.08,000
5FI.SI,20110817,0.08,0.08,0.08,0.08,597000
5FI.SI,20110816,0.08,0.08,0.08,0.08,400000
5FI.SI,20110815,0.08,0.08,0.08,0.08,000
5FI.SI,20110814,0.08,0.08,0.08,0.08,800000
5FI.SI,20110811,0.08,0.08,0.08,0.08,457000
5FI.SI,20110810,0.08,0.08,0.08,0.08,000
5FI.SI,20110809,0.08,0.09,0.08,0.08,414000
5FI.SI,20110808,0.08,0.08,0.08,0.08,5000
5FI.SI,20110807,0.08,0.09,0.08,0.08,65000
5FI.SI,20110804,0.08,0.09,0.08,0.08,225000
5FI.SI,20110803,0.09,0.09,0.09,0.09,000
5FI.SI,20110802,0.09,0.09,0.09,0.09,000
5FI.SI,20110801,0.09,0.09,0.09,0.09,20000
5FI.SI,20110731,0.09,0.09,0.09,0.09,5000
5FI.SI,20110728,0.08,0.08,0.08,0.08,133000
5FI.SI,20110727,0.09,0.09,0.09,0.09,3000
5FI.SI,20110726,0.08,0.08,0.08,0.08,000
5FI.SI,20110725,0.08,0.08,0.08,0.08,000
5FI.SI,20110724,0.08,0.08,0.08,0.08,000
5FI.SI,20110721,0.08,0.08,0.08,0.08,60000
5FI.SI,20110720,0.08,0.08,0.08,0.08,8000
5FI.SI,20110719,0.08,0.08,0.08,0.08,160000
5FI.SI,20110718,0.08,0.08,0.08,0.08,100000
5FI.SI,20110717,0.09,0.09,0.09,0.09,2000
5FI.SI,20110714,0.08,0.08,0.08,0.08,000
5FI.SI,20110713,0.08,0.08,0.08,0.08,000
5FI.SI,20110712,0.08,0.08,0.08,0.08,000
5FI.SI,20110711,0.08,0.08,0.08,0.08,000
5FI.SI,20110710,0.08,0.08,0.08,0.08,000
5FI.SI,20110707,0.08,0.08,0.08,0.08,400000
5FI.SI,20110706,0.09,0.09,0.08,0.08,122000
5FI.SI,20110705,0.08,0.09,0.08,0.09,21000
5FI.SI,20110704,0.09,0.09,0.09,0.09,000
5FI.SI,20110703,0.09,0.09,0.09,0.09,000
5FI.SI,20110630,0.09,0.09,0.09,0.09,000
5FI.SI,20110629,0.09,0.09,0.09,0.09,000
5FI.SI,20110628,0.09,0.09,0.09,0.09,500000
5FI.SI,20110627,0.09,0.09,0.09,0.09,000
5FI.SI,20110626,0.09,0.09,0.09,0.09,200000
5FI.SI,20110623,0.10,0.10,0.10,0.10,320000
5FI.SI,20110622,0.10,0.10,0.10,0.10,000
5FI.SI,20110621,0.10,0.10,0.10,0.10,100000
5FI.SI,20110620,0.09,0.09,0.09,0.09,000
5FI.SI,20110619,0.09,0.09,0.09,0.09,000
5FI.SI,20110616,0.09,0.09,0.09,0.09,50000
5FI.SI,20110615,0.10,0.10,0.10,0.10,50000
5FI.SI,20110614,0.10,0.10,0.10,0.10,5000
5FI.SI,20110613,0.09,0.10,0.09,0.09,396000
5FI.SI,20110612,0.09,0.09,0.09,0.09,000
5FI.SI,20110609,0.09,0.09,0.09,0.09,200000
5FI.SI,20110608,0.09,0.09,0.09,0.09,000
5FI.SI,20110607,0.09,0.09,0.09,0.09,000
5FI.SI,20110606,0.09,0.09,0.09,0.09,000
5FI.SI,20110605,0.09,0.09,0.09,0.09,550000
5FI.SI,20110602,0.09,0.09,0.09,0.09,50000
5FI.SI,20110601,0.09,0.09,0.09,0.09,000
5FI.SI,20110531,0.09,0.09,0.09,0.09,200000
5FI.SI,20110530,0.09,0.09,0.09,0.09,000
5FI.SI,20110529,0.09,0.09,0.09,0.09,800000
5FI.SI,20110526,0.09,0.09,0.09,0.09,295000
5FI.SI,20110525,0.09,0.09,0.08,0.09,388000
5FI.SI,20110524,0.09,0.09,0.09,0.09,285000
5FI.SI,20110523,0.09,0.09,0.09,0.09,206000
5FI.SI,20110522,0.09,0.09,0.09,0.09,672000
5FI.SI,20110519,0.09,0.09,0.09,0.09,515000
5FI.SI,20110518,0.09,0.09,0.09,0.09,253000
5FI.SI,20110517,0.09,0.09,0.09,0.09,517000
5FI.SI,20110516,0.10,0.10,0.08,0.09,1710000
5FI.SI,20110515,0.09,0.09,0.08,0.09,122000
5FI.SI,20110512,0.09,0.09,0.09,0.09,000
5FI.SI,20110511,0.09,0.09,0.09,0.09,87000
5FI.SI,20110510,0.09,0.09,0.09,0.09,211000
5FI.SI,20110509,0.10,0.10,0.10,0.10,505000
5FI.SI,20110508,0.10,0.10,0.10,0.10,1120000
5FI.SI,20110505,0.10,0.10,0.10,0.10,500000
5FI.SI,20110504,0.10,0.10,0.10,0.10,600000
5FI.SI,20110503,0.10,0.10,0.10,0.10,000
5FI.SI,20110502,0.10,0.10,0.10,0.10,000
5FI.SI,20110501,0.09,0.09,0.09,0.09,50000
5FI.SI,20110428,0.10,0.10,0.10,0.10,200000
5FI.SI,20110427,0.10,0.10,0.10,0.10,600000
5FI.SI,20110426,0.10,0.10,0.10,0.10,000
5FI.SI,20110425,0.10,0.10,0.10,0.10,000
5FI.SI,20110424,0.10,0.10,0.10,0.10,000
5FI.SI,20110421,0.10,0.10,0.10,0.10,000
5FI.SI,20110420,0.10,0.10,0.10,0.10,711000
5FI.SI,20110419,0.10,0.10,0.10,0.10,000
5FI.SI,20110418,0.10,0.10,0.10,0.10,50000
5FI.SI,20110417,0.10,0.10,0.10,0.10,1520000
5FI.SI,20110414,0.09,0.10,0.09,0.10,2348000
5FI.SI,20110413,0.09,0.09,0.09,0.09,640000
5FI.SI,20110412,0.09,0.09,0.09,0.09,345000
5FI.SI,20110411,0.09,0.09,0.09,0.09,280000
5FI.SI,20110410,0.09,0.09,0.09,0.09,000
5FI.SI,20110407,0.09,0.09,0.09,0.09,000
5FI.SI,20110406,0.09,0.09,0.09,0.09,500000
5FI.SI,20110405,0.09,0.09,0.09,0.09,760000
5FI.SI,20110404,0.09,0.09,0.09,0.09,621000
5FI.SI,20110403,0.08,0.08,0.08,0.08,000
5FI.SI,20110331,0.08,0.08,0.08,0.08,000
5FI.SI,20110330,0.08,0.08,0.08,0.08,000
5FI.SI,20110329,0.08,0.08,0.08,0.08,000
5FI.SI,20110328,0.08,0.08,0.08,0.08,000
5FI.SI,20110327,0.08,0.08,0.08,0.08,000
5FI.SI,20110324,0.08,0.08,0.08,0.08,000
5FI.SI,20110323,0.08,0.08,0.08,0.08,000
5FI.SI,20110322,0.08,0.08,0.08,0.08,000
5FI.SI,20110321,0.08,0.08,0.08,0.08,000
5FI.SI,20110320,0.08,0.08,0.08,0.08,000
5FI.SI,20110317,0.08,0.08,0.08,0.08,000
5FI.SI,20110316,0.08,0.08,0.08,0.08,000
5FI.SI,20110315,0.08,0.08,0.08,0.08,000
5FI.SI,20110314,0.08,0.08,0.08,0.08,000
5FI.SI,20110313,0.08,0.08,0.08,0.08,000
5FI.SI,20110310,0.08,0.08,0.08,0.08,000
5FI.SI,20110309,0.08,0.08,0.08,0.08,000
5FI.SI,20110308,0.08,0.08,0.08,0.08,000
5FI.SI,20110307,0.08,0.08,0.08,0.08,000
5FI.SI,20110306,0.08,0.08,0.08,0.08,000
5FI.SI,20110303,0.08,0.08,0.08,0.08,000
5FI.SI,20110302,0.08,0.08,0.08,0.08,000
5FI.SI,20110301,0.08,0.08,0.08,0.08,000
5FI.SI,20110228,0.08,0.08,0.08,0.08,000
5FI.SI,20110227,0.08,0.08,0.08,0.08,000
5FI.SI,20110224,0.08,0.08,0.08,0.08,000
5FI.SI,20110223,0.08,0.08,0.08,0.08,000
5FI.SI,20110222,0.08,0.08,0.08,0.08,000
5FI.SI,20110221,0.08,0.08,0.08,0.08,000
5FI.SI,20110220,0.08,0.08,0.08,0.08,000
5FI.SI,20110217,0.08,0.08,0.08,0.08,000
5FI.SI,20110216,0.08,0.08,0.08,0.08,000
5FI.SI,20110215,0.08,0.08,0.08,0.08,000
5FI.SI,20110214,0.08,0.08,0.08,0.08,000
5FI.SI,20110213,0.08,0.08,0.08,0.08,000
5FI.SI,20110210,0.08,0.08,0.08,0.08,000
5FI.SI,20110209,0.08,0.08,0.08,0.08,000
5FI.SI,20110208,0.08,0.08,0.08,0.08,000
5FI.SI,20110207,0.08,0.08,0.08,0.08,000
5FI.SI,20110206,0.08,0.08,0.08,0.08,000
5FI.SI,20110203,0.08,0.08,0.08,0.08,000
5FI.SI,20110202,0.08,0.08,0.08,0.08,000
5FI.SI,20110201,0.08,0.08,0.08,0.08,000
5FI.SI,20110131,0.07,0.08,0.07,0.08,22000
5FI.SI,20110130,0.09,0.09,0.09,0.09,000
5FI.SI,20110127,0.09,0.09,0.09,0.09,000
5FI.SI,20110126,0.09,0.09,0.09,0.09,000
5FI.SI,20110125,0.09,0.09,0.09,0.09,000
5FI.SI,20110124,0.09,0.09,0.09,0.09,000
5FI.SI,20110123,0.09,0.09,0.09,0.09,000
5FI.SI,20110120,0.09,0.09,0.09,0.09,000
5FI.SI,20110119,0.09,0.09,0.09,0.09,000
5FI.SI,20110118,0.09,0.09,0.09,0.09,000
5FI.SI,20110117,0.09,0.09,0.09,0.09,000
5FI.SI,20110116,0.09,0.09,0.09,0.09,000
5FI.SI,20110113,0.09,0.09,0.09,0.09,000
5FI.SI,20110112,0.09,0.09,0.09,0.09,000
5FI.SI,20110111,0.09,0.09,0.09,0.09,000
5FI.SI,20110110,0.09,0.09,0.09,0.09,000
5FI.SI,20110109,0.09,0.09,0.09,0.09,000
5FI.SI,20110106,0.09,0.09,0.09,0.09,000
5FI.SI,20110105,0.09,0.09,0.09,0.09,000
5FI.SI,20110104,0.09,0.09,0.09,0.09,000
5FI.SI,20110103,0.09,0.09,0.09,0.09,000
5FI.SI,20110102,0.09,0.09,0.09,0.09,000
5FI.SI,20101230,0.09,0.09,0.09,0.09,000
5FI.SI,20101229,0.09,0.09,0.09,0.09,000
5FI.SI,20101228,0.09,0.09,0.09,0.09,000
5FI.SI,20101227,0.09,0.09,0.09,0.09,000
5FI.SI,20101226,0.09,0.09,0.09,0.09,000
5FI.SI,20101223,0.09,0.09,0.09,0.09,000
5FI.SI,20101222,0.09,0.09,0.09,0.09,000
5FI.SI,20101221,0.09,0.09,0.09,0.09,000
5FI.SI,20101220,0.09,0.09,0.09,0.09,000
5FI.SI,20101219,0.09,0.09,0.09,0.09,000
5FI.SI,20101216,0.09,0.09,0.09,0.09,000
5FI.SI,20101215,0.09,0.09,0.09,0.09,000
5FI.SI,20101214,0.09,0.09,0.09,0.09,000
5FI.SI,20101213,0.09,0.09,0.09,0.09,000
5FI.SI,20101212,0.09,0.09,0.09,0.09,000
5FI.SI,20101209,0.09,0.09,0.09,0.09,000
5FI.SI,20101208,0.09,0.09,0.09,0.09,000
5FI.SI,20101207,0.09,0.09,0.09,0.09,000
5FI.SI,20101206,0.09,0.09,0.09,0.09,000
5FI.SI,20101205,0.09,0.09,0.09,0.09,000
5FI.SI,20101202,0.09,0.09,0.09,0.09,000
5FI.SI,20101201,0.09,0.09,0.09,0.09,000
5FI.SI,20101130,0.09,0.09,0.09,0.09,000
5FI.SI,20101129,0.09,0.09,0.09,0.09,000
5FI.SI,20101128,0.09,0.09,0.09,0.09,60000
5FI.SI,20101125,0.06,0.06,0.06,0.06,000
5FI.SI,20101124,0.06,0.06,0.06,0.06,000
5FI.SI,20101123,0.06,0.06,0.06,0.06,1000
5FI.SI,20101122,0.08,0.08,0.08,0.08,000
5FI.SI,20101121,0.08,0.08,0.08,0.08,000
5FI.SI,20101118,0.08,0.08,0.08,0.08,000
5FI.SI,20101117,0.08,0.08,0.08,0.08,000
5FI.SI,20100928,0.07,0.08,0.07,0.08,30000
5FI.SI,20100923,0.08,0.08,0.08,0.08,30000
5FI.SI,20100916,0.08,0.08,0.08,0.08,125000
5FI.SI,20100811,0.09,0.09,0.09,0.09,10000
5FI.SI,20100808,0.07,0.08,0.07,0.08,25000
5FI.SI,20100804,0.08,0.08,0.08,0.08,50000
5FI.SI,20100801,0.09,0.09,0.09,0.09,36000
5FI.SI,20100728,0.09,0.09,0.09,0.09,10000
5FI.SI,20100722,0.08,0.08,0.08,0.08,29000
5FI.SI,20100721,0.08,0.08,0.08,0.08,60000
5FI.SI,20100720,0.08,0.08,0.08,0.08,50000
5FI.SI,20100719,0.09,0.09,0.09,0.09,50000
5FI.SI,20100718,0.08,0.08,0.08,0.08,50000
5FI.SI,20100708,0.09,0.09,0.09,0.09,50000
5FI.SI,20100706,0.09,0.09,0.09,0.09,104000
5FI.SI,20100629,0.09,0.09,0.09,0.09,40000
5FI.SI,20100623,0.08,0.08,0.08,0.08,1000
5FI.SI,20100622,0.09,0.09,0.09,0.09,65000
5FI.SI,20100621,0.09,0.09,0.09,0.09,110000
5FI.SI,20100620,0.09,0.09,0.09,0.09,100000
5FI.SI,20100617,0.09,0.09,0.08,0.08,110000
5FI.SI,20100616,0.09,0.09,0.09,0.09,125000
5FI.SI,20100615,0.08,0.09,0.08,0.08,107000
5FI.SI,20100614,0.08,0.09,0.08,0.09,670000
5FI.SI,20100613,0.08,0.09,0.08,0.08,261000
5FI.SI,20100610,0.09,0.09,0.09,0.09,78000
5FI.SI,20100607,0.08,0.09,0.08,0.09,169000
5FI.SI,20100606,0.08,0.09,0.08,0.09,115000
5FI.SI,20100531,0.09,0.09,0.09,0.09,80000
5FI.SI,20100530,0.08,0.09,0.08,0.09,76000
5FI.SI,20100525,0.09,0.09,0.09,0.09,20000
5FI.SI,20100524,0.09,0.09,0.09,0.09,177000
5FI.SI,20100523,0.09,0.09,0.09,0.09,100000
5FI.SI,20100520,0.08,0.10,0.08,0.10,517000
5FI.SI,20100519,0.09,0.10,0.08,0.09,264000
5FI.SI,20100518,0.08,0.09,0.08,0.09,37000
5FI.SI,20100516,0.09,0.09,0.09,0.09,25000
5FI.SI,20100513,0.08,0.08,0.08,0.08,1000
5FI.SI,20100511,0.08,0.09,0.08,0.09,17000
5FI.SI,20100509,0.08,0.09,0.08,0.09,205000
5FI.SI,20100506,0.10,0.10,0.10,0.10,5000
5FI.SI,20100505,0.08,0.09,0.08,0.09,118000
5FI.SI,20100407,0.10,0.10,0.10,0.10,5000
5FI.SI,20100406,0.10,0.10,0.10,0.10,5000
5FI.SI,20100405,0.09,0.09,0.08,0.08,83000
5FI.SI,20100401,0.08,0.08,0.08,0.08,1000
5FI.SI,20100331,0.09,0.09,0.09,0.09,5000
5FI.SI,20100330,0.09,0.09,0.08,0.08,18000
5FI.SI,20100329,0.09,0.09,0.08,0.09,104000
5FI.SI,20100328,0.08,0.08,0.08,0.08,1000
5FI.SI,20100325,0.09,0.09,0.09,0.09,13000
5FI.SI,20100324,0.08,0.09,0.08,0.09,11000
5FI.SI,20100323,0.08,0.09,0.08,0.09,6000
5FI.SI,20100322,0.09,0.09,0.08,0.09,24000
5FI.SI,20100321,0.08,0.10,0.08,0.08,56000
5FI.SI,20100216,0.09,0.10,0.09,0.10,21000
5FI.SI,20100209,0.10,0.10,0.10,0.10,5000
5FI.SI,20100120,0.10,0.10,0.10,0.10,45000
5FI.SI,20100119,0.10,0.11,0.10,0.11,14000
5FI.SI,20100112,0.10,0.12,0.10,0.12,58000
5FI.SI,20100110,0.12,0.12,0.12,0.12,2000
5FI.SI,20100107,0.10,0.12,0.10,0.12,11000
