LJ3.SI,20120604,3.00,3.02,2.99,3.02,895000
LJ3.SI,20120603,3.00,3.03,2.98,2.99,1152000
LJ3.SI,20120531,3.05,3.06,3.00,3.00,1957000
LJ3.SI,20120530,3.07,3.07,3.01,3.03,2137000
LJ3.SI,20120529,3.14,3.15,3.08,3.08,1151000
LJ3.SI,20120528,3.13,3.15,3.09,3.10,1617000
LJ3.SI,20120527,3.06,3.09,3.06,3.09,1127000
LJ3.SI,20120524,3.05,3.05,3.05,3.05,000
LJ3.SI,20120523,3.14,3.15,3.04,3.05,3633000
LJ3.SI,20120522,3.14,3.18,3.14,3.15,756000
LJ3.SI,20120521,3.14,3.16,3.13,3.15,801000
LJ3.SI,20120520,3.15,3.17,3.13,3.14,1231000
LJ3.SI,20120517,3.14,3.16,3.13,3.14,340000
LJ3.SI,20120516,3.19,3.20,3.14,3.14,987000
LJ3.SI,20120515,3.17,3.20,3.16,3.19,3027000
LJ3.SI,20120514,3.07,3.17,3.07,3.16,3764000
LJ3.SI,20120513,3.13,3.15,3.12,3.13,1446000
LJ3.SI,20120510,3.12,3.14,3.12,3.13,968000
LJ3.SI,20120509,3.11,3.13,3.10,3.12,1276000
LJ3.SI,20120508,3.10,3.14,3.09,3.12,3510000
LJ3.SI,20120507,3.10,3.10,3.07,3.08,6770000
LJ3.SI,20120506,3.15,3.19,3.13,3.14,1039000
LJ3.SI,20120503,3.15,3.15,3.13,3.14,574000
LJ3.SI,20120502,3.11,3.16,3.11,3.11,2260000
LJ3.SI,20120501,3.11,3.11,3.11,3.11,000
LJ3.SI,20120430,3.10,3.13,3.10,3.11,3021000
LJ3.SI,20120429,3.09,3.11,3.07,3.10,897000
LJ3.SI,20120426,3.08,3.10,3.04,3.10,1830000
LJ3.SI,20120425,3.07,3.12,3.07,3.10,1551000
LJ3.SI,20120424,3.07,3.08,3.05,3.07,1009000
LJ3.SI,20120423,3.07,3.07,3.05,3.07,623000
LJ3.SI,20120422,3.06,3.07,3.04,3.06,923000
LJ3.SI,20120419,3.05,3.07,3.03,3.05,1126000
LJ3.SI,20120418,3.05,3.09,3.02,3.05,1965000
LJ3.SI,20120417,3.07,3.09,3.05,3.05,1276000
LJ3.SI,20120416,3.00,3.09,2.99,3.06,2448000
LJ3.SI,20120415,3.02,3.05,3.01,3.01,3037000
LJ3.SI,20120412,3.00,3.03,2.98,2.99,1646000
LJ3.SI,20120411,2.98,3.01,2.97,2.99,1926000
LJ3.SI,20120410,2.99,3.00,2.96,2.96,1245000
LJ3.SI,20120409,2.96,3.01,2.96,2.99,875000
LJ3.SI,20120408,3.00,3.00,2.96,2.96,952000
LJ3.SI,20120405,3.04,3.04,3.00,3.00,1092000
LJ3.SI,20120404,3.04,3.04,3.02,3.03,410000
LJ3.SI,20120403,3.05,3.05,3.03,3.05,1049000
LJ3.SI,20120402,3.06,3.08,3.03,3.05,1337000
LJ3.SI,20120401,3.09,3.09,3.05,3.07,740000
LJ3.SI,20120329,3.07,3.07,3.07,3.07,000
LJ3.SI,20120328,3.10,3.10,3.07,3.07,476000
LJ3.SI,20120327,3.09,3.12,3.09,3.11,866000
LJ3.SI,20120326,3.05,3.12,3.05,3.10,2832000
LJ3.SI,20120325,3.13,3.13,3.04,3.05,2977000
LJ3.SI,20120322,3.14,3.14,3.07,3.12,4096000
LJ3.SI,20120321,3.02,3.14,3.02,3.13,8252000
LJ3.SI,20120320,2.98,3.02,2.96,3.00,3483000
LJ3.SI,20120319,2.93,3.00,2.92,2.98,3924000
LJ3.SI,20120318,2.92,2.94,2.90,2.93,2081000
LJ3.SI,20120315,2.87,2.94,2.85,2.94,4424000
LJ3.SI,20120314,2.86,2.87,2.85,2.87,979000
LJ3.SI,20120313,2.87,2.88,2.85,2.87,1675000
LJ3.SI,20120312,2.86,2.89,2.85,2.87,3058000
LJ3.SI,20120311,2.80,2.90,2.80,2.86,1490000
LJ3.SI,20120308,2.81,2.82,2.80,2.81,1272000
LJ3.SI,20120307,2.80,2.82,2.80,2.81,626000
LJ3.SI,20120306,2.80,2.82,2.80,2.81,1256000
LJ3.SI,20120305,2.82,2.85,2.78,2.79,2128000
LJ3.SI,20120304,2.85,2.87,2.81,2.82,1076000
LJ3.SI,20120301,2.90,2.90,2.84,2.85,1794000
LJ3.SI,20120229,2.93,2.94,2.88,2.90,2371000
LJ3.SI,20120228,2.89,2.92,2.83,2.90,3450000
LJ3.SI,20120227,2.88,2.90,2.87,2.89,870000
LJ3.SI,20120226,2.90,2.91,2.89,2.89,898000
LJ3.SI,20120223,2.91,2.91,2.87,2.89,624000
LJ3.SI,20120222,2.94,2.94,2.90,2.92,915000
LJ3.SI,20120221,2.95,2.96,2.92,2.94,631000
LJ3.SI,20120220,2.93,2.96,2.93,2.94,534000
LJ3.SI,20120219,2.94,2.95,2.92,2.93,477000
LJ3.SI,20120216,2.96,2.97,2.94,2.96,396000
LJ3.SI,20120215,2.98,2.98,2.93,2.97,547000
LJ3.SI,20120214,2.96,2.98,2.96,2.96,461000
LJ3.SI,20120213,2.95,2.95,2.95,2.95,000
LJ3.SI,20120212,2.95,2.95,2.95,2.95,000
LJ3.SI,20120209,2.97,2.99,2.95,2.95,599000
LJ3.SI,20120208,2.98,3.00,2.96,2.97,899000
LJ3.SI,20120207,3.01,3.02,2.97,3.00,682000
LJ3.SI,20120206,3.02,3.02,2.98,3.01,1603000
LJ3.SI,20120205,3.05,3.08,3.01,3.03,2680000
LJ3.SI,20120202,2.96,3.05,2.96,3.03,2693000
LJ3.SI,20120201,2.98,2.98,2.95,2.98,1497000
LJ3.SI,20120131,2.98,2.99,2.95,2.98,1280000
LJ3.SI,20120130,2.95,3.00,2.95,2.99,4089000
LJ3.SI,20120129,2.88,2.98,2.88,2.95,6020000
LJ3.SI,20120126,2.85,2.87,2.84,2.85,1626000
LJ3.SI,20120125,2.85,2.87,2.84,2.84,1869000
LJ3.SI,20120124,2.85,2.86,2.83,2.85,2482000
LJ3.SI,20120123,2.83,2.87,2.78,2.86,6467000
LJ3.SI,20120122,2.72,2.75,2.71,2.74,224000
LJ3.SI,20120119,2.70,2.72,2.69,2.72,537000
LJ3.SI,20120118,2.71,2.72,2.69,2.69,418000
LJ3.SI,20120117,2.73,2.73,2.68,2.69,357000
LJ3.SI,20120116,2.74,2.74,2.66,2.68,747000
LJ3.SI,20120115,2.76,2.76,2.71,2.74,798000
LJ3.SI,20120112,2.80,2.80,2.78,2.78,186000
LJ3.SI,20120111,2.79,2.80,2.77,2.78,1206000
LJ3.SI,20120110,2.77,2.79,2.76,2.77,1660000
LJ3.SI,20120109,2.78,2.80,2.77,2.77,440000
LJ3.SI,20120108,2.79,2.81,2.77,2.78,1075000
LJ3.SI,20120105,2.80,2.80,2.75,2.79,670000
LJ3.SI,20120104,2.81,2.82,2.76,2.79,682000
LJ3.SI,20120103,2.78,2.84,2.78,2.80,920000
LJ3.SI,20120102,2.78,2.78,2.78,2.78,000
LJ3.SI,20120101,2.79,2.80,2.74,2.78,398000
LJ3.SI,20111229,2.79,2.79,2.76,2.78,488000
LJ3.SI,20111228,2.80,2.82,2.79,2.79,499000
LJ3.SI,20111227,2.80,2.81,2.79,2.79,564000
LJ3.SI,20111226,2.80,2.80,2.80,2.80,000
LJ3.SI,20111225,2.79,2.80,2.78,2.80,149000
LJ3.SI,20111222,2.82,2.84,2.78,2.81,1121000
LJ3.SI,20111221,2.82,2.84,2.79,2.82,1720000
LJ3.SI,20111220,2.82,2.85,2.80,2.83,1039000
LJ3.SI,20111219,2.79,2.82,2.78,2.79,757000
LJ3.SI,20111218,2.78,2.79,2.76,2.77,462000
LJ3.SI,20111215,2.69,2.77,2.69,2.77,700000
LJ3.SI,20111214,2.75,2.75,2.69,2.70,368000
LJ3.SI,20111213,2.77,2.77,2.72,2.75,740000
LJ3.SI,20111212,2.73,2.75,2.69,2.74,1044000
LJ3.SI,20111211,2.76,2.76,2.73,2.73,598000
LJ3.SI,20111208,2.72,2.75,2.69,2.74,1503000
LJ3.SI,20111207,2.63,2.72,2.62,2.72,2238000
LJ3.SI,20111206,2.58,2.62,2.58,2.61,940000
LJ3.SI,20111205,2.60,2.60,2.56,2.56,460000
LJ3.SI,20111204,2.60,2.61,2.58,2.59,547000
LJ3.SI,20111201,2.61,2.61,2.58,2.60,704000
LJ3.SI,20111130,2.60,2.61,2.58,2.60,374000
LJ3.SI,20111129,2.60,2.60,2.57,2.58,215000
LJ3.SI,20111128,2.61,2.61,2.58,2.59,487000
LJ3.SI,20111127,2.61,2.62,2.58,2.58,498000
LJ3.SI,20111124,2.61,2.61,2.59,2.59,230000
LJ3.SI,20111123,2.60,2.61,2.57,2.59,571000
LJ3.SI,20111122,2.63,2.63,2.55,2.58,797000
LJ3.SI,20111121,2.65,2.66,2.60,2.62,291000
LJ3.SI,20111120,2.64,2.65,2.61,2.65,619000
LJ3.SI,20111117,2.58,2.68,2.54,2.62,1510000
LJ3.SI,20111116,2.59,2.59,2.53,2.54,572000
LJ3.SI,20111115,2.62,2.64,2.60,2.60,380000
LJ3.SI,20111114,2.62,2.62,2.62,2.62,000
LJ3.SI,20111113,2.63,2.65,2.62,2.62,325000
LJ3.SI,20111110,2.63,2.64,2.61,2.62,786000
LJ3.SI,20111109,2.69,2.69,2.64,2.64,838000
LJ3.SI,20111108,2.72,2.72,2.69,2.71,578000
LJ3.SI,20111107,2.66,2.71,2.66,2.69,1450000
LJ3.SI,20111106,2.63,2.67,2.62,2.66,458000
LJ3.SI,20111103,2.63,2.66,2.63,2.64,503000
LJ3.SI,20111102,2.62,2.63,2.61,2.62,218000
LJ3.SI,20111101,2.64,2.66,2.58,2.65,1272000
LJ3.SI,20111031,2.68,2.68,2.63,2.63,828000
LJ3.SI,20111030,2.68,2.70,2.67,2.68,669000
LJ3.SI,20111027,2.67,2.67,2.67,2.67,000
LJ3.SI,20111026,2.73,2.73,2.67,2.67,1939000
LJ3.SI,20111025,2.74,2.74,2.72,2.72,431000
LJ3.SI,20111024,2.74,2.76,2.73,2.74,1495000
LJ3.SI,20111023,2.79,2.80,2.70,2.71,3825000
LJ3.SI,20111020,2.80,2.82,2.79,2.80,388000
LJ3.SI,20111019,2.84,2.84,2.79,2.80,1239000
LJ3.SI,20111018,2.79,2.85,2.78,2.84,1567000
LJ3.SI,20111017,2.79,2.80,2.77,2.77,1016000
LJ3.SI,20111016,2.78,2.79,2.77,2.78,536000
LJ3.SI,20111013,2.81,2.81,2.76,2.76,2384000
LJ3.SI,20111012,2.83,2.84,2.79,2.79,1102000
LJ3.SI,20111011,2.76,2.86,2.76,2.83,2130000
LJ3.SI,20111010,2.80,2.82,2.77,2.77,2088000
LJ3.SI,20111009,2.82,2.84,2.80,2.80,628000
LJ3.SI,20111006,2.81,2.88,2.81,2.85,1456000
LJ3.SI,20111005,2.82,2.82,2.76,2.79,2069000
LJ3.SI,20111004,2.82,2.88,2.80,2.80,3687000
LJ3.SI,20111003,2.84,2.85,2.81,2.82,1093000
LJ3.SI,20111002,2.84,2.86,2.83,2.84,646000
LJ3.SI,20110929,2.86,2.88,2.84,2.84,2301000
LJ3.SI,20110928,2.86,2.88,2.84,2.84,2040000
LJ3.SI,20110927,2.89,2.89,2.84,2.85,1458000
LJ3.SI,20110926,2.91,2.93,2.88,2.89,1785000
LJ3.SI,20110925,2.86,2.95,2.86,2.91,3716000
LJ3.SI,20110922,2.86,2.90,2.84,2.86,3559000
LJ3.SI,20110921,2.98,3.04,2.82,2.84,6691000
LJ3.SI,20110920,2.73,2.96,2.73,2.95,17583000
LJ3.SI,20110919,2.60,2.63,2.60,2.62,489000
LJ3.SI,20110918,2.65,2.65,2.61,2.61,472000
LJ3.SI,20110915,2.65,2.66,2.61,2.63,1465000
LJ3.SI,20110914,2.55,2.63,2.54,2.61,2010000
LJ3.SI,20110913,2.55,2.56,2.55,2.55,444000
LJ3.SI,20110912,2.56,2.56,2.54,2.54,663000
LJ3.SI,20110911,2.46,2.57,2.46,2.57,1763000
LJ3.SI,20110908,2.46,2.48,2.45,2.45,545000
LJ3.SI,20110907,2.49,2.49,2.43,2.45,887000
LJ3.SI,20110906,2.52,2.53,2.48,2.48,1387000
LJ3.SI,20110905,2.53,2.54,2.52,2.53,742000
LJ3.SI,20110904,2.49,2.54,2.49,2.53,1120000
LJ3.SI,20110901,2.47,2.51,2.46,2.50,818000
LJ3.SI,20110831,2.49,2.50,2.46,2.47,2220000
LJ3.SI,20110830,2.45,2.49,2.43,2.48,1033000
LJ3.SI,20110829,2.43,2.47,2.40,2.45,1169000
LJ3.SI,20110828,2.46,2.47,2.43,2.44,460000
LJ3.SI,20110825,2.42,2.45,2.42,2.45,2090000
LJ3.SI,20110824,2.43,2.46,2.43,2.44,938000
LJ3.SI,20110823,2.44,2.45,2.42,2.43,928000
LJ3.SI,20110822,2.45,2.48,2.44,2.46,634000
LJ3.SI,20110821,2.43,2.43,2.43,2.43,000
LJ3.SI,20110818,2.45,2.45,2.43,2.43,464000
LJ3.SI,20110817,2.44,2.46,2.43,2.44,799000
LJ3.SI,20110816,2.50,2.50,2.42,2.44,1234000
LJ3.SI,20110815,2.51,2.51,2.49,2.50,708000
LJ3.SI,20110814,2.50,2.53,2.50,2.50,561000
LJ3.SI,20110811,2.52,2.54,2.48,2.51,905000
LJ3.SI,20110810,2.54,2.54,2.54,2.54,000
LJ3.SI,20110809,2.55,2.56,2.50,2.54,1264000
LJ3.SI,20110808,2.56,2.56,2.54,2.55,749000
LJ3.SI,20110807,2.54,2.57,2.54,2.56,673000
LJ3.SI,20110804,2.52,2.54,2.50,2.53,1275000
LJ3.SI,20110803,2.53,2.56,2.51,2.54,1518000
LJ3.SI,20110802,2.54,2.57,2.51,2.54,942000
LJ3.SI,20110801,2.49,2.61,2.48,2.55,4846000
LJ3.SI,20110731,2.49,2.52,2.48,2.49,1039000
LJ3.SI,20110728,2.45,2.49,2.43,2.49,7141000
LJ3.SI,20110727,2.36,2.45,2.36,2.42,3558000
LJ3.SI,20110726,2.33,2.37,2.32,2.35,1244000
LJ3.SI,20110725,2.27,2.39,2.27,2.34,2277000
LJ3.SI,20110724,2.34,2.35,2.26,2.26,1172000
LJ3.SI,20110721,2.38,2.38,2.35,2.36,734000
LJ3.SI,20110720,2.37,2.42,2.37,2.40,8049000
LJ3.SI,20110719,2.37,2.37,2.35,2.35,1242000
LJ3.SI,20110718,2.33,2.38,2.32,2.38,2379000
LJ3.SI,20110717,2.36,2.36,2.31,2.33,562000
LJ3.SI,20110714,2.30,2.37,2.30,2.34,2026000
LJ3.SI,20110713,2.32,2.32,2.28,2.31,1347000
LJ3.SI,20110712,2.28,2.32,2.27,2.30,2258000
LJ3.SI,20110711,2.23,2.30,2.23,2.29,1274000
LJ3.SI,20110710,2.24,2.24,2.22,2.22,495000
LJ3.SI,20110707,2.25,2.27,2.20,2.26,1600000
LJ3.SI,20110706,2.20,2.23,2.20,2.23,1307000
LJ3.SI,20110705,2.22,2.24,2.20,2.20,479000
LJ3.SI,20110704,2.20,2.22,2.17,2.20,814000
LJ3.SI,20110703,2.16,2.21,2.13,2.20,561000
LJ3.SI,20110630,2.09,2.15,2.09,2.14,1921000
LJ3.SI,20110629,2.09,2.12,2.08,2.08,974000
LJ3.SI,20110628,2.08,2.09,2.06,2.08,1283000
LJ3.SI,20110627,2.08,2.08,2.07,2.08,745000
LJ3.SI,20110626,2.05,2.12,2.05,2.09,845000
LJ3.SI,20110623,2.05,2.06,2.04,2.06,518000
LJ3.SI,20110622,2.08,2.08,2.06,2.07,229000
LJ3.SI,20110621,2.06,2.08,2.05,2.07,1759000
LJ3.SI,20110620,2.07,2.07,2.05,2.07,110000
LJ3.SI,20110619,2.08,2.09,2.06,2.07,362000
LJ3.SI,20110616,2.04,2.06,2.01,2.05,1030000
LJ3.SI,20110615,2.06,2.06,2.00,2.03,1101000
LJ3.SI,20110614,2.08,2.08,2.05,2.07,617000
LJ3.SI,20110613,2.07,2.09,2.06,2.08,453000
LJ3.SI,20110612,2.08,2.10,2.07,2.08,311000
LJ3.SI,20110609,2.07,2.07,2.04,2.05,161000
LJ3.SI,20110608,2.10,2.11,2.05,2.07,1189000
LJ3.SI,20110607,2.10,2.10,2.09,2.10,768000
LJ3.SI,20110606,2.12,2.13,2.09,2.10,870000
LJ3.SI,20110605,2.09,2.13,2.08,2.12,1231000
LJ3.SI,20110602,2.13,2.14,2.10,2.12,351000
LJ3.SI,20110601,2.09,2.13,2.08,2.13,591000
LJ3.SI,20110531,2.11,2.11,2.08,2.09,237000
LJ3.SI,20110530,2.10,2.11,2.08,2.10,243000
LJ3.SI,20110529,2.11,2.12,2.08,2.11,346000
LJ3.SI,20110526,2.08,2.14,2.07,2.11,1103000
LJ3.SI,20110525,2.02,2.09,2.02,2.07,848000
LJ3.SI,20110524,2.03,2.04,2.01,2.03,402000
LJ3.SI,20110523,2.03,2.08,2.02,2.07,1009000
LJ3.SI,20110522,1.98,2.03,1.93,2.02,1266000
LJ3.SI,20110519,2.01,2.01,1.95,1.97,1802000
LJ3.SI,20110518,2.04,2.05,2.03,2.04,782000
LJ3.SI,20110517,2.12,2.12,2.02,2.03,2449000
LJ3.SI,20110516,2.13,2.14,2.11,2.12,933000
LJ3.SI,20110515,2.29,2.31,2.28,2.29,625000
LJ3.SI,20110512,2.33,2.33,2.26,2.28,1586000
LJ3.SI,20110511,2.33,2.33,2.30,2.33,1071000
LJ3.SI,20110510,2.33,2.34,2.31,2.32,522000
LJ3.SI,20110509,2.33,2.35,2.32,2.35,432000
LJ3.SI,20110508,2.36,2.36,2.31,2.32,976000
LJ3.SI,20110505,2.37,2.38,2.36,2.37,287000
LJ3.SI,20110504,2.37,2.39,2.36,2.37,1196000
LJ3.SI,20110503,2.36,2.38,2.34,2.37,1235000
LJ3.SI,20110502,2.35,2.35,2.35,2.35,000
LJ3.SI,20110501,2.35,2.36,2.34,2.35,795000
LJ3.SI,20110428,2.33,2.36,2.33,2.34,2802000
LJ3.SI,20110427,2.33,2.35,2.33,2.33,643000
LJ3.SI,20110426,2.34,2.35,2.32,2.34,535000
LJ3.SI,20110425,2.32,2.35,2.31,2.35,331000
LJ3.SI,20110424,2.36,2.36,2.32,2.32,1239000
LJ3.SI,20110421,2.36,2.36,2.34,2.35,2565000
LJ3.SI,20110420,2.33,2.37,2.33,2.36,1570000
LJ3.SI,20110419,2.31,2.34,2.30,2.33,1047000
LJ3.SI,20110418,2.30,2.30,2.28,2.30,2080000
LJ3.SI,20110417,2.29,2.30,2.28,2.29,1258000
LJ3.SI,20110414,2.32,2.33,2.29,2.30,1967000
LJ3.SI,20110413,2.32,2.34,2.31,2.31,952000
LJ3.SI,20110412,2.33,2.33,2.31,2.33,621000
LJ3.SI,20110411,2.33,2.35,2.33,2.34,1592000
LJ3.SI,20110410,2.35,2.36,2.33,2.33,707000
LJ3.SI,20110407,2.34,2.34,2.34,2.34,000
LJ3.SI,20110406,2.35,2.36,2.33,2.34,1633000
LJ3.SI,20110405,2.37,2.38,2.35,2.35,1393000
LJ3.SI,20110404,2.38,2.40,2.35,2.39,2238000
LJ3.SI,20110403,2.35,2.38,2.35,2.37,1473000
LJ3.SI,20110331,2.38,2.39,2.34,2.35,3653000
LJ3.SI,20110330,2.41,2.43,2.37,2.39,2820000
LJ3.SI,20110329,2.43,2.44,2.41,2.41,1287000
LJ3.SI,20110328,2.44,2.45,2.43,2.44,777000
LJ3.SI,20110327,2.44,2.44,2.42,2.44,443000
LJ3.SI,20110324,2.44,2.44,2.43,2.44,736000
LJ3.SI,20110323,2.44,2.45,2.43,2.44,570000
LJ3.SI,20110322,2.45,2.45,2.43,2.44,171000
LJ3.SI,20110321,2.45,2.46,2.44,2.44,352000
LJ3.SI,20110320,2.46,2.47,2.44,2.44,386000
LJ3.SI,20110317,2.48,2.49,2.44,2.46,1030000
LJ3.SI,20110316,2.46,2.47,2.44,2.47,878000
LJ3.SI,20110315,2.47,2.49,2.44,2.45,1275000
LJ3.SI,20110314,2.45,2.48,2.45,2.46,1097000
LJ3.SI,20110313,2.44,2.48,2.44,2.45,669000
LJ3.SI,20110310,2.45,2.45,2.43,2.44,499000
LJ3.SI,20110309,2.44,2.45,2.43,2.45,929000
LJ3.SI,20110308,2.41,2.44,2.39,2.42,865000
LJ3.SI,20110307,2.49,2.50,2.43,2.43,879000
LJ3.SI,20110306,2.52,2.53,2.49,2.50,976000
LJ3.SI,20110303,2.49,2.52,2.48,2.50,992000
LJ3.SI,20110302,2.49,2.50,2.47,2.49,527000
LJ3.SI,20110301,2.50,2.51,2.49,2.49,2322000
LJ3.SI,20110228,2.48,2.50,2.46,2.48,776000
LJ3.SI,20110227,2.50,2.52,2.48,2.49,1309000
LJ3.SI,20110224,2.52,2.53,2.50,2.51,1280000
LJ3.SI,20110223,2.52,2.54,2.49,2.52,1801000
LJ3.SI,20110222,2.56,2.57,2.51,2.53,4347000
LJ3.SI,20110221,2.52,2.53,2.44,2.50,2117000
LJ3.SI,20110220,2.55,2.57,2.49,2.53,3575000
LJ3.SI,20110217,2.39,2.52,2.39,2.52,2404000
LJ3.SI,20110216,2.41,2.42,2.36,2.36,842000
LJ3.SI,20110215,2.39,2.45,2.38,2.43,1924000
LJ3.SI,20110214,2.43,2.43,2.37,2.40,1365000
LJ3.SI,20110213,2.41,2.44,2.39,2.43,700000
LJ3.SI,20110210,2.49,2.55,2.41,2.42,3748000
LJ3.SI,20110209,2.38,2.47,2.35,2.47,10440000
LJ3.SI,20110208,2.22,2.35,2.20,2.34,7868000
LJ3.SI,20110207,2.24,2.24,2.20,2.22,2024000
LJ3.SI,20110206,2.24,2.28,2.23,2.23,3995000
LJ3.SI,20110203,2.24,2.25,2.22,2.23,1522000
LJ3.SI,20110202,2.23,2.25,2.21,2.23,1712000
LJ3.SI,20110201,2.23,2.24,2.20,2.21,1228000
LJ3.SI,20110131,2.24,2.25,2.23,2.24,671000
LJ3.SI,20110130,2.24,2.25,2.23,2.24,607000
LJ3.SI,20110127,2.25,2.30,2.24,2.25,2468000
LJ3.SI,20110126,2.26,2.27,2.23,2.26,1650000
LJ3.SI,20110125,2.26,2.27,2.24,2.24,1074000
LJ3.SI,20110124,2.25,2.25,2.25,2.25,000
LJ3.SI,20110123,2.25,2.25,2.25,2.25,000
LJ3.SI,20110120,2.26,2.29,2.24,2.25,4182000
LJ3.SI,20110119,2.21,2.29,2.20,2.25,4522000
LJ3.SI,20110118,2.21,2.23,2.20,2.20,2378000
LJ3.SI,20110117,2.21,2.23,2.20,2.21,2321000
LJ3.SI,20110116,2.21,2.23,2.19,2.20,3650000
LJ3.SI,20110113,2.19,2.22,2.19,2.21,1129000
LJ3.SI,20110112,2.21,2.22,2.19,2.19,2320000
LJ3.SI,20110111,2.23,2.27,2.23,2.23,1512000
LJ3.SI,20110110,2.22,2.27,2.21,2.23,3139000
LJ3.SI,20110109,2.23,2.25,2.21,2.21,3219000
LJ3.SI,20110106,2.17,2.23,2.15,2.21,10316000
LJ3.SI,20110105,2.14,2.19,2.12,2.19,3901000
LJ3.SI,20110104,2.14,2.17,2.10,2.15,2375000
LJ3.SI,20110103,2.08,2.14,2.08,2.14,1872000
LJ3.SI,20110102,2.10,2.10,2.10,2.10,000
