P29.SI,20120604,0.29,0.29,0.28,0.29,703000
P29.SI,20120603,0.28,0.29,0.28,0.29,146000
P29.SI,20120531,0.28,0.29,0.28,0.29,138000
P29.SI,20120530,0.28,0.29,0.28,0.29,605000
P29.SI,20120529,0.29,0.29,0.28,0.29,1257000
P29.SI,20120528,0.28,0.29,0.28,0.28,1333000
P29.SI,20120527,0.28,0.28,0.28,0.28,1383000
P29.SI,20120524,0.28,0.28,0.28,0.28,000
P29.SI,20120523,0.28,0.28,0.28,0.28,3127000
P29.SI,20120522,0.28,0.28,0.28,0.28,205000
P29.SI,20120521,0.28,0.28,0.28,0.28,627000
P29.SI,20120520,0.28,0.28,0.28,0.28,484000
P29.SI,20120517,0.28,0.28,0.28,0.28,409000
P29.SI,20120516,0.28,0.28,0.28,0.28,270000
P29.SI,20120515,0.28,0.28,0.28,0.28,337000
P29.SI,20120514,0.28,0.28,0.28,0.28,12000
P29.SI,20120513,0.28,0.28,0.28,0.28,609000
P29.SI,20120510,0.28,0.28,0.28,0.28,221000
P29.SI,20120509,0.28,0.28,0.28,0.28,558000
P29.SI,20120508,0.28,0.28,0.28,0.28,917000
P29.SI,20120507,0.28,0.28,0.28,0.28,149000
P29.SI,20120506,0.28,0.28,0.28,0.28,375000
P29.SI,20120503,0.28,0.28,0.28,0.28,693000
P29.SI,20120502,0.28,0.28,0.28,0.28,468000
P29.SI,20120501,0.28,0.28,0.28,0.28,000
P29.SI,20120430,0.28,0.28,0.28,0.28,153000
P29.SI,20120429,0.29,0.29,0.28,0.28,146000
P29.SI,20120426,0.28,0.28,0.28,0.28,366000
P29.SI,20120425,0.28,0.28,0.28,0.28,255000
P29.SI,20120424,0.28,0.28,0.28,0.28,462000
P29.SI,20120423,0.28,0.28,0.28,0.28,549000
P29.SI,20120422,0.28,0.28,0.28,0.28,268000
P29.SI,20120419,0.28,0.28,0.28,0.28,264000
P29.SI,20120418,0.28,0.28,0.28,0.28,1458000
P29.SI,20120417,0.28,0.28,0.28,0.28,1585000
P29.SI,20120416,0.28,0.28,0.28,0.28,224000
P29.SI,20120415,0.28,0.29,0.28,0.28,710000
P29.SI,20120412,0.28,0.29,0.28,0.28,1297000
P29.SI,20120411,0.28,0.29,0.28,0.28,366000
P29.SI,20120410,0.29,0.29,0.28,0.29,1835000
P29.SI,20120409,0.29,0.29,0.29,0.29,483000
P29.SI,20120408,0.29,0.29,0.29,0.29,1545000
P29.SI,20120405,0.30,0.30,0.29,0.29,1819000
P29.SI,20120404,0.29,0.29,0.29,0.29,500000
P29.SI,20120403,0.29,0.29,0.29,0.29,1600000
P29.SI,20120402,0.29,0.29,0.29,0.29,1307000
P29.SI,20120401,0.28,0.29,0.28,0.29,2325000
P29.SI,20120329,0.28,0.28,0.28,0.28,000
P29.SI,20120328,0.28,0.28,0.28,0.28,462000
P29.SI,20120327,0.28,0.28,0.28,0.28,176000
P29.SI,20120326,0.29,0.29,0.28,0.28,659000
P29.SI,20120325,0.29,0.29,0.29,0.29,1118000
P29.SI,20120322,0.28,0.29,0.28,0.29,2082000
P29.SI,20120321,0.28,0.29,0.28,0.29,1681000
P29.SI,20120320,0.28,0.28,0.28,0.28,1000000
P29.SI,20120319,0.26,0.28,0.26,0.28,1359000
P29.SI,20120318,0.28,0.28,0.26,0.26,5444000
P29.SI,20120315,0.28,0.28,0.28,0.28,1203000
P29.SI,20120314,0.28,0.28,0.28,0.28,2320000
P29.SI,20120313,0.29,0.29,0.28,0.28,1479000
P29.SI,20120312,0.28,0.29,0.28,0.29,2621000
P29.SI,20120311,0.32,0.32,0.28,0.28,11480000
P29.SI,20120308,0.30,0.31,0.29,0.31,6674000
P29.SI,20120307,0.29,0.30,0.28,0.29,2614000
P29.SI,20120306,0.28,0.29,0.28,0.29,5481000
P29.SI,20120305,0.26,0.28,0.26,0.28,8067000
P29.SI,20120304,0.26,0.26,0.26,0.26,1960000
P29.SI,20120301,0.26,0.26,0.26,0.26,724000
P29.SI,20120229,0.26,0.27,0.26,0.26,966000
P29.SI,20120228,0.26,0.26,0.26,0.26,1952000
P29.SI,20120227,0.26,0.26,0.26,0.26,1043000
P29.SI,20120226,0.26,0.27,0.26,0.27,925000
P29.SI,20120223,0.26,0.26,0.26,0.26,88000
P29.SI,20120222,0.26,0.26,0.26,0.26,1010000
P29.SI,20120221,0.26,0.26,0.26,0.26,325000
P29.SI,20120220,0.26,0.26,0.26,0.26,16000
P29.SI,20120219,0.27,0.27,0.26,0.26,654000
P29.SI,20120216,0.26,0.27,0.26,0.27,226000
P29.SI,20120215,0.26,0.27,0.26,0.26,585000
P29.SI,20120214,0.26,0.28,0.26,0.26,2334000
P29.SI,20120213,0.26,0.26,0.26,0.26,000
P29.SI,20120212,0.26,0.26,0.26,0.26,000
P29.SI,20120209,0.26,0.26,0.26,0.26,1470000
P29.SI,20120208,0.26,0.26,0.26,0.26,971000
P29.SI,20120207,0.25,0.26,0.25,0.26,1718000
P29.SI,20120206,0.25,0.25,0.25,0.25,3867000
P29.SI,20120205,0.25,0.25,0.25,0.25,631000
P29.SI,20120202,0.25,0.25,0.25,0.25,326000
P29.SI,20120201,0.25,0.25,0.25,0.25,27000
P29.SI,20120131,0.25,0.25,0.25,0.25,236000
P29.SI,20120130,0.25,0.25,0.25,0.25,942000
P29.SI,20120129,0.25,0.25,0.25,0.25,407000
P29.SI,20120126,0.25,0.25,0.25,0.25,677000
P29.SI,20120125,0.25,0.25,0.25,0.25,834000
P29.SI,20120124,0.25,0.25,0.25,0.25,753000
P29.SI,20120123,0.25,0.25,0.25,0.25,90000
P29.SI,20120122,0.25,0.25,0.25,0.25,309000
P29.SI,20120119,0.25,0.25,0.25,0.25,100000
P29.SI,20120118,0.25,0.25,0.25,0.25,317000
P29.SI,20120117,0.25,0.25,0.25,0.25,626000
P29.SI,20120116,0.25,0.25,0.25,0.25,332000
P29.SI,20120115,0.25,0.25,0.25,0.25,1180000
P29.SI,20120112,0.25,0.25,0.25,0.25,962000
P29.SI,20120111,0.26,0.26,0.25,0.25,742000
P29.SI,20120110,0.25,0.26,0.25,0.26,1229000
P29.SI,20120109,0.25,0.25,0.25,0.25,717000
P29.SI,20120108,0.25,0.25,0.25,0.25,6444000
P29.SI,20120105,0.25,0.25,0.25,0.25,3069000
P29.SI,20120104,0.24,0.25,0.24,0.25,8564000
P29.SI,20120103,0.23,0.23,0.23,0.23,1243000
P29.SI,20120102,0.23,0.23,0.23,0.23,000
P29.SI,20120101,0.23,0.23,0.23,0.23,1000
P29.SI,20111229,0.23,0.23,0.23,0.23,576000
P29.SI,20111228,0.23,0.23,0.23,0.23,377000
P29.SI,20111227,0.23,0.23,0.23,0.23,363000
P29.SI,20111226,0.23,0.23,0.23,0.23,000
P29.SI,20111225,0.23,0.23,0.23,0.23,254000
P29.SI,20111222,0.23,0.23,0.23,0.23,1376000
P29.SI,20111221,0.22,0.23,0.22,0.23,2285000
P29.SI,20111220,0.22,0.22,0.22,0.22,1920000
P29.SI,20111219,0.22,0.22,0.22,0.22,690000
P29.SI,20111218,0.22,0.22,0.22,0.22,410000
P29.SI,20111215,0.22,0.22,0.22,0.22,637000
P29.SI,20111214,0.23,0.23,0.22,0.22,523000
P29.SI,20111213,0.23,0.23,0.22,0.23,349000
P29.SI,20111212,0.23,0.23,0.22,0.23,4144000
P29.SI,20111211,0.23,0.24,0.23,0.24,3500000
P29.SI,20111208,0.24,0.24,0.23,0.23,738000
P29.SI,20111207,0.24,0.24,0.23,0.24,412000
P29.SI,20111206,0.24,0.24,0.23,0.23,361000
P29.SI,20111205,0.24,0.24,0.23,0.24,154000
P29.SI,20111204,0.24,0.24,0.23,0.24,147000
P29.SI,20111201,0.23,0.24,0.23,0.23,1128000
P29.SI,20111130,0.23,0.24,0.23,0.24,234000
P29.SI,20111129,0.24,0.24,0.23,0.23,105000
P29.SI,20111128,0.23,0.24,0.23,0.24,345000
P29.SI,20111127,0.24,0.24,0.23,0.23,610000
P29.SI,20111124,0.24,0.24,0.24,0.24,1425000
P29.SI,20111123,0.24,0.24,0.24,0.24,650000
P29.SI,20111122,0.23,0.24,0.23,0.23,552000
P29.SI,20111121,0.24,0.24,0.23,0.23,122000
P29.SI,20111120,0.24,0.24,0.24,0.24,316000
P29.SI,20111117,0.24,0.24,0.23,0.24,690000
P29.SI,20111116,0.23,0.24,0.23,0.23,1033000
P29.SI,20111115,0.24,0.25,0.23,0.23,1845000
P29.SI,20111114,0.24,0.24,0.24,0.24,000
P29.SI,20111113,0.25,0.25,0.24,0.24,146000
P29.SI,20111110,0.25,0.25,0.24,0.25,1196000
P29.SI,20111109,0.25,0.25,0.24,0.25,256000
P29.SI,20111108,0.25,0.25,0.25,0.25,617000
P29.SI,20111107,0.25,0.25,0.25,0.25,156000
P29.SI,20111106,0.25,0.25,0.24,0.25,720000
P29.SI,20111103,0.25,0.25,0.25,0.25,782000
P29.SI,20111102,0.25,0.25,0.25,0.25,495000
P29.SI,20111101,0.25,0.25,0.24,0.25,622000
P29.SI,20111031,0.24,0.25,0.24,0.24,924000
P29.SI,20111030,0.24,0.24,0.24,0.24,377000
P29.SI,20111027,0.24,0.24,0.24,0.24,000
P29.SI,20111026,0.25,0.25,0.24,0.24,475000
P29.SI,20111025,0.25,0.25,0.25,0.25,127000
P29.SI,20111024,0.25,0.25,0.24,0.25,842000
P29.SI,20111023,0.25,0.25,0.25,0.25,307000
P29.SI,20111020,0.25,0.25,0.25,0.25,218000
P29.SI,20111019,0.25,0.25,0.25,0.25,96000
P29.SI,20111018,0.25,0.25,0.25,0.25,396000
P29.SI,20111017,0.25,0.25,0.25,0.25,395000
P29.SI,20111016,0.25,0.25,0.25,0.25,77000
P29.SI,20111013,0.24,0.25,0.24,0.25,664000
P29.SI,20111012,0.24,0.25,0.24,0.24,351000
P29.SI,20111011,0.25,0.25,0.24,0.24,158000
P29.SI,20111010,0.25,0.25,0.24,0.25,664000
P29.SI,20111009,0.25,0.25,0.24,0.25,233000
P29.SI,20111006,0.25,0.25,0.25,0.25,1632000
P29.SI,20111005,0.25,0.25,0.25,0.25,786000
P29.SI,20111004,0.25,0.25,0.25,0.25,454000
P29.SI,20111003,0.25,0.25,0.25,0.25,1295000
P29.SI,20111002,0.25,0.25,0.25,0.25,609000
P29.SI,20110929,0.25,0.25,0.25,0.25,1103000
P29.SI,20110928,0.25,0.25,0.25,0.25,1696000
P29.SI,20110927,0.25,0.26,0.25,0.25,785000
P29.SI,20110926,0.25,0.26,0.25,0.26,3101000
P29.SI,20110925,0.24,0.25,0.23,0.24,1633000
P29.SI,20110922,0.23,0.24,0.23,0.24,1594000
P29.SI,20110921,0.23,0.23,0.23,0.23,652000
P29.SI,20110920,0.22,0.23,0.22,0.22,326000
P29.SI,20110919,0.23,0.23,0.22,0.23,4501000
P29.SI,20110918,0.23,0.23,0.22,0.23,1175000
P29.SI,20110915,0.23,0.23,0.22,0.23,2241000
P29.SI,20110914,0.22,0.23,0.22,0.22,6597000
P29.SI,20110913,0.22,0.23,0.22,0.23,1420000
P29.SI,20110912,0.22,0.22,0.22,0.22,1285000
P29.SI,20110911,0.22,0.22,0.22,0.22,264000
P29.SI,20110908,0.23,0.23,0.22,0.22,1576000
P29.SI,20110907,0.23,0.23,0.23,0.23,724000
P29.SI,20110906,0.23,0.23,0.23,0.23,490000
P29.SI,20110905,0.23,0.23,0.23,0.23,315000
P29.SI,20110904,0.23,0.23,0.23,0.23,260000
P29.SI,20110901,0.23,0.23,0.23,0.23,430000
P29.SI,20110831,0.23,0.23,0.23,0.23,1101000
P29.SI,20110830,0.24,0.24,0.23,0.23,195000
P29.SI,20110829,0.24,0.24,0.23,0.24,345000
P29.SI,20110828,0.24,0.24,0.23,0.24,579000
P29.SI,20110825,0.23,0.24,0.23,0.24,883000
P29.SI,20110824,0.23,0.24,0.23,0.23,518000
P29.SI,20110823,0.24,0.24,0.23,0.24,212000
P29.SI,20110822,0.24,0.24,0.23,0.23,202000
P29.SI,20110821,0.24,0.24,0.24,0.24,000
P29.SI,20110818,0.24,0.24,0.23,0.24,1245000
P29.SI,20110817,0.24,0.24,0.23,0.23,601000
P29.SI,20110816,0.23,0.24,0.23,0.24,1006000
P29.SI,20110815,0.24,0.24,0.23,0.23,1092000
P29.SI,20110814,0.23,0.24,0.23,0.23,741000
P29.SI,20110811,0.23,0.23,0.23,0.23,731000
P29.SI,20110810,0.23,0.23,0.23,0.23,000
P29.SI,20110809,0.24,0.24,0.23,0.23,1274000
P29.SI,20110808,0.24,0.24,0.23,0.24,839000
P29.SI,20110807,0.23,0.24,0.23,0.24,1186000
P29.SI,20110804,0.23,0.23,0.23,0.23,216000
P29.SI,20110803,0.23,0.23,0.22,0.23,1397000
P29.SI,20110802,0.23,0.23,0.22,0.23,755000
P29.SI,20110801,0.22,0.23,0.22,0.23,580000
P29.SI,20110731,0.22,0.22,0.22,0.22,1307000
P29.SI,20110728,0.22,0.22,0.22,0.22,418000
P29.SI,20110727,0.22,0.22,0.22,0.22,913000
P29.SI,20110726,0.22,0.22,0.22,0.22,904000
P29.SI,20110725,0.22,0.22,0.22,0.22,1398000
P29.SI,20110724,0.22,0.22,0.22,0.22,1393000
P29.SI,20110721,0.22,0.22,0.22,0.22,652000
P29.SI,20110720,0.22,0.22,0.22,0.22,1107000
P29.SI,20110719,0.21,0.22,0.21,0.22,7358000
P29.SI,20110718,0.20,0.21,0.20,0.21,228000
P29.SI,20110717,0.20,0.20,0.20,0.20,172000
P29.SI,20110714,0.20,0.21,0.20,0.20,588000
P29.SI,20110713,0.21,0.21,0.20,0.21,180000
P29.SI,20110712,0.21,0.21,0.20,0.21,344000
P29.SI,20110711,0.20,0.21,0.20,0.21,684000
P29.SI,20110710,0.20,0.21,0.20,0.21,815000
P29.SI,20110707,0.20,0.20,0.20,0.20,613000
P29.SI,20110706,0.20,0.20,0.20,0.20,416000
P29.SI,20110705,0.20,0.21,0.20,0.20,821000
P29.SI,20110704,0.21,0.21,0.20,0.20,669000
P29.SI,20110703,0.20,0.21,0.20,0.20,3680000
P29.SI,20110630,0.20,0.20,0.20,0.20,1230000
P29.SI,20110629,0.20,0.20,0.20,0.20,220000
P29.SI,20110628,0.20,0.20,0.20,0.20,830000
P29.SI,20110627,0.20,0.20,0.20,0.20,118000
P29.SI,20110626,0.20,0.20,0.20,0.20,172000
P29.SI,20110623,0.20,0.20,0.20,0.20,136000
P29.SI,20110622,0.20,0.20,0.20,0.20,69000
P29.SI,20110621,0.20,0.20,0.20,0.20,81000
P29.SI,20110620,0.20,0.20,0.20,0.20,48000
P29.SI,20110619,0.20,0.20,0.20,0.20,201000
P29.SI,20110616,0.19,0.20,0.19,0.20,318000
P29.SI,20110615,0.20,0.20,0.20,0.20,366000
P29.SI,20110614,0.20,0.20,0.20,0.20,343000
P29.SI,20110613,0.20,0.20,0.19,0.19,208000
P29.SI,20110612,0.20,0.20,0.20,0.20,311000
P29.SI,20110609,0.20,0.20,0.19,0.20,432000
P29.SI,20110608,0.20,0.20,0.19,0.20,246000
P29.SI,20110607,0.19,0.20,0.19,0.20,180000
P29.SI,20110606,0.19,0.20,0.19,0.19,634000
P29.SI,20110605,0.20,0.20,0.19,0.19,3052000
P29.SI,20110602,0.21,0.22,0.21,0.21,2241000
P29.SI,20110601,0.20,0.21,0.20,0.20,4212000
P29.SI,20110531,0.20,0.20,0.20,0.20,1288000
P29.SI,20110530,0.20,0.20,0.20,0.20,1121000
P29.SI,20110529,0.20,0.20,0.20,0.20,1290000
P29.SI,20110526,0.20,0.20,0.20,0.20,747000
P29.SI,20110525,0.20,0.20,0.20,0.20,636000
P29.SI,20110524,0.19,0.20,0.19,0.20,4944000
P29.SI,20110523,0.19,0.20,0.19,0.19,1602000
P29.SI,20110522,0.19,0.19,0.19,0.19,2573000
P29.SI,20110519,0.19,0.19,0.18,0.19,2056000
P29.SI,20110518,0.19,0.19,0.19,0.19,335000
P29.SI,20110517,0.19,0.19,0.19,0.19,5277000
P29.SI,20110516,0.19,0.19,0.19,0.19,3023000
P29.SI,20110515,0.18,0.19,0.18,0.19,2592000
P29.SI,20110512,0.18,0.18,0.18,0.18,406000
P29.SI,20110511,0.18,0.18,0.18,0.18,15000
P29.SI,20110510,0.18,0.19,0.18,0.19,344000
P29.SI,20110509,0.18,0.18,0.18,0.18,556000
P29.SI,20110508,0.18,0.18,0.18,0.18,900000
P29.SI,20110505,0.19,0.19,0.19,0.19,100000
P29.SI,20110504,0.19,0.19,0.19,0.19,335000
P29.SI,20110503,0.19,0.19,0.19,0.19,88000
P29.SI,20110502,0.19,0.19,0.19,0.19,000
P29.SI,20110501,0.19,0.19,0.19,0.19,50000
P29.SI,20110428,0.19,0.19,0.19,0.19,762000
P29.SI,20110427,0.18,0.19,0.18,0.19,354000
P29.SI,20110426,0.19,0.19,0.19,0.19,442000
P29.SI,20110425,0.19,0.19,0.19,0.19,666000
P29.SI,20110424,0.19,0.19,0.18,0.18,349000
P29.SI,20110421,0.19,0.19,0.18,0.19,1245000
P29.SI,20110420,0.18,0.18,0.18,0.18,991000
P29.SI,20110419,0.18,0.18,0.18,0.18,1170000
P29.SI,20110418,0.18,0.18,0.18,0.18,289000
P29.SI,20110417,0.18,0.18,0.18,0.18,170000
P29.SI,20110414,0.18,0.18,0.18,0.18,175000
P29.SI,20110413,0.18,0.18,0.18,0.18,796000
P29.SI,20110412,0.18,0.19,0.18,0.18,722000
P29.SI,20110411,0.18,0.18,0.18,0.18,526000
P29.SI,20110410,0.19,0.19,0.18,0.18,779000
P29.SI,20110407,0.18,0.18,0.18,0.18,000
P29.SI,20110406,0.18,0.19,0.18,0.18,2846000
P29.SI,20110405,0.18,0.18,0.18,0.18,788000
P29.SI,20110404,0.18,0.18,0.18,0.18,928000
P29.SI,20110403,0.18,0.18,0.18,0.18,666000
P29.SI,20110331,0.18,0.18,0.18,0.18,5447000
P29.SI,20110330,0.17,0.18,0.17,0.18,1853000
P29.SI,20110329,0.17,0.17,0.17,0.17,393000
P29.SI,20110328,0.17,0.17,0.17,0.17,165000
P29.SI,20110327,0.17,0.17,0.17,0.17,275000
P29.SI,20110324,0.17,0.17,0.17,0.17,251000
P29.SI,20110323,0.17,0.17,0.17,0.17,69000
P29.SI,20110322,0.17,0.17,0.17,0.17,413000
P29.SI,20110321,0.17,0.17,0.17,0.17,245000
P29.SI,20110320,0.17,0.17,0.17,0.17,393000
P29.SI,20110317,0.17,0.17,0.17,0.17,564000
P29.SI,20110316,0.17,0.17,0.17,0.17,484000
P29.SI,20110315,0.17,0.17,0.17,0.17,1317000
P29.SI,20110314,0.17,0.17,0.17,0.17,1254000
P29.SI,20110313,0.17,0.17,0.17,0.17,581000
P29.SI,20110310,0.17,0.17,0.17,0.17,537000
P29.SI,20110309,0.17,0.17,0.17,0.17,300000
P29.SI,20110308,0.17,0.17,0.17,0.17,360000
P29.SI,20110307,0.17,0.17,0.17,0.17,817000
P29.SI,20110306,0.17,0.17,0.17,0.17,534000
P29.SI,20110303,0.17,0.17,0.17,0.17,84000
P29.SI,20110302,0.17,0.17,0.17,0.17,125000
P29.SI,20110301,0.17,0.17,0.17,0.17,126000
P29.SI,20110228,0.17,0.17,0.17,0.17,155000
P29.SI,20110227,0.17,0.17,0.17,0.17,265000
P29.SI,20110224,0.17,0.17,0.17,0.17,139000
P29.SI,20110223,0.17,0.17,0.17,0.17,198000
P29.SI,20110222,0.17,0.17,0.17,0.17,491000
P29.SI,20110221,0.17,0.17,0.17,0.17,519000
P29.SI,20110220,0.17,0.17,0.17,0.17,479000
P29.SI,20110217,0.17,0.17,0.17,0.17,304000
P29.SI,20110216,0.17,0.17,0.17,0.17,243000
P29.SI,20110215,0.17,0.17,0.17,0.17,425000
P29.SI,20110214,0.17,0.17,0.17,0.17,950000
P29.SI,20110213,0.17,0.17,0.17,0.17,422000
P29.SI,20110210,0.17,0.17,0.17,0.17,487000
P29.SI,20110209,0.18,0.18,0.17,0.17,686000
P29.SI,20110208,0.18,0.18,0.18,0.18,1746000
P29.SI,20110207,0.18,0.18,0.18,0.18,15486000
P29.SI,20110206,0.16,0.18,0.16,0.18,3536000
P29.SI,20110203,0.16,0.16,0.16,0.16,171000
P29.SI,20110202,0.16,0.16,0.16,0.16,72000
P29.SI,20110201,0.16,0.16,0.16,0.16,213000
P29.SI,20110131,0.16,0.16,0.16,0.16,208000
P29.SI,20110130,0.16,0.16,0.16,0.16,153000
P29.SI,20110127,0.16,0.16,0.16,0.16,224000
P29.SI,20110126,0.16,0.16,0.16,0.16,309000
P29.SI,20110125,0.16,0.16,0.16,0.16,390000
P29.SI,20110124,0.16,0.16,0.16,0.16,000
P29.SI,20110123,0.16,0.16,0.16,0.16,000
P29.SI,20110120,0.16,0.16,0.16,0.16,200000
P29.SI,20110119,0.16,0.16,0.16,0.16,14000
P29.SI,20110118,0.16,0.16,0.16,0.16,131000
P29.SI,20110117,0.16,0.16,0.16,0.16,72000
P29.SI,20110116,0.16,0.16,0.16,0.16,41000
P29.SI,20110113,0.16,0.16,0.16,0.16,196000
P29.SI,20110112,0.16,0.16,0.16,0.16,50000
P29.SI,20110111,0.16,0.16,0.16,0.16,403000
P29.SI,20110110,0.16,0.16,0.16,0.16,735000
P29.SI,20110109,0.16,0.16,0.16,0.16,316000
P29.SI,20110106,0.16,0.16,0.16,0.16,53000
P29.SI,20110105,0.16,0.16,0.16,0.16,3000
P29.SI,20110104,0.16,0.16,0.16,0.16,179000
P29.SI,20110103,0.16,0.16,0.16,0.16,114000
P29.SI,20110102,0.16,0.16,0.16,0.16,000
