J74.SI,20120604,0.12,0.12,0.12,0.12,100000
J74.SI,20120603,0.12,0.12,0.12,0.12,48000
J74.SI,20120531,0.12,0.12,0.12,0.12,10000
J74.SI,20120530,0.12,0.12,0.12,0.12,99000
J74.SI,20120529,0.12,0.12,0.12,0.12,7000
J74.SI,20120528,0.12,0.12,0.12,0.12,12000
J74.SI,20120527,0.12,0.12,0.12,0.12,10000
J74.SI,20120524,0.12,0.12,0.12,0.12,000
J74.SI,20120523,0.12,0.12,0.12,0.12,216000
J74.SI,20120522,0.12,0.12,0.12,0.12,000
J74.SI,20120521,0.12,0.12,0.12,0.12,000
J74.SI,20120520,0.12,0.12,0.12,0.12,270000
J74.SI,20120517,0.12,0.12,0.12,0.12,121000
J74.SI,20120516,0.12,0.13,0.12,0.12,1127000
J74.SI,20120515,0.12,0.12,0.12,0.12,85000
J74.SI,20120514,0.12,0.12,0.12,0.12,52000
J74.SI,20120513,0.12,0.12,0.12,0.12,281000
J74.SI,20120510,0.12,0.13,0.12,0.12,767000
J74.SI,20120509,0.12,0.12,0.12,0.12,579000
J74.SI,20120508,0.12,0.12,0.12,0.12,303000
J74.SI,20120507,0.12,0.12,0.12,0.12,000
J74.SI,20120506,0.12,0.12,0.12,0.12,85000
J74.SI,20120503,0.12,0.12,0.12,0.12,000
J74.SI,20120502,0.12,0.12,0.12,0.12,59000
J74.SI,20120501,0.12,0.12,0.12,0.12,000
J74.SI,20120430,0.13,0.13,0.12,0.12,29000
J74.SI,20120429,0.13,0.13,0.12,0.12,153000
J74.SI,20120426,0.12,0.12,0.12,0.12,547000
J74.SI,20120425,0.12,0.12,0.12,0.12,30000
J74.SI,20120424,0.12,0.12,0.12,0.12,10000
J74.SI,20120423,0.12,0.12,0.12,0.12,170000
J74.SI,20120422,0.12,0.12,0.12,0.12,218000
J74.SI,20120419,0.12,0.12,0.12,0.12,505000
J74.SI,20120418,0.12,0.12,0.12,0.12,28000
J74.SI,20120417,0.12,0.12,0.12,0.12,34000
J74.SI,20120416,0.12,0.13,0.12,0.12,103000
J74.SI,20120415,0.12,0.12,0.12,0.12,457000
J74.SI,20120412,0.12,0.12,0.12,0.12,300000
J74.SI,20120411,0.12,0.12,0.12,0.12,192000
J74.SI,20120410,0.12,0.12,0.12,0.12,000
J74.SI,20120409,0.12,0.12,0.12,0.12,827000
J74.SI,20120408,0.12,0.12,0.12,0.12,100000
J74.SI,20120405,0.12,0.13,0.12,0.13,61000
J74.SI,20120404,0.12,0.12,0.12,0.12,100000
J74.SI,20120403,0.12,0.12,0.12,0.12,310000
J74.SI,20120402,0.12,0.12,0.12,0.12,148000
J74.SI,20120401,0.12,0.12,0.12,0.12,136000
J74.SI,20120329,0.12,0.12,0.12,0.12,000
J74.SI,20120328,0.12,0.12,0.12,0.12,230000
J74.SI,20120327,0.12,0.12,0.12,0.12,313000
J74.SI,20120326,0.12,0.12,0.12,0.12,94000
J74.SI,20120325,0.12,0.12,0.12,0.12,60000
J74.SI,20120322,0.12,0.12,0.12,0.12,75000
J74.SI,20120321,0.12,0.12,0.12,0.12,77000
J74.SI,20120320,0.12,0.13,0.12,0.13,242000
J74.SI,20120319,0.12,0.12,0.12,0.12,000
J74.SI,20120318,0.12,0.12,0.12,0.12,245000
J74.SI,20120315,0.12,0.12,0.12,0.12,83000
J74.SI,20120314,0.12,0.12,0.12,0.12,417000
J74.SI,20120313,0.12,0.12,0.12,0.12,55000
J74.SI,20120312,0.12,0.12,0.12,0.12,10000
J74.SI,20120311,0.13,0.13,0.12,0.12,617000
J74.SI,20120308,0.13,0.13,0.13,0.13,242000
J74.SI,20120307,0.13,0.13,0.13,0.13,1066000
J74.SI,20120306,0.13,0.14,0.13,0.13,1362000
J74.SI,20120305,0.13,0.13,0.13,0.13,000
J74.SI,20120304,0.13,0.13,0.13,0.13,393000
J74.SI,20120301,0.13,0.13,0.13,0.13,1507000
J74.SI,20120229,0.14,0.14,0.13,0.14,1199000
J74.SI,20120228,0.15,0.15,0.14,0.14,5823000
J74.SI,20120227,0.13,0.14,0.13,0.14,3644000
J74.SI,20120226,0.14,0.14,0.14,0.14,336000
J74.SI,20120223,0.13,0.14,0.13,0.14,579000
J74.SI,20120222,0.13,0.14,0.13,0.13,73000
J74.SI,20120221,0.13,0.14,0.13,0.14,468000
J74.SI,20120220,0.14,0.14,0.13,0.13,481000
J74.SI,20120219,0.14,0.14,0.13,0.14,1393000
J74.SI,20120216,0.14,0.14,0.14,0.14,504000
J74.SI,20120215,0.14,0.14,0.14,0.14,718000
J74.SI,20120214,0.14,0.14,0.14,0.14,731000
J74.SI,20120213,0.14,0.14,0.14,0.14,000
J74.SI,20120212,0.14,0.14,0.14,0.14,000
J74.SI,20120209,0.14,0.14,0.14,0.14,1107000
J74.SI,20120208,0.13,0.15,0.13,0.14,14649000
J74.SI,20120207,0.12,0.12,0.12,0.12,215000
J74.SI,20120206,0.12,0.12,0.12,0.12,265000
J74.SI,20120205,0.13,0.13,0.12,0.12,989000
J74.SI,20120202,0.12,0.13,0.12,0.13,1644000
J74.SI,20120201,0.12,0.12,0.12,0.12,000
J74.SI,20120131,0.12,0.12,0.12,0.12,255000
J74.SI,20120130,0.12,0.12,0.12,0.12,140000
J74.SI,20120129,0.12,0.12,0.12,0.12,373000
J74.SI,20120126,0.12,0.12,0.12,0.12,176000
J74.SI,20120125,0.12,0.12,0.12,0.12,19000
J74.SI,20120124,0.12,0.12,0.12,0.12,107000
J74.SI,20120123,0.12,0.12,0.12,0.12,674000
J74.SI,20120122,0.13,0.13,0.12,0.13,370000
J74.SI,20120119,0.12,0.13,0.12,0.13,574000
J74.SI,20120118,0.13,0.13,0.12,0.12,105000
J74.SI,20120117,0.13,0.13,0.13,0.13,424000
J74.SI,20120116,0.12,0.14,0.12,0.13,10887000
J74.SI,20120115,0.11,0.12,0.11,0.12,1407000
J74.SI,20120112,0.11,0.11,0.11,0.11,86000
J74.SI,20120111,0.11,0.12,0.11,0.11,1755000
J74.SI,20120110,0.11,0.11,0.11,0.11,197000
J74.SI,20120109,0.12,0.12,0.11,0.12,208000
J74.SI,20120108,0.11,0.12,0.11,0.12,109000
J74.SI,20120105,0.11,0.12,0.11,0.12,434000
J74.SI,20120104,0.11,0.11,0.11,0.11,40000
J74.SI,20120103,0.11,0.12,0.11,0.12,361000
J74.SI,20120102,0.11,0.11,0.11,0.11,000
J74.SI,20120101,0.11,0.11,0.11,0.11,16000
J74.SI,20111229,0.11,0.11,0.11,0.11,25000
J74.SI,20111228,0.11,0.11,0.11,0.11,000
J74.SI,20111227,0.11,0.11,0.11,0.11,13000
J74.SI,20111226,0.11,0.11,0.11,0.11,000
J74.SI,20111225,0.11,0.11,0.11,0.11,72000
J74.SI,20111222,0.11,0.11,0.11,0.11,3000
J74.SI,20111221,0.11,0.11,0.11,0.11,114000
J74.SI,20111220,0.11,0.11,0.11,0.11,20000
J74.SI,20111219,0.11,0.11,0.11,0.11,120000
J74.SI,20111218,0.11,0.11,0.11,0.11,28000
J74.SI,20111215,0.11,0.11,0.11,0.11,80000
J74.SI,20111214,0.12,0.12,0.11,0.11,505000
J74.SI,20111213,0.11,0.11,0.11,0.11,000
J74.SI,20111212,0.11,0.11,0.11,0.11,339000
J74.SI,20111211,0.11,0.11,0.11,0.11,77000
J74.SI,20111208,0.11,0.11,0.11,0.11,176000
J74.SI,20111207,0.11,0.11,0.11,0.11,000
J74.SI,20111206,0.11,0.11,0.11,0.11,000
J74.SI,20111205,0.11,0.11,0.11,0.11,29000
J74.SI,20111204,0.11,0.11,0.11,0.11,000
J74.SI,20111201,0.11,0.11,0.11,0.11,20000
J74.SI,20111130,0.11,0.11,0.11,0.11,000
J74.SI,20111129,0.11,0.11,0.11,0.11,000
J74.SI,20111128,0.11,0.11,0.11,0.11,000
J74.SI,20111127,0.11,0.11,0.11,0.11,192000
J74.SI,20111124,0.11,0.11,0.11,0.11,123000
J74.SI,20111123,0.12,0.12,0.12,0.12,000
J74.SI,20111122,0.12,0.12,0.12,0.12,60000
J74.SI,20111121,0.11,0.11,0.11,0.11,2000
J74.SI,20111120,0.12,0.12,0.12,0.12,000
J74.SI,20111117,0.12,0.12,0.12,0.12,100000
J74.SI,20111116,0.12,0.12,0.12,0.12,180000
J74.SI,20111115,0.11,0.12,0.11,0.12,51000
J74.SI,20111114,0.11,0.11,0.11,0.11,000
J74.SI,20111113,0.11,0.11,0.11,0.11,60000
J74.SI,20111110,0.11,0.11,0.11,0.11,000
J74.SI,20111109,0.11,0.11,0.11,0.11,171000
J74.SI,20111108,0.12,0.12,0.12,0.12,310000
J74.SI,20111107,0.11,0.12,0.11,0.12,153000
J74.SI,20111106,0.11,0.12,0.11,0.11,158000
J74.SI,20111103,0.11,0.12,0.11,0.11,191000
J74.SI,20111102,0.12,0.12,0.11,0.11,77000
J74.SI,20111101,0.12,0.12,0.12,0.12,000
J74.SI,20111031,0.12,0.12,0.12,0.12,110000
J74.SI,20111030,0.11,0.12,0.11,0.11,133000
J74.SI,20111027,0.12,0.12,0.12,0.12,000
J74.SI,20111026,0.12,0.12,0.11,0.12,166000
J74.SI,20111025,0.12,0.12,0.12,0.12,118000
J74.SI,20111024,0.11,0.11,0.11,0.11,42000
J74.SI,20111023,0.12,0.12,0.12,0.12,000
J74.SI,20111020,0.12,0.12,0.12,0.12,000
J74.SI,20111019,0.12,0.12,0.12,0.12,239000
J74.SI,20111018,0.12,0.12,0.12,0.12,000
J74.SI,20111017,0.12,0.12,0.12,0.12,000
J74.SI,20111016,0.12,0.12,0.12,0.12,000
J74.SI,20111013,0.12,0.12,0.12,0.12,000
J74.SI,20111012,0.12,0.12,0.12,0.12,26000
J74.SI,20111011,0.12,0.12,0.12,0.12,485000
J74.SI,20111010,0.12,0.12,0.12,0.12,000
J74.SI,20111009,0.12,0.12,0.12,0.12,152000
J74.SI,20111006,0.12,0.12,0.12,0.12,203000
J74.SI,20111005,0.12,0.12,0.12,0.12,654000
J74.SI,20111004,0.12,0.12,0.12,0.12,489000
J74.SI,20111003,0.12,0.12,0.12,0.12,1436000
J74.SI,20111002,0.12,0.12,0.12,0.12,1167000
J74.SI,20110929,0.12,0.12,0.12,0.12,70000
J74.SI,20110928,0.12,0.12,0.12,0.12,167000
J74.SI,20110927,0.13,0.13,0.12,0.12,14000
J74.SI,20110926,0.12,0.13,0.12,0.12,262000
J74.SI,20110925,0.12,0.13,0.12,0.13,547000
J74.SI,20110922,0.13,0.13,0.12,0.12,229000
J74.SI,20110921,0.12,0.13,0.12,0.12,100000
J74.SI,20110920,0.12,0.13,0.12,0.13,43000
J74.SI,20110919,0.12,0.13,0.12,0.13,453000
J74.SI,20110918,0.13,0.13,0.13,0.13,1977000
J74.SI,20110915,0.12,0.13,0.12,0.13,4905000
J74.SI,20110914,0.12,0.12,0.12,0.12,254000
J74.SI,20110913,0.11,0.11,0.11,0.11,5000
J74.SI,20110912,0.12,0.12,0.12,0.12,731000
J74.SI,20110911,0.12,0.12,0.12,0.12,000
J74.SI,20110908,0.12,0.12,0.12,0.12,227000
J74.SI,20110907,0.12,0.12,0.11,0.12,353000
J74.SI,20110906,0.11,0.11,0.11,0.11,28000
J74.SI,20110905,0.12,0.12,0.12,0.12,269000
J74.SI,20110904,0.12,0.12,0.12,0.12,328000
J74.SI,20110901,0.12,0.12,0.12,0.12,30000
J74.SI,20110831,0.12,0.12,0.12,0.12,121000
J74.SI,20110830,0.13,0.13,0.12,0.12,1961000
J74.SI,20110829,0.11,0.12,0.11,0.12,186000
J74.SI,20110828,0.11,0.12,0.11,0.12,375000
J74.SI,20110825,0.11,0.12,0.11,0.12,449000
J74.SI,20110824,0.11,0.12,0.11,0.12,64000
J74.SI,20110823,0.11,0.11,0.11,0.11,326000
J74.SI,20110822,0.11,0.12,0.11,0.11,877000
J74.SI,20110821,0.11,0.11,0.11,0.11,000
J74.SI,20110818,0.10,0.11,0.10,0.11,134000
J74.SI,20110817,0.11,0.11,0.11,0.11,57000
J74.SI,20110816,0.11,0.11,0.11,0.11,71000
J74.SI,20110815,0.11,0.11,0.11,0.11,64000
J74.SI,20110814,0.11,0.11,0.11,0.11,60000
J74.SI,20110811,0.11,0.11,0.11,0.11,364000
J74.SI,20110810,0.11,0.11,0.11,0.11,000
J74.SI,20110809,0.11,0.11,0.11,0.11,65000
J74.SI,20110808,0.12,0.12,0.12,0.12,145000
J74.SI,20110807,0.12,0.12,0.12,0.12,20000
J74.SI,20110804,0.12,0.12,0.12,0.12,100000
J74.SI,20110803,0.12,0.12,0.12,0.12,000
J74.SI,20110802,0.12,0.12,0.12,0.12,000
J74.SI,20110801,0.12,0.12,0.12,0.12,70000
J74.SI,20110731,0.12,0.12,0.12,0.12,100000
J74.SI,20110728,0.12,0.12,0.12,0.12,14000
J74.SI,20110727,0.12,0.12,0.12,0.12,000
J74.SI,20110726,0.12,0.12,0.12,0.12,100000
J74.SI,20110725,0.12,0.12,0.12,0.12,75000
J74.SI,20110724,0.12,0.12,0.12,0.12,50000
J74.SI,20110721,0.12,0.12,0.12,0.12,433000
J74.SI,20110720,0.12,0.12,0.12,0.12,221000
J74.SI,20110719,0.12,0.12,0.12,0.12,252000
J74.SI,20110718,0.12,0.12,0.12,0.12,000
J74.SI,20110717,0.12,0.12,0.12,0.12,200000
J74.SI,20110714,0.12,0.12,0.12,0.12,21000
J74.SI,20110713,0.12,0.12,0.12,0.12,636000
J74.SI,20110712,0.12,0.12,0.12,0.12,576000
J74.SI,20110711,0.12,0.12,0.12,0.12,331000
J74.SI,20110710,0.12,0.12,0.12,0.12,4000
J74.SI,20110707,0.12,0.12,0.12,0.12,100000
J74.SI,20110706,0.12,0.12,0.12,0.12,000
J74.SI,20110705,0.12,0.12,0.12,0.12,000
J74.SI,20110704,0.12,0.12,0.12,0.12,170000
J74.SI,20110703,0.12,0.12,0.12,0.12,222000
J74.SI,20110630,0.12,0.12,0.12,0.12,150000
J74.SI,20110629,0.11,0.11,0.11,0.11,000
J74.SI,20110628,0.11,0.11,0.11,0.11,19000
J74.SI,20110627,0.12,0.12,0.11,0.11,107000
J74.SI,20110626,0.11,0.11,0.11,0.11,1000
J74.SI,20110623,0.11,0.11,0.11,0.11,000
J74.SI,20110622,0.11,0.11,0.11,0.11,10000
J74.SI,20110621,0.11,0.12,0.11,0.12,247000
J74.SI,20110620,0.12,0.12,0.12,0.12,32000
J74.SI,20110619,0.11,0.11,0.11,0.11,5000
J74.SI,20110616,0.12,0.12,0.12,0.12,000
J74.SI,20110615,0.12,0.12,0.12,0.12,000
J74.SI,20110614,0.11,0.12,0.11,0.12,140000
J74.SI,20110613,0.11,0.11,0.11,0.11,50000
J74.SI,20110612,0.11,0.11,0.11,0.11,000
J74.SI,20110609,0.11,0.11,0.11,0.11,000
J74.SI,20110608,0.11,0.11,0.11,0.11,76000
J74.SI,20110607,0.12,0.12,0.11,0.11,40000
J74.SI,20110606,0.11,0.11,0.11,0.11,100000
J74.SI,20110605,0.11,0.12,0.11,0.12,160000
J74.SI,20110602,0.12,0.12,0.12,0.12,000
J74.SI,20110601,0.12,0.12,0.12,0.12,000
J74.SI,20110531,0.12,0.12,0.11,0.12,132000
J74.SI,20110530,0.12,0.12,0.12,0.12,000
J74.SI,20110529,0.12,0.12,0.12,0.12,000
J74.SI,20110526,0.12,0.12,0.12,0.12,000
J74.SI,20110525,0.12,0.12,0.12,0.12,10000
J74.SI,20110524,0.11,0.11,0.11,0.11,42000
J74.SI,20110523,0.12,0.12,0.12,0.12,000
J74.SI,20110522,0.12,0.12,0.12,0.12,98000
J74.SI,20110519,0.12,0.12,0.12,0.12,000
J74.SI,20110518,0.12,0.12,0.12,0.12,000
J74.SI,20110517,0.12,0.12,0.12,0.12,12000
J74.SI,20110516,0.12,0.12,0.12,0.12,10000
J74.SI,20110515,0.12,0.13,0.12,0.13,345000
J74.SI,20110512,0.13,0.13,0.13,0.13,17000
J74.SI,20110511,0.13,0.13,0.13,0.13,000
J74.SI,20110510,0.13,0.13,0.13,0.13,160000
J74.SI,20110509,0.13,0.13,0.13,0.13,108000
J74.SI,20110508,0.13,0.14,0.13,0.14,35000
J74.SI,20110505,0.14,0.14,0.14,0.14,000
J74.SI,20110504,0.14,0.14,0.14,0.14,000
J74.SI,20110503,0.13,0.14,0.13,0.14,160000
J74.SI,20110502,0.14,0.14,0.14,0.14,000
J74.SI,20110501,0.14,0.14,0.14,0.14,000
J74.SI,20110428,0.13,0.14,0.13,0.14,222000
J74.SI,20110427,0.14,0.14,0.14,0.14,62000
J74.SI,20110426,0.14,0.14,0.14,0.14,40000
J74.SI,20110425,0.14,0.14,0.14,0.14,53000
J74.SI,20110424,0.14,0.14,0.14,0.14,12000
J74.SI,20110421,0.14,0.14,0.14,0.14,56000
J74.SI,20110420,0.13,0.14,0.13,0.14,130000
J74.SI,20110419,0.14,0.14,0.14,0.14,000
J74.SI,20110418,0.14,0.14,0.14,0.14,000
J74.SI,20110417,0.14,0.14,0.14,0.14,21000
J74.SI,20110414,0.14,0.14,0.14,0.14,000
J74.SI,20110413,0.14,0.14,0.14,0.14,173000
J74.SI,20110412,0.13,0.13,0.13,0.13,29000
J74.SI,20110411,0.13,0.13,0.13,0.13,27000
J74.SI,20110410,0.13,0.13,0.13,0.13,000
J74.SI,20110407,0.13,0.13,0.13,0.13,000
J74.SI,20110406,0.13,0.13,0.13,0.13,382000
J74.SI,20110405,0.13,0.14,0.13,0.13,120000
J74.SI,20110404,0.14,0.14,0.13,0.14,824000
J74.SI,20110403,0.14,0.14,0.14,0.14,362000
J74.SI,20110331,0.14,0.14,0.14,0.14,288000
J74.SI,20110330,0.14,0.14,0.14,0.14,433000
J74.SI,20110329,0.14,0.14,0.14,0.14,7304000
J74.SI,20110328,0.12,0.14,0.12,0.14,4158000
J74.SI,20110327,0.12,0.12,0.12,0.12,5000
J74.SI,20110324,0.13,0.13,0.12,0.12,67000
J74.SI,20110323,0.13,0.13,0.13,0.13,1000
J74.SI,20110322,0.13,0.13,0.13,0.13,245000
J74.SI,20110321,0.13,0.13,0.13,0.13,135000
J74.SI,20110320,0.13,0.13,0.13,0.13,44000
J74.SI,20110317,0.13,0.13,0.13,0.13,338000
J74.SI,20110316,0.12,0.13,0.12,0.13,1435000
J74.SI,20110315,0.12,0.12,0.12,0.12,112000
J74.SI,20110314,0.12,0.12,0.12,0.12,000
J74.SI,20110313,0.12,0.12,0.12,0.12,30000
J74.SI,20110310,0.12,0.12,0.12,0.12,1251000
J74.SI,20110309,0.12,0.12,0.12,0.12,182000
J74.SI,20110308,0.12,0.12,0.12,0.12,22000
J74.SI,20110307,0.12,0.12,0.12,0.12,300000
J74.SI,20110306,0.12,0.12,0.12,0.12,320000
J74.SI,20110303,0.12,0.12,0.12,0.12,650000
J74.SI,20110302,0.12,0.12,0.12,0.12,368000
J74.SI,20110301,0.12,0.12,0.12,0.12,100000
J74.SI,20110228,0.12,0.12,0.12,0.12,000
J74.SI,20110227,0.12,0.12,0.12,0.12,10000
J74.SI,20110224,0.12,0.12,0.12,0.12,2000
J74.SI,20110223,0.12,0.12,0.12,0.12,50000
J74.SI,20110222,0.12,0.12,0.12,0.12,149000
J74.SI,20110221,0.12,0.12,0.12,0.12,230000
J74.SI,20110220,0.13,0.13,0.13,0.13,000
J74.SI,20110217,0.13,0.13,0.13,0.13,311000
J74.SI,20110216,0.13,0.13,0.13,0.13,940000
J74.SI,20110215,0.12,0.13,0.12,0.13,606000
J74.SI,20110214,0.13,0.13,0.13,0.13,000
J74.SI,20110213,0.12,0.13,0.12,0.13,230000
J74.SI,20110210,0.14,0.14,0.13,0.13,279000
J74.SI,20110209,0.13,0.14,0.13,0.14,1458000
J74.SI,20110208,0.12,0.12,0.11,0.12,449000
J74.SI,20110207,0.11,0.12,0.11,0.12,317000
J74.SI,20110206,0.12,0.12,0.12,0.12,000
J74.SI,20110203,0.12,0.12,0.12,0.12,110000
J74.SI,20110202,0.11,0.12,0.11,0.12,827000
J74.SI,20110201,0.11,0.12,0.11,0.12,195000
J74.SI,20110131,0.11,0.11,0.11,0.11,13000
J74.SI,20110130,0.10,0.10,0.10,0.10,75000
J74.SI,20110127,0.11,0.11,0.10,0.11,210000
J74.SI,20110126,0.11,0.11,0.11,0.11,000
J74.SI,20110125,0.10,0.11,0.10,0.11,128000
J74.SI,20110124,0.10,0.10,0.10,0.10,000
J74.SI,20110123,0.10,0.10,0.10,0.10,000
J74.SI,20110120,0.11,0.11,0.10,0.10,144000
J74.SI,20110119,0.10,0.11,0.10,0.11,32000
J74.SI,20110118,0.10,0.10,0.10,0.10,120000
J74.SI,20110117,0.11,0.11,0.11,0.11,91000
J74.SI,20110116,0.11,0.11,0.11,0.11,5000
J74.SI,20110113,0.11,0.11,0.11,0.11,271000
J74.SI,20110112,0.10,0.12,0.10,0.11,10660000
J74.SI,20110111,0.10,0.10,0.10,0.10,10000
J74.SI,20110110,0.10,0.10,0.10,0.10,129000
J74.SI,20110109,0.10,0.10,0.10,0.10,50000
J74.SI,20110106,0.10,0.10,0.10,0.10,5277000
J74.SI,20110105,0.10,0.10,0.10,0.10,86000
J74.SI,20110104,0.10,0.10,0.10,0.10,50000
J74.SI,20110103,0.10,0.10,0.10,0.10,5000
J74.SI,20110102,0.10,0.10,0.10,0.10,000
