5LU.SI,20120228,0.11,0.11,0.11,0.11,000
5LU.SI,20120227,0.11,0.11,0.11,0.11,000
5LU.SI,20120226,0.11,0.11,0.11,0.11,000
5LU.SI,20120223,0.11,0.11,0.11,0.11,000
5LU.SI,20120222,0.11,0.11,0.11,0.11,000
5LU.SI,20120221,0.11,0.11,0.11,0.11,000
5LU.SI,20120220,0.11,0.11,0.11,0.11,000
5LU.SI,20120219,0.11,0.11,0.11,0.11,54000
5LU.SI,20120216,0.11,0.11,0.11,0.11,000
5LU.SI,20120215,0.11,0.11,0.11,0.11,000
5LU.SI,20120214,0.11,0.11,0.11,0.11,20000
5LU.SI,20120213,0.11,0.11,0.11,0.11,000
5LU.SI,20120212,0.11,0.11,0.11,0.11,000
5LU.SI,20120209,0.11,0.11,0.11,0.11,000
5LU.SI,20120208,0.11,0.11,0.11,0.11,82000
5LU.SI,20120207,0.11,0.11,0.11,0.11,250000
5LU.SI,20120206,0.11,0.11,0.11,0.11,000
5LU.SI,20120205,0.11,0.11,0.11,0.11,50000
5LU.SI,20120202,0.11,0.11,0.11,0.11,2000
5LU.SI,20120201,0.11,0.11,0.11,0.11,000
5LU.SI,20120131,0.11,0.11,0.11,0.11,10000
5LU.SI,20120130,0.11,0.11,0.11,0.11,000
5LU.SI,20120129,0.11,0.11,0.11,0.11,70000
5LU.SI,20120126,0.11,0.11,0.11,0.11,000
5LU.SI,20120125,0.11,0.11,0.11,0.11,000
5LU.SI,20120124,0.11,0.11,0.11,0.11,000
5LU.SI,20120123,0.11,0.11,0.11,0.11,22000
5LU.SI,20120122,0.11,0.11,0.11,0.11,22000
5LU.SI,20120119,0.11,0.11,0.11,0.11,000
5LU.SI,20120118,0.11,0.11,0.11,0.11,10000
5LU.SI,20120117,0.11,0.11,0.11,0.11,22000
5LU.SI,20120116,0.11,0.11,0.11,0.11,150000
5LU.SI,20120115,0.11,0.11,0.11,0.11,149000
5LU.SI,20120112,0.11,0.11,0.11,0.11,10000
5LU.SI,20120111,0.11,0.11,0.11,0.11,54000
5LU.SI,20120110,0.11,0.11,0.11,0.11,10000
5LU.SI,20120109,0.11,0.11,0.11,0.11,1000000
5LU.SI,20120108,0.11,0.11,0.11,0.11,1000000
5LU.SI,20120105,0.11,0.11,0.11,0.11,251000
5LU.SI,20120104,0.11,0.11,0.11,0.11,20000
5LU.SI,20120103,0.11,0.11,0.11,0.11,130000
5LU.SI,20120102,0.11,0.11,0.11,0.11,000
5LU.SI,20120101,0.11,0.11,0.11,0.11,233000
5LU.SI,20111229,0.11,0.11,0.11,0.11,591000
5LU.SI,20111228,0.11,0.11,0.11,0.11,991000
5LU.SI,20111227,0.11,0.11,0.11,0.11,1095000
5LU.SI,20111226,0.11,0.11,0.11,0.11,000
5LU.SI,20111225,0.11,0.11,0.11,0.11,230000
5LU.SI,20111222,0.11,0.11,0.11,0.11,203000
5LU.SI,20111221,0.11,0.11,0.11,0.11,275000
5LU.SI,20111220,0.11,0.11,0.11,0.11,1534000
5LU.SI,20111219,0.10,0.11,0.10,0.11,2029000
5LU.SI,20111218,0.07,0.07,0.07,0.07,000
5LU.SI,20111215,0.07,0.07,0.07,0.07,50000
5LU.SI,20111214,0.07,0.07,0.07,0.07,000
5LU.SI,20111213,0.07,0.07,0.07,0.07,000
5LU.SI,20111212,0.07,0.07,0.07,0.07,1000
5LU.SI,20111211,0.07,0.07,0.07,0.07,55000
5LU.SI,20111208,0.07,0.07,0.07,0.07,000
5LU.SI,20111207,0.07,0.07,0.07,0.07,000
5LU.SI,20111206,0.07,0.07,0.07,0.07,000
5LU.SI,20111205,0.07,0.07,0.07,0.07,10000
5LU.SI,20111204,0.07,0.07,0.07,0.07,000
5LU.SI,20111201,0.07,0.07,0.07,0.07,000
5LU.SI,20111130,0.07,0.07,0.07,0.07,000
5LU.SI,20111129,0.07,0.07,0.07,0.07,000
5LU.SI,20111128,0.07,0.07,0.07,0.07,000
5LU.SI,20111127,0.07,0.07,0.07,0.07,000
5LU.SI,20111124,0.07,0.07,0.07,0.07,000
5LU.SI,20111123,0.07,0.07,0.07,0.07,000
5LU.SI,20111122,0.07,0.07,0.07,0.07,000
5LU.SI,20111121,0.07,0.07,0.07,0.07,000
5LU.SI,20111120,0.07,0.07,0.07,0.07,000
5LU.SI,20111117,0.07,0.07,0.07,0.07,40000
5LU.SI,20111116,0.08,0.08,0.08,0.08,000
5LU.SI,20111115,0.08,0.08,0.08,0.08,30000
5LU.SI,20111114,0.08,0.08,0.08,0.08,000
5LU.SI,20111113,0.08,0.08,0.08,0.08,000
5LU.SI,20111110,0.08,0.08,0.08,0.08,000
5LU.SI,20111109,0.08,0.08,0.08,0.08,000
5LU.SI,20111108,0.08,0.08,0.08,0.08,000
5LU.SI,20111107,0.08,0.08,0.08,0.08,000
5LU.SI,20111106,0.07,0.08,0.07,0.08,133000
5LU.SI,20111103,0.08,0.08,0.08,0.08,27000
5LU.SI,20111102,0.08,0.08,0.08,0.08,000
5LU.SI,20111101,0.08,0.08,0.08,0.08,000
5LU.SI,20111031,0.08,0.08,0.08,0.08,000
5LU.SI,20111030,0.08,0.08,0.08,0.08,000
5LU.SI,20111027,0.08,0.08,0.08,0.08,000
5LU.SI,20111026,0.08,0.08,0.08,0.08,000
5LU.SI,20111025,0.08,0.08,0.08,0.08,000
5LU.SI,20111024,0.08,0.08,0.08,0.08,000
5LU.SI,20111023,0.08,0.08,0.08,0.08,100000
5LU.SI,20111020,0.07,0.07,0.07,0.07,000
5LU.SI,20111019,0.07,0.07,0.07,0.07,000
5LU.SI,20111018,0.07,0.07,0.07,0.07,45000
5LU.SI,20111017,0.07,0.07,0.07,0.07,40000
5LU.SI,20111016,0.07,0.07,0.07,0.07,25000
5LU.SI,20111013,0.08,0.08,0.08,0.08,000
5LU.SI,20111012,0.08,0.08,0.08,0.08,000
5LU.SI,20111011,0.08,0.08,0.08,0.08,000
5LU.SI,20111010,0.08,0.08,0.08,0.08,000
5LU.SI,20111009,0.08,0.08,0.08,0.08,000
5LU.SI,20111006,0.08,0.08,0.08,0.08,000
5LU.SI,20111005,0.08,0.08,0.08,0.08,000
5LU.SI,20111004,0.08,0.08,0.08,0.08,000
5LU.SI,20111003,0.08,0.08,0.08,0.08,000
5LU.SI,20111002,0.08,0.08,0.08,0.08,000
5LU.SI,20110929,0.08,0.08,0.08,0.08,000
5LU.SI,20110928,0.08,0.08,0.08,0.08,000
5LU.SI,20110927,0.08,0.08,0.08,0.08,000
5LU.SI,20110926,0.08,0.08,0.08,0.08,000
5LU.SI,20110925,0.08,0.08,0.08,0.08,000
5LU.SI,20110922,0.08,0.08,0.08,0.08,000
5LU.SI,20110921,0.08,0.08,0.08,0.08,000
5LU.SI,20110920,0.07,0.08,0.07,0.08,40000
5LU.SI,20110919,0.07,0.07,0.07,0.07,000
5LU.SI,20110918,0.07,0.07,0.07,0.07,11000
5LU.SI,20110915,0.07,0.07,0.07,0.07,180000
5LU.SI,20110914,0.08,0.08,0.08,0.08,000
5LU.SI,20110913,0.08,0.08,0.08,0.08,100000
5LU.SI,20110912,0.07,0.07,0.07,0.07,85000
5LU.SI,20110911,0.07,0.07,0.07,0.07,000
5LU.SI,20110908,0.07,0.07,0.07,0.07,000
5LU.SI,20110907,0.08,0.08,0.07,0.07,60000
5LU.SI,20110906,0.08,0.08,0.08,0.08,000
5LU.SI,20110905,0.08,0.08,0.08,0.08,000
5LU.SI,20110904,0.08,0.08,0.08,0.08,49000
5LU.SI,20110901,0.08,0.08,0.08,0.08,000
5LU.SI,20110831,0.08,0.08,0.08,0.08,38000
5LU.SI,20110830,0.08,0.08,0.08,0.08,000
5LU.SI,20110829,0.08,0.08,0.08,0.08,10000
5LU.SI,20110828,0.08,0.08,0.08,0.08,000
5LU.SI,20110825,0.08,0.08,0.08,0.08,000
5LU.SI,20110824,0.08,0.08,0.08,0.08,000
5LU.SI,20110823,0.08,0.08,0.08,0.08,000
5LU.SI,20110822,0.08,0.08,0.08,0.08,000
5LU.SI,20110821,0.08,0.08,0.08,0.08,000
5LU.SI,20110818,0.08,0.08,0.08,0.08,000
5LU.SI,20110817,0.08,0.08,0.08,0.08,000
5LU.SI,20110816,0.08,0.08,0.08,0.08,000
5LU.SI,20110815,0.08,0.08,0.08,0.08,000
5LU.SI,20110814,0.08,0.08,0.08,0.08,000
5LU.SI,20110811,0.08,0.08,0.08,0.08,100000
5LU.SI,20110810,0.08,0.08,0.08,0.08,000
5LU.SI,20110809,0.08,0.08,0.08,0.08,000
5LU.SI,20110808,0.08,0.08,0.08,0.08,2000
5LU.SI,20110807,0.08,0.08,0.08,0.08,90000
5LU.SI,20110804,0.07,0.07,0.07,0.07,000
5LU.SI,20110803,0.07,0.07,0.07,0.07,000
5LU.SI,20110802,0.07,0.07,0.07,0.07,000
5LU.SI,20110801,0.07,0.07,0.07,0.07,000
5LU.SI,20110731,0.07,0.07,0.07,0.07,000
5LU.SI,20110728,0.07,0.07,0.07,0.07,000
5LU.SI,20110727,0.07,0.07,0.07,0.07,000
5LU.SI,20110726,0.07,0.07,0.07,0.07,10000
5LU.SI,20110725,0.08,0.08,0.08,0.08,000
5LU.SI,20110724,0.08,0.08,0.08,0.08,000
5LU.SI,20110721,0.08,0.08,0.08,0.08,103000
5LU.SI,20110720,0.09,0.09,0.09,0.09,000
5LU.SI,20110719,0.09,0.09,0.09,0.09,000
5LU.SI,20110718,0.09,0.09,0.09,0.09,000
5LU.SI,20110717,0.09,0.09,0.09,0.09,000
5LU.SI,20110714,0.09,0.09,0.09,0.09,000
5LU.SI,20110713,0.09,0.09,0.09,0.09,000
5LU.SI,20110712,0.09,0.09,0.09,0.09,000
5LU.SI,20110711,0.09,0.09,0.09,0.09,000
5LU.SI,20110710,0.09,0.09,0.09,0.09,000
5LU.SI,20110707,0.09,0.09,0.09,0.09,000
5LU.SI,20110706,0.09,0.09,0.09,0.09,000
5LU.SI,20110705,0.09,0.09,0.09,0.09,105000
5LU.SI,20110704,0.08,0.08,0.08,0.08,000
5LU.SI,20110703,0.08,0.08,0.08,0.08,91000
5LU.SI,20110630,0.08,0.08,0.08,0.08,000
5LU.SI,20110629,0.08,0.08,0.08,0.08,000
5LU.SI,20110628,0.08,0.08,0.08,0.08,000
5LU.SI,20110627,0.08,0.08,0.08,0.08,000
5LU.SI,20110626,0.08,0.08,0.08,0.08,000
5LU.SI,20110623,0.08,0.08,0.08,0.08,000
5LU.SI,20110622,0.08,0.08,0.08,0.08,000
5LU.SI,20110621,0.08,0.08,0.08,0.08,000
5LU.SI,20110620,0.08,0.08,0.08,0.08,000
5LU.SI,20110619,0.08,0.08,0.08,0.08,000
5LU.SI,20110616,0.08,0.08,0.08,0.08,5000
5LU.SI,20110615,0.08,0.08,0.08,0.08,000
5LU.SI,20110614,0.08,0.08,0.08,0.08,000
5LU.SI,20110613,0.08,0.08,0.08,0.08,80000
5LU.SI,20110612,0.08,0.08,0.08,0.08,000
5LU.SI,20110609,0.08,0.08,0.08,0.08,000
5LU.SI,20110608,0.08,0.08,0.08,0.08,000
5LU.SI,20110607,0.08,0.08,0.08,0.08,000
5LU.SI,20110606,0.08,0.08,0.08,0.08,80000
5LU.SI,20110605,0.08,0.08,0.08,0.08,000
5LU.SI,20110602,0.08,0.08,0.08,0.08,000
5LU.SI,20110601,0.08,0.08,0.08,0.08,000
5LU.SI,20110531,0.08,0.08,0.08,0.08,000
5LU.SI,20110530,0.08,0.08,0.08,0.08,000
5LU.SI,20110529,0.08,0.08,0.08,0.08,000
5LU.SI,20110526,0.08,0.08,0.08,0.08,000
5LU.SI,20110525,0.08,0.08,0.08,0.08,000
5LU.SI,20110524,0.09,0.09,0.08,0.08,20000
5LU.SI,20110523,0.09,0.09,0.09,0.09,000
5LU.SI,20110522,0.09,0.09,0.09,0.09,000
5LU.SI,20110519,0.09,0.09,0.09,0.09,000
5LU.SI,20110518,0.09,0.09,0.09,0.09,000
5LU.SI,20110517,0.09,0.09,0.09,0.09,106000
5LU.SI,20110516,0.09,0.09,0.09,0.09,000
5LU.SI,20110515,0.09,0.09,0.09,0.09,000
5LU.SI,20110512,0.09,0.09,0.09,0.09,000
5LU.SI,20110511,0.09,0.09,0.09,0.09,000
5LU.SI,20110510,0.09,0.09,0.09,0.09,000
5LU.SI,20110509,0.09,0.09,0.09,0.09,000
5LU.SI,20110508,0.09,0.09,0.09,0.09,000
5LU.SI,20110505,0.09,0.09,0.09,0.09,000
5LU.SI,20110504,0.09,0.09,0.09,0.09,000
5LU.SI,20110503,0.09,0.09,0.09,0.09,000
5LU.SI,20110502,0.09,0.09,0.09,0.09,000
5LU.SI,20110501,0.09,0.10,0.09,0.10,91000
5LU.SI,20110428,0.09,0.09,0.09,0.09,000
5LU.SI,20110427,0.09,0.09,0.09,0.09,000
5LU.SI,20110426,0.09,0.09,0.09,0.09,30000
5LU.SI,20110425,0.09,0.09,0.09,0.09,000
5LU.SI,20110424,0.09,0.09,0.09,0.09,30000
5LU.SI,20110421,0.09,0.09,0.09,0.09,000
5LU.SI,20110420,0.09,0.09,0.09,0.09,000
5LU.SI,20110419,0.09,0.09,0.09,0.09,125000
5LU.SI,20110418,0.09,0.09,0.09,0.09,000
5LU.SI,20110417,0.09,0.09,0.09,0.09,000
5LU.SI,20110414,0.09,0.09,0.09,0.09,000
5LU.SI,20110413,0.09,0.09,0.09,0.09,50000
5LU.SI,20110412,0.09,0.09,0.09,0.09,000
5LU.SI,20110411,0.09,0.09,0.09,0.09,000
5LU.SI,20110410,0.09,0.09,0.09,0.09,000
5LU.SI,20110407,0.09,0.09,0.09,0.09,000
5LU.SI,20110406,0.09,0.09,0.09,0.09,000
5LU.SI,20110405,0.09,0.09,0.09,0.09,000
5LU.SI,20110404,0.09,0.09,0.09,0.09,000
5LU.SI,20110403,0.09,0.09,0.09,0.09,25000
5LU.SI,20110331,0.09,0.09,0.09,0.09,000
5LU.SI,20110330,0.09,0.09,0.09,0.09,000
5LU.SI,20110329,0.09,0.09,0.09,0.09,000
5LU.SI,20110328,0.09,0.09,0.09,0.09,000
5LU.SI,20110327,0.09,0.09,0.09,0.09,000
5LU.SI,20110324,0.09,0.09,0.09,0.09,000
5LU.SI,20110323,0.09,0.09,0.09,0.09,000
5LU.SI,20110322,0.09,0.09,0.09,0.09,000
5LU.SI,20110321,0.09,0.09,0.09,0.09,000
5LU.SI,20110320,0.09,0.09,0.09,0.09,50000
5LU.SI,20110317,0.09,0.09,0.09,0.09,40000
5LU.SI,20110316,0.10,0.10,0.10,0.10,000
5LU.SI,20110315,0.10,0.10,0.10,0.10,10000
5LU.SI,20110314,0.10,0.10,0.10,0.10,000
5LU.SI,20110313,0.10,0.10,0.10,0.10,30000
5LU.SI,20110310,0.09,0.09,0.09,0.09,4000
5LU.SI,20110309,0.09,0.09,0.09,0.09,000
5LU.SI,20110308,0.09,0.09,0.09,0.09,000
5LU.SI,20110307,0.09,0.09,0.09,0.09,000
5LU.SI,20110306,0.09,0.09,0.09,0.09,000
5LU.SI,20110303,0.09,0.09,0.09,0.09,84000
5LU.SI,20110302,0.09,0.09,0.09,0.09,50000
5LU.SI,20110301,0.09,0.09,0.09,0.09,6000
5LU.SI,20110228,0.10,0.10,0.10,0.10,000
5LU.SI,20110227,0.10,0.10,0.10,0.10,000
5LU.SI,20110224,0.10,0.10,0.10,0.10,000
5LU.SI,20110223,0.10,0.10,0.10,0.10,000
5LU.SI,20110222,0.10,0.10,0.10,0.10,000
5LU.SI,20110221,0.10,0.10,0.10,0.10,000
5LU.SI,20110220,0.10,0.10,0.10,0.10,000
5LU.SI,20110217,0.10,0.10,0.10,0.10,000
5LU.SI,20110216,0.10,0.10,0.10,0.10,000
5LU.SI,20110215,0.10,0.10,0.10,0.10,000
5LU.SI,20110214,0.10,0.10,0.10,0.10,000
5LU.SI,20110213,0.10,0.10,0.10,0.10,000
5LU.SI,20110210,0.10,0.10,0.10,0.10,000
5LU.SI,20110209,0.10,0.10,0.10,0.10,000
5LU.SI,20110208,0.10,0.10,0.10,0.10,1000
5LU.SI,20110207,0.10,0.10,0.10,0.10,000
5LU.SI,20110206,0.10,0.10,0.10,0.10,147000
5LU.SI,20110203,0.10,0.10,0.10,0.10,000
5LU.SI,20110202,0.10,0.10,0.10,0.10,2000
5LU.SI,20110201,0.09,0.09,0.09,0.09,000
5LU.SI,20110131,0.09,0.09,0.09,0.09,000
5LU.SI,20110130,0.09,0.09,0.09,0.09,000
5LU.SI,20110127,0.09,0.09,0.09,0.09,60000
5LU.SI,20110126,0.09,0.09,0.09,0.09,000
5LU.SI,20110125,0.09,0.09,0.09,0.09,84000
5LU.SI,20110124,0.09,0.09,0.09,0.09,000
5LU.SI,20110123,0.09,0.09,0.09,0.09,000
5LU.SI,20110120,0.09,0.09,0.09,0.09,000
5LU.SI,20110119,0.09,0.09,0.09,0.09,000
5LU.SI,20110118,0.09,0.09,0.09,0.09,000
5LU.SI,20110117,0.09,0.09,0.09,0.09,2000
5LU.SI,20110116,0.09,0.09,0.09,0.09,000
5LU.SI,20110113,0.09,0.09,0.09,0.09,000
5LU.SI,20110112,0.09,0.09,0.09,0.09,000
5LU.SI,20110111,0.09,0.09,0.09,0.09,000
5LU.SI,20110110,0.09,0.09,0.09,0.09,000
5LU.SI,20110109,0.09,0.09,0.09,0.09,000
5LU.SI,20110106,0.09,0.09,0.09,0.09,000
5LU.SI,20110105,0.09,0.09,0.09,0.09,000
5LU.SI,20110104,0.09,0.09,0.09,0.09,000
5LU.SI,20110103,0.09,0.09,0.09,0.09,000
5LU.SI,20110102,0.09,0.09,0.09,0.09,000
