A50.SI,20120606,0.48,0.49,0.48,0.485,10132000
A50.SI,20120604,0.43,0.44,0.43,0.43,7349000
A50.SI,20120603,0.41,0.44,0.41,0.43,16968000
A50.SI,20120531,0.44,0.44,0.43,0.43,7298000
A50.SI,20120530,0.44,0.44,0.43,0.44,10442000
A50.SI,20120529,0.44,0.45,0.44,0.44,34750000
A50.SI,20120528,0.43,0.44,0.43,0.44,53867000
A50.SI,20120527,0.42,0.43,0.41,0.43,12883000
A50.SI,20120524,0.42,0.42,0.42,0.42,000
A50.SI,20120523,0.43,0.44,0.41,0.42,37714000
A50.SI,20120522,0.41,0.44,0.41,0.44,76842000
A50.SI,20120521,0.41,0.41,0.41,0.41,5286000
A50.SI,20120520,0.41,0.42,0.41,0.41,11673000
A50.SI,20120517,0.43,0.43,0.41,0.41,14728000
A50.SI,20120516,0.41,0.43,0.41,0.42,28757000
A50.SI,20120515,0.41,0.42,0.41,0.41,5859000
A50.SI,20120514,0.41,0.41,0.41,0.41,7341000
A50.SI,20120513,0.43,0.43,0.41,0.41,14058000
A50.SI,20120510,0.42,0.43,0.41,0.42,48381000
A50.SI,20120509,0.41,0.43,0.41,0.42,32692000
A50.SI,20120508,0.41,0.41,0.40,0.41,8462000
A50.SI,20120507,0.41,0.41,0.40,0.41,17327000
A50.SI,20120506,0.42,0.43,0.41,0.41,37928000
A50.SI,20120503,0.40,0.40,0.38,0.40,15640000
A50.SI,20120502,0.40,0.40,0.39,0.40,6582000
A50.SI,20120501,0.40,0.40,0.40,0.40,000
A50.SI,20120430,0.41,0.41,0.39,0.40,20506000
A50.SI,20120429,0.41,0.43,0.41,0.41,41998000
A50.SI,20120426,0.38,0.41,0.38,0.41,44639000
A50.SI,20120425,0.38,0.38,0.37,0.38,24452000
A50.SI,20120424,0.37,0.37,0.36,0.37,6581000
A50.SI,20120423,0.37,0.37,0.35,0.36,15399000
A50.SI,20120422,0.38,0.38,0.37,0.37,9891000
A50.SI,20120419,0.37,0.38,0.37,0.38,7801000
A50.SI,20120418,0.38,0.39,0.36,0.38,26375000
A50.SI,20120417,0.40,0.40,0.38,0.38,12775000
A50.SI,20120416,0.38,0.39,0.38,0.39,6667000
A50.SI,20120415,0.39,0.40,0.38,0.38,47153000
A50.SI,20120412,0.41,0.41,0.39,0.39,11289000
A50.SI,20120411,0.39,0.41,0.39,0.40,36744000
A50.SI,20120410,0.39,0.40,0.38,0.38,27716000
A50.SI,20120409,0.40,0.40,0.38,0.39,18535000
A50.SI,20120408,0.41,0.41,0.39,0.40,23911000
A50.SI,20120405,0.41,0.41,0.40,0.41,14314000
A50.SI,20120404,0.41,0.42,0.41,0.41,11843000
A50.SI,20120403,0.43,0.43,0.41,0.41,16052000
A50.SI,20120402,0.44,0.44,0.42,0.43,70956000
A50.SI,20120401,0.41,0.42,0.41,0.41,18379000
A50.SI,20120329,0.42,0.42,0.42,0.42,000
A50.SI,20120328,0.42,0.43,0.41,0.42,15414000
A50.SI,20120327,0.43,0.43,0.42,0.43,8346000
A50.SI,20120326,0.41,0.43,0.41,0.43,25132000
A50.SI,20120325,0.44,0.44,0.41,0.42,51853000
A50.SI,20120322,0.41,0.44,0.41,0.44,82015000
A50.SI,20120321,0.41,0.43,0.41,0.42,56628000
A50.SI,20120320,0.41,0.41,0.40,0.41,11303000
A50.SI,20120319,0.41,0.41,0.40,0.41,31052000
A50.SI,20120318,0.38,0.42,0.38,0.40,126561000
A50.SI,20120315,0.50,0.50,0.40,0.40,182403000
A50.SI,20120314,0.48,0.49,0.48,0.49,29933000
A50.SI,20120313,0.50,0.50,0.47,0.47,28021000
A50.SI,20120312,0.49,0.50,0.48,0.50,37156000
A50.SI,20120311,0.51,0.52,0.48,0.49,81039000
A50.SI,20120308,0.51,0.53,0.50,0.51,147281000
A50.SI,20120307,0.48,0.51,0.47,0.50,137123000
A50.SI,20120306,0.49,0.50,0.48,0.49,175573000
A50.SI,20120305,0.43,0.47,0.43,0.47,92045000
A50.SI,20120304,0.44,0.44,0.42,0.43,29157000
A50.SI,20120301,0.45,0.45,0.41,0.44,75862000
A50.SI,20120229,0.47,0.47,0.44,0.45,56193000
A50.SI,20120228,0.45,0.48,0.44,0.46,136404000
A50.SI,20120227,0.40,0.45,0.40,0.44,175487000
A50.SI,20120226,0.38,0.41,0.38,0.41,156919000
A50.SI,20120223,0.36,0.38,0.35,0.38,45873000
A50.SI,20120222,0.36,0.37,0.35,0.35,24556000
A50.SI,20120221,0.40,0.40,0.36,0.37,114106000
A50.SI,20120220,0.33,0.38,0.32,0.38,161240000
A50.SI,20120219,0.32,0.34,0.32,0.33,45095000
A50.SI,20120216,0.31,0.32,0.31,0.31,12509000
A50.SI,20120215,0.32,0.32,0.31,0.31,25192000
A50.SI,20120214,0.33,0.33,0.31,0.32,23915000
A50.SI,20120213,0.32,0.32,0.32,0.32,000
A50.SI,20120212,0.32,0.32,0.32,0.32,000
A50.SI,20120209,0.32,0.33,0.32,0.32,11163000
A50.SI,20120208,0.33,0.33,0.32,0.32,8550000
A50.SI,20120207,0.34,0.34,0.32,0.32,14785000
A50.SI,20120206,0.33,0.34,0.32,0.34,41777000
A50.SI,20120205,0.35,0.36,0.32,0.33,191198000
A50.SI,20120202,0.29,0.29,0.28,0.29,14153000
A50.SI,20120201,0.29,0.29,0.29,0.29,9717000
A50.SI,20120131,0.29,0.30,0.29,0.30,23359000
A50.SI,20120130,0.29,0.30,0.29,0.29,13020000
A50.SI,20120129,0.30,0.30,0.29,0.29,22584000
A50.SI,20120126,0.29,0.31,0.28,0.30,43822000
A50.SI,20120125,0.28,0.29,0.28,0.29,47314000
A50.SI,20120124,0.28,0.29,0.28,0.28,21594000
A50.SI,20120123,0.29,0.30,0.28,0.28,26847000
A50.SI,20120122,0.29,0.30,0.29,0.29,14294000
A50.SI,20120119,0.30,0.30,0.29,0.29,18790000
A50.SI,20120118,0.31,0.31,0.29,0.29,29480000
A50.SI,20120117,0.30,0.31,0.30,0.31,38271000
A50.SI,20120116,0.31,0.31,0.30,0.30,30597000
A50.SI,20120115,0.31,0.32,0.31,0.31,22268000
A50.SI,20120112,0.32,0.32,0.31,0.31,18172000
A50.SI,20120111,0.32,0.32,0.31,0.31,48131000
A50.SI,20120110,0.31,0.34,0.31,0.32,98223000
A50.SI,20120109,0.32,0.32,0.31,0.31,55628000
A50.SI,20120108,0.31,0.32,0.29,0.31,108088000
A50.SI,20120105,0.31,0.31,0.29,0.30,26847000
A50.SI,20120104,0.31,0.31,0.29,0.30,46799000
A50.SI,20120103,0.31,0.32,0.30,0.31,72365000
A50.SI,20120102,0.30,0.30,0.30,0.30,000
A50.SI,20120101,0.29,0.31,0.29,0.30,22352000
A50.SI,20111229,0.28,0.30,0.28,0.29,40609000
A50.SI,20111228,0.30,0.31,0.28,0.28,52641000
A50.SI,20111227,0.30,0.33,0.29,0.31,241652000
A50.SI,20111226,0.26,0.26,0.26,0.26,000
A50.SI,20111225,0.19,0.26,0.19,0.26,249324000
A50.SI,20111222,0.14,0.14,0.14,0.14,000
A50.SI,20111221,0.14,0.14,0.14,0.14,10361000
A50.SI,20111220,0.14,0.15,0.14,0.14,49476000
A50.SI,20111219,0.14,0.15,0.14,0.14,50263000
A50.SI,20111218,0.14,0.15,0.14,0.14,46319000
A50.SI,20111215,0.14,0.15,0.14,0.14,50620000
A50.SI,20111214,0.14,0.14,0.14,0.14,32921000
A50.SI,20111213,0.14,0.14,0.14,0.14,51021000
A50.SI,20111212,0.14,0.15,0.14,0.14,228753000
A50.SI,20111211,0.10,0.14,0.10,0.14,146632000
A50.SI,20111208,0.10,0.10,0.10,0.10,5748000
A50.SI,20111207,0.10,0.10,0.10,0.10,5151000
A50.SI,20111206,0.09,0.10,0.09,0.10,3121000
A50.SI,20111205,0.09,0.10,0.09,0.09,2266000
A50.SI,20111204,0.09,0.09,0.09,0.09,2470000
A50.SI,20111201,0.10,0.10,0.09,0.09,2631000
A50.SI,20111130,0.10,0.10,0.10,0.10,4665000
A50.SI,20111129,0.09,0.10,0.09,0.10,1557000
A50.SI,20111128,0.10,0.10,0.09,0.09,1469000
A50.SI,20111127,0.10,0.10,0.09,0.10,3917000
A50.SI,20111124,0.09,0.10,0.09,0.10,33786000
A50.SI,20111123,0.09,0.09,0.09,0.09,1924000
A50.SI,20111122,0.09,0.09,0.09,0.09,210000
A50.SI,20111121,0.09,0.09,0.09,0.09,6036000
A50.SI,20111120,0.09,0.09,0.09,0.09,2486000
A50.SI,20111117,0.09,0.09,0.09,0.09,740000
A50.SI,20111116,0.09,0.09,0.09,0.09,2256000
A50.SI,20111115,0.09,0.09,0.09,0.09,1506000
A50.SI,20111114,0.09,0.09,0.09,0.09,000
A50.SI,20111113,0.09,0.09,0.09,0.09,200000
A50.SI,20111110,0.09,0.09,0.09,0.09,830000
A50.SI,20111109,0.09,0.09,0.09,0.09,2330000
A50.SI,20111108,0.09,0.09,0.09,0.09,1208000
A50.SI,20111107,0.09,0.09,0.09,0.09,1593000
A50.SI,20111106,0.09,0.09,0.09,0.09,2272000
A50.SI,20111103,0.09,0.09,0.09,0.09,1438000
A50.SI,20111102,0.09,0.09,0.09,0.09,2005000
A50.SI,20111101,0.09,0.10,0.09,0.09,3837000
A50.SI,20111031,0.10,0.10,0.09,0.09,2600000
A50.SI,20111030,0.10,0.10,0.10,0.10,2827000
A50.SI,20111027,0.10,0.10,0.10,0.10,000
A50.SI,20111026,0.10,0.10,0.10,0.10,3796000
A50.SI,20111025,0.10,0.10,0.10,0.10,1868000
A50.SI,20111024,0.10,0.10,0.10,0.10,4329000
A50.SI,20111023,0.10,0.10,0.10,0.10,2931000
A50.SI,20111020,0.10,0.10,0.10,0.10,2750000
A50.SI,20111019,0.10,0.10,0.10,0.10,10065000
A50.SI,20111018,0.10,0.10,0.10,0.10,6190000
A50.SI,20111017,0.10,0.10,0.10,0.10,5263000
A50.SI,20111016,0.10,0.10,0.10,0.10,3502000
A50.SI,20111013,0.10,0.10,0.10,0.10,8586000
A50.SI,20111012,0.10,0.10,0.10,0.10,6819000
A50.SI,20111011,0.10,0.10,0.10,0.10,2384000
A50.SI,20111010,0.10,0.10,0.10,0.10,7830000
A50.SI,20111009,0.10,0.10,0.10,0.10,9290000
A50.SI,20111006,0.10,0.10,0.10,0.10,5101000
A50.SI,20111005,0.10,0.11,0.10,0.10,33596000
A50.SI,20111004,0.10,0.10,0.10,0.10,5540000
A50.SI,20111003,0.10,0.10,0.10,0.10,7132000
A50.SI,20111002,0.10,0.10,0.10,0.10,23735000
A50.SI,20110929,0.10,0.10,0.10,0.10,11639000
A50.SI,20110928,0.10,0.10,0.10,0.10,21792000
A50.SI,20110927,0.10,0.10,0.10,0.10,7424000
A50.SI,20110926,0.10,0.10,0.10,0.10,8097000
A50.SI,20110925,0.10,0.10,0.10,0.10,10082000
A50.SI,20110922,0.10,0.10,0.10,0.10,6703000
A50.SI,20110921,0.10,0.10,0.10,0.10,4377000
A50.SI,20110920,0.10,0.10,0.10,0.10,4188000
A50.SI,20110919,0.10,0.10,0.10,0.10,7678000
A50.SI,20110918,0.10,0.10,0.10,0.10,32921000
A50.SI,20110915,0.10,0.10,0.10,0.10,23381000
A50.SI,20110914,0.10,0.10,0.10,0.10,8930000
A50.SI,20110913,0.10,0.10,0.10,0.10,5272000
A50.SI,20110912,0.10,0.10,0.10,0.10,12482000
A50.SI,20110911,0.10,0.10,0.10,0.10,4768000
A50.SI,20110908,0.10,0.10,0.10,0.10,4320000
A50.SI,20110907,0.10,0.10,0.10,0.10,3593000
A50.SI,20110906,0.10,0.10,0.10,0.10,3543000
A50.SI,20110905,0.10,0.10,0.10,0.10,5225000
A50.SI,20110904,0.10,0.10,0.10,0.10,3140000
A50.SI,20110901,0.10,0.10,0.10,0.10,3325000
A50.SI,20110831,0.10,0.10,0.10,0.10,5681000
A50.SI,20110830,0.10,0.10,0.10,0.10,5343000
A50.SI,20110829,0.10,0.10,0.10,0.10,19596000
A50.SI,20110828,0.10,0.10,0.10,0.10,2153000
A50.SI,20110825,0.10,0.10,0.10,0.10,5367000
A50.SI,20110824,0.10,0.10,0.10,0.10,8223000
A50.SI,20110823,0.10,0.10,0.10,0.10,4459000
A50.SI,20110822,0.10,0.10,0.10,0.10,5355000
A50.SI,20110821,0.10,0.10,0.10,0.10,000
A50.SI,20110818,0.10,0.10,0.10,0.10,1600000
A50.SI,20110817,0.10,0.10,0.10,0.10,14901000
A50.SI,20110816,0.10,0.10,0.10,0.10,7615000
A50.SI,20110815,0.10,0.10,0.10,0.10,12215000
A50.SI,20110814,0.10,0.10,0.10,0.10,1529000
A50.SI,20110811,0.10,0.10,0.10,0.10,1464000
A50.SI,20110810,0.10,0.10,0.10,0.10,000
A50.SI,20110809,0.10,0.10,0.10,0.10,3643000
A50.SI,20110808,0.10,0.11,0.10,0.10,33724000
A50.SI,20110807,0.10,0.10,0.10,0.10,7579000
A50.SI,20110804,0.10,0.10,0.10,0.10,703000
A50.SI,20110803,0.10,0.10,0.10,0.10,1706000
A50.SI,20110802,0.10,0.10,0.10,0.10,10102000
A50.SI,20110801,0.09,0.10,0.09,0.10,6835000
A50.SI,20110731,0.09,0.10,0.09,0.09,6482000
A50.SI,20110728,0.10,0.10,0.09,0.09,3677000
A50.SI,20110727,0.10,0.10,0.09,0.09,4476000
A50.SI,20110726,0.09,0.10,0.09,0.10,6045000
A50.SI,20110725,0.09,0.09,0.09,0.09,2591000
A50.SI,20110724,0.10,0.10,0.09,0.09,3433000
A50.SI,20110721,0.10,0.10,0.09,0.10,7867000
A50.SI,20110720,0.10,0.10,0.10,0.10,4269000
A50.SI,20110719,0.10,0.10,0.10,0.10,8760000
A50.SI,20110718,0.10,0.10,0.10,0.10,4667000
A50.SI,20110717,0.10,0.10,0.10,0.10,2636000
A50.SI,20110714,0.10,0.10,0.10,0.10,11050000
A50.SI,20110713,0.10,0.10,0.10,0.10,21786000
A50.SI,20110712,0.10,0.11,0.10,0.10,28472000
A50.SI,20110711,0.10,0.10,0.10,0.10,4697000
A50.SI,20110710,0.10,0.10,0.10,0.10,5634000
A50.SI,20110707,0.10,0.10,0.10,0.10,3663000
A50.SI,20110706,0.10,0.10,0.10,0.10,12761000
A50.SI,20110705,0.09,0.10,0.09,0.10,41399000
A50.SI,20110704,0.09,0.09,0.09,0.09,3781000
A50.SI,20110703,0.09,0.09,0.09,0.09,2616000
A50.SI,20110630,0.09,0.09,0.09,0.09,1400000
A50.SI,20110629,0.09,0.09,0.09,0.09,4136000
A50.SI,20110628,0.09,0.09,0.09,0.09,7981000
A50.SI,20110627,0.09,0.09,0.09,0.09,2786000
A50.SI,20110626,0.09,0.10,0.09,0.09,2966000
A50.SI,20110623,0.09,0.09,0.09,0.09,7307000
A50.SI,20110622,0.09,0.10,0.09,0.09,4644000
A50.SI,20110621,0.09,0.10,0.09,0.09,15305000
A50.SI,20110620,0.09,0.09,0.09,0.09,11512000
A50.SI,20110619,0.09,0.09,0.09,0.09,4065000
A50.SI,20110616,0.09,0.09,0.09,0.09,3386000
A50.SI,20110615,0.09,0.09,0.08,0.08,2188000
A50.SI,20110614,0.09,0.09,0.09,0.09,3085000
A50.SI,20110613,0.09,0.09,0.09,0.09,6189000
A50.SI,20110612,0.09,0.09,0.08,0.09,5625000
A50.SI,20110609,0.09,0.09,0.08,0.08,6242000
A50.SI,20110608,0.09,0.09,0.09,0.09,4028000
A50.SI,20110607,0.09,0.09,0.09,0.09,6250000
A50.SI,20110606,0.09,0.09,0.09,0.09,5070000
A50.SI,20110605,0.09,0.09,0.09,0.09,5141000
A50.SI,20110602,0.09,0.10,0.09,0.09,7670000
A50.SI,20110601,0.09,0.10,0.09,0.09,4850000
A50.SI,20110531,0.10,0.10,0.09,0.09,9144000
A50.SI,20110530,0.09,0.10,0.09,0.10,21930000
A50.SI,20110529,0.09,0.09,0.09,0.09,8979000
A50.SI,20110526,0.10,0.10,0.09,0.09,6012000
A50.SI,20110525,0.10,0.10,0.10,0.10,11502000
A50.SI,20110524,0.10,0.10,0.09,0.10,11140000
A50.SI,20110523,0.10,0.10,0.10,0.10,26058000
A50.SI,20110522,0.09,0.10,0.09,0.09,9210000
A50.SI,20110519,0.09,0.09,0.09,0.09,20689000
A50.SI,20110518,0.10,0.10,0.10,0.10,14709000
A50.SI,20110517,0.11,0.11,0.10,0.10,16220000
A50.SI,20110516,0.10,0.11,0.10,0.11,12529000
A50.SI,20110515,0.12,0.12,0.10,0.10,19306000
A50.SI,20110512,0.12,0.12,0.11,0.12,23976000
A50.SI,20110511,0.13,0.13,0.12,0.12,19571000
A50.SI,20110510,0.13,0.13,0.13,0.13,15134000
A50.SI,20110509,0.14,0.14,0.13,0.13,18882000
A50.SI,20110508,0.14,0.14,0.13,0.14,22180000
A50.SI,20110505,0.14,0.15,0.14,0.14,44112000
A50.SI,20110504,0.14,0.15,0.13,0.14,82185000
A50.SI,20110503,0.12,0.14,0.12,0.14,77033000
A50.SI,20110502,0.12,0.12,0.12,0.12,000
A50.SI,20110501,0.13,0.13,0.12,0.12,17687000
A50.SI,20110428,0.15,0.15,0.12,0.13,37627000
A50.SI,20110427,0.15,0.16,0.15,0.15,40755000
A50.SI,20110426,0.14,0.16,0.14,0.15,144330000
A50.SI,20110425,0.14,0.14,0.14,0.14,22963000
A50.SI,20110424,0.14,0.15,0.13,0.14,87803000
A50.SI,20110421,0.12,0.14,0.12,0.13,113489000
A50.SI,20110420,0.12,0.12,0.12,0.12,38143000
A50.SI,20110419,0.12,0.12,0.12,0.12,4398000
A50.SI,20110418,0.12,0.12,0.11,0.12,4591000
A50.SI,20110417,0.11,0.12,0.11,0.12,5583000
A50.SI,20110414,0.12,0.12,0.12,0.12,12338000
A50.SI,20110413,0.12,0.12,0.12,0.12,29958000
A50.SI,20110412,0.11,0.12,0.11,0.12,43693000
A50.SI,20110411,0.10,0.11,0.10,0.11,9003000
A50.SI,20110410,0.11,0.11,0.10,0.10,3889000
A50.SI,20110407,0.10,0.10,0.10,0.10,000
A50.SI,20110406,0.10,0.11,0.10,0.10,5491000
A50.SI,20110405,0.10,0.10,0.10,0.10,1026000
A50.SI,20110404,0.11,0.11,0.11,0.11,1310000
A50.SI,20110403,0.11,0.11,0.11,0.11,3820000
A50.SI,20110331,0.11,0.11,0.11,0.11,1694000
A50.SI,20110330,0.11,0.11,0.11,0.11,17078000
A50.SI,20110329,0.11,0.11,0.10,0.11,1637000
A50.SI,20110328,0.10,0.11,0.10,0.11,15492000
A50.SI,20110327,0.10,0.10,0.10,0.10,2387000
A50.SI,20110324,0.10,0.10,0.10,0.10,2905000
A50.SI,20110323,0.10,0.10,0.10,0.10,5002000
A50.SI,20110322,0.11,0.11,0.10,0.10,6284000
A50.SI,20110321,0.11,0.11,0.11,0.11,4714000
A50.SI,20110320,0.11,0.11,0.11,0.11,5873000
A50.SI,20110317,0.11,0.11,0.11,0.11,8778000
A50.SI,20110316,0.11,0.11,0.11,0.11,3518000
A50.SI,20110315,0.11,0.11,0.11,0.11,27252000
A50.SI,20110314,0.10,0.11,0.10,0.11,26314000
A50.SI,20110313,0.10,0.11,0.10,0.10,7237000
A50.SI,20110310,0.10,0.11,0.10,0.10,9265000
A50.SI,20110309,0.10,0.11,0.10,0.11,55417000
A50.SI,20110308,0.09,0.10,0.09,0.10,27113000
A50.SI,20110307,0.09,0.09,0.09,0.09,6493000
A50.SI,20110306,0.09,0.10,0.09,0.09,57127000
A50.SI,20110303,0.08,0.08,0.08,0.08,000
A50.SI,20110302,0.08,0.08,0.08,0.08,3710000
A50.SI,20110301,0.08,0.08,0.08,0.08,717000
A50.SI,20110228,0.08,0.08,0.08,0.08,485000
A50.SI,20110227,0.08,0.08,0.08,0.08,1576000
A50.SI,20110224,0.08,0.08,0.08,0.08,1465000
A50.SI,20110223,0.09,0.09,0.07,0.08,3804000
A50.SI,20110222,0.09,0.09,0.09,0.09,1677000
A50.SI,20110221,0.09,0.09,0.09,0.09,4776000
A50.SI,20110220,0.09,0.09,0.09,0.09,3088000
A50.SI,20110217,0.09,0.09,0.09,0.09,1596000
A50.SI,20110216,0.09,0.09,0.09,0.09,1954000
A50.SI,20110215,0.10,0.10,0.09,0.09,3118000
A50.SI,20110214,0.10,0.10,0.09,0.09,2768000
A50.SI,20110213,0.09,0.10,0.09,0.10,20105000
A50.SI,20110210,0.09,0.09,0.08,0.09,2837000
A50.SI,20110209,0.09,0.09,0.09,0.09,3679000
A50.SI,20110208,0.09,0.09,0.08,0.09,4147000
A50.SI,20110207,0.09,0.09,0.09,0.09,5951000
A50.SI,20110206,0.09,0.09,0.09,0.09,5455000
A50.SI,20110203,0.08,0.09,0.08,0.08,10633000
A50.SI,20110202,0.08,0.08,0.08,0.08,7581000
A50.SI,20110201,0.08,0.08,0.07,0.08,2871000
A50.SI,20110131,0.07,0.08,0.07,0.08,8779000
A50.SI,20110130,0.07,0.07,0.06,0.07,2269000
A50.SI,20110127,0.07,0.07,0.07,0.07,4167000
A50.SI,20110126,0.07,0.07,0.07,0.07,1777000
A50.SI,20110125,0.07,0.07,0.07,0.07,1078000
A50.SI,20110124,0.07,0.07,0.07,0.07,000
A50.SI,20110123,0.07,0.07,0.07,0.07,000
A50.SI,20110120,0.07,0.07,0.07,0.07,1102000
A50.SI,20110119,0.07,0.07,0.07,0.07,1626000
A50.SI,20110118,0.07,0.07,0.07,0.07,32813000
A50.SI,20110117,0.06,0.06,0.06,0.06,4927000
A50.SI,20110116,0.06,0.06,0.06,0.06,459000
A50.SI,20110113,0.06,0.06,0.06,0.06,1369000
A50.SI,20110112,0.06,0.07,0.06,0.06,3188000
A50.SI,20110111,0.05,0.06,0.05,0.06,942000
A50.SI,20110110,0.05,0.06,0.05,0.05,486000
A50.SI,20110109,0.06,0.06,0.05,0.05,345000
A50.SI,20110106,0.06,0.06,0.06,0.06,120000
A50.SI,20110105,0.06,0.06,0.06,0.06,220000
A50.SI,20110104,0.06,0.06,0.05,0.06,213000
A50.SI,20110103,0.06,0.06,0.06,0.06,20000
A50.SI,20110102,0.05,0.05,0.05,0.05,000
A50.SI,20101230,0.05,0.05,0.05,0.05,30000
A50.SI,20101229,0.05,0.05,0.05,0.05,000
A50.SI,20101228,0.05,0.05,0.05,0.05,000
A50.SI,20101227,0.05,0.05,0.05,0.05,000
A50.SI,20101226,0.05,0.05,0.05,0.05,000
A50.SI,20101223,0.05,0.05,0.05,0.05,151000
A50.SI,20101222,0.05,0.05,0.05,0.05,000
A50.SI,20101221,0.05,0.05,0.05,0.05,682000
A50.SI,20101220,0.05,0.06,0.05,0.06,342000
A50.SI,20101219,0.05,0.05,0.05,0.05,210000
A50.SI,20101216,0.05,0.06,0.05,0.06,236000
A50.SI,20101215,0.05,0.05,0.05,0.05,19000
A50.SI,20101214,0.05,0.05,0.05,0.05,371000
A50.SI,20101213,0.05,0.06,0.05,0.05,316000
A50.SI,20101212,0.05,0.05,0.05,0.05,000
A50.SI,20101209,0.05,0.06,0.05,0.05,220000
A50.SI,20101208,0.06,0.06,0.06,0.06,115000
A50.SI,20101207,0.05,0.06,0.05,0.06,676000
A50.SI,20101206,0.05,0.05,0.05,0.05,150000
A50.SI,20101205,0.05,0.05,0.05,0.05,000
A50.SI,20101202,0.05,0.05,0.05,0.05,47000
A50.SI,20101201,0.06,0.06,0.05,0.05,178000
A50.SI,20101130,0.06,0.06,0.05,0.05,160000
A50.SI,20101129,0.05,0.05,0.05,0.05,50000
A50.SI,20101128,0.05,0.05,0.05,0.05,298000
A50.SI,20101125,0.06,0.06,0.05,0.05,341000
A50.SI,20101124,0.06,0.06,0.06,0.06,1024000
A50.SI,20101123,0.06,0.06,0.06,0.06,1318000
A50.SI,20101122,0.06,0.06,0.06,0.06,239000
A50.SI,20101121,0.06,0.06,0.06,0.06,50000
A50.SI,20101118,0.06,0.06,0.06,0.06,2000
A50.SI,20101117,0.06,0.08,0.06,0.06,409000
A50.SI,20101115,0.06,0.06,0.06,0.06,70000
A50.SI,20101114,0.06,0.06,0.06,0.06,311000
A50.SI,20101111,0.06,0.06,0.06,0.06,160000
A50.SI,20101110,0.06,0.06,0.06,0.06,100000
A50.SI,20101109,0.06,0.06,0.06,0.06,79000
A50.SI,20101108,0.06,0.06,0.06,0.06,4000
A50.SI,20101104,0.06,0.06,0.06,0.06,104000
A50.SI,20101103,0.06,0.06,0.06,0.06,68000
A50.SI,20101102,0.06,0.06,0.06,0.06,400000
A50.SI,20101101,0.06,0.06,0.06,0.06,250000
A50.SI,20101031,0.06,0.06,0.06,0.06,256000
A50.SI,20101028,0.06,0.06,0.06,0.06,805000
A50.SI,20101025,0.06,0.06,0.06,0.06,120000
A50.SI,20101024,0.06,0.06,0.06,0.06,932000
A50.SI,20101021,0.06,0.06,0.06,0.06,155000
A50.SI,20101020,0.06,0.06,0.06,0.06,100000
A50.SI,20101019,0.06,0.06,0.06,0.06,250000
A50.SI,20101018,0.06,0.06,0.06,0.06,320000
A50.SI,20101017,0.06,0.07,0.06,0.06,4057000
A50.SI,20101014,0.05,0.06,0.05,0.06,3117000
A50.SI,20101013,0.05,0.05,0.05,0.05,150000
A50.SI,20101011,0.05,0.05,0.05,0.05,320000
A50.SI,20101007,0.05,0.05,0.05,0.05,320000
A50.SI,20101006,0.05,0.05,0.05,0.05,1058000
A50.SI,20101005,0.05,0.05,0.05,0.05,2000
A50.SI,20101004,0.05,0.05,0.05,0.05,801000
A50.SI,20101003,0.05,0.05,0.05,0.05,322000
A50.SI,20100930,0.06,0.06,0.05,0.05,480000
A50.SI,20100929,0.05,0.06,0.05,0.06,226000
A50.SI,20100928,0.06,0.06,0.06,0.06,860000
A50.SI,20100927,0.06,0.06,0.06,0.06,846000
A50.SI,20100926,0.06,0.06,0.06,0.06,130000
A50.SI,20100923,0.06,0.06,0.06,0.06,339000
A50.SI,20100922,0.06,0.06,0.06,0.06,650000
A50.SI,20100921,0.06,0.06,0.06,0.06,450000
A50.SI,20100920,0.06,0.06,0.06,0.06,100000
A50.SI,20100919,0.06,0.06,0.06,0.06,1285000
A50.SI,20100916,0.06,0.06,0.06,0.06,300000
A50.SI,20100914,0.06,0.06,0.06,0.06,103000
A50.SI,20100913,0.06,0.06,0.06,0.06,20000
A50.SI,20100908,0.06,0.06,0.06,0.06,201000
A50.SI,20100907,0.06,0.06,0.06,0.06,256000
A50.SI,20100906,0.06,0.06,0.06,0.06,235000
A50.SI,20100905,0.06,0.06,0.06,0.06,447000
A50.SI,20100902,0.06,0.06,0.06,0.06,250000
A50.SI,20100901,0.06,0.06,0.06,0.06,669000
A50.SI,20100831,0.06,0.07,0.06,0.06,1450000
A50.SI,20100829,0.06,0.06,0.06,0.06,100000
A50.SI,20100826,0.06,0.06,0.06,0.06,3880000
A50.SI,20100825,0.06,0.06,0.06,0.06,705000
A50.SI,20100824,0.06,0.06,0.06,0.06,528000
A50.SI,20100823,0.06,0.06,0.06,0.06,638000
A50.SI,20100822,0.06,0.06,0.06,0.06,187000
A50.SI,20100819,0.06,0.06,0.06,0.06,640000
A50.SI,20100818,0.07,0.07,0.06,0.07,3576000
A50.SI,20100817,0.06,0.07,0.06,0.07,2484000
A50.SI,20100816,0.06,0.06,0.06,0.06,392000
A50.SI,20100815,0.06,0.06,0.06,0.06,550000
A50.SI,20100812,0.06,0.06,0.06,0.06,270000
A50.SI,20100811,0.07,0.07,0.06,0.06,1270000
A50.SI,20100810,0.07,0.07,0.07,0.07,2570000
A50.SI,20100808,0.08,0.08,0.07,0.07,1775000
A50.SI,20100805,0.08,0.08,0.08,0.08,1902000
A50.SI,20100804,0.08,0.08,0.08,0.08,1191000
A50.SI,20100803,0.08,0.08,0.08,0.08,605000
A50.SI,20100802,0.08,0.08,0.08,0.08,371000
A50.SI,20100801,0.08,0.08,0.08,0.08,262000
A50.SI,20100729,0.08,0.08,0.08,0.08,160000
A50.SI,20100728,0.08,0.08,0.08,0.08,232000
A50.SI,20100727,0.08,0.08,0.08,0.08,150000
A50.SI,20100726,0.08,0.09,0.08,0.08,638000
A50.SI,20100725,0.08,0.08,0.08,0.08,154000
A50.SI,20100722,0.08,0.09,0.08,0.09,555000
A50.SI,20100721,0.08,0.09,0.08,0.08,524000
A50.SI,20100720,0.08,0.08,0.08,0.08,1258000
A50.SI,20100719,0.08,0.08,0.08,0.08,552000
A50.SI,20100718,0.08,0.08,0.08,0.08,1331000
A50.SI,20100715,0.08,0.09,0.08,0.09,3000
A50.SI,20100714,0.08,0.09,0.08,0.09,110000
A50.SI,20100713,0.09,0.09,0.09,0.09,294000
A50.SI,20100712,0.09,0.09,0.09,0.09,1021000
A50.SI,20100711,0.09,0.09,0.09,0.09,411000
A50.SI,20100708,0.09,0.09,0.09,0.09,348000
A50.SI,20100707,0.09,0.09,0.09,0.09,250000
A50.SI,20100706,0.09,0.09,0.09,0.09,60000
A50.SI,20100705,0.09,0.09,0.09,0.09,952000
A50.SI,20100704,0.09,0.09,0.09,0.09,629000
A50.SI,20100701,0.09,0.09,0.09,0.09,285000
A50.SI,20100630,0.09,0.09,0.09,0.09,2296000
A50.SI,20100629,0.09,0.09,0.09,0.09,130000
A50.SI,20100628,0.09,0.09,0.09,0.09,291000
A50.SI,20100627,0.09,0.09,0.09,0.09,110000
A50.SI,20100624,0.09,0.09,0.09,0.09,157000
A50.SI,20100622,0.09,0.09,0.09,0.09,60000
A50.SI,20100621,0.08,0.09,0.08,0.09,173000
A50.SI,20100620,0.08,0.09,0.08,0.09,23000
A50.SI,20100617,0.09,0.09,0.09,0.09,332000
A50.SI,20100616,0.09,0.09,0.09,0.09,807000
A50.SI,20100615,0.09,0.09,0.09,0.09,722000
A50.SI,20100614,0.09,0.09,0.09,0.09,1256000
A50.SI,20100613,0.09,0.09,0.09,0.09,177000
A50.SI,20100610,0.09,0.09,0.09,0.09,513000
A50.SI,20100609,0.09,0.09,0.09,0.09,214000
A50.SI,20100608,0.09,0.09,0.09,0.09,212000
A50.SI,20100607,0.09,0.09,0.09,0.09,155000
A50.SI,20100606,0.09,0.09,0.09,0.09,442000
A50.SI,20100603,0.09,0.09,0.09,0.09,48000
A50.SI,20100602,0.09,0.09,0.09,0.09,1156000
A50.SI,20100601,0.09,0.09,0.09,0.09,2000
A50.SI,20100531,0.09,0.09,0.09,0.09,55000
A50.SI,20100530,0.09,0.09,0.09,0.09,182000
A50.SI,20100527,0.09,0.09,0.09,0.09,1066000
A50.SI,20100526,0.09,0.09,0.09,0.09,65000
A50.SI,20100525,0.09,0.09,0.09,0.09,220000
A50.SI,20100524,0.09,0.09,0.09,0.09,182000
A50.SI,20100523,0.09,0.09,0.09,0.09,1314000
A50.SI,20100520,0.09,0.09,0.09,0.09,70000
A50.SI,20100519,0.09,0.09,0.09,0.09,21000
A50.SI,20100518,0.09,0.09,0.09,0.09,401000
A50.SI,20100516,0.09,0.10,0.09,0.09,62000
A50.SI,20100513,0.10,0.10,0.10,0.10,230000
A50.SI,20100512,0.10,0.10,0.10,0.10,1604000
A50.SI,20100511,0.10,0.10,0.10,0.10,1753000
A50.SI,20100510,0.09,0.10,0.09,0.10,1866000
A50.SI,20100509,0.09,0.09,0.09,0.09,81000
A50.SI,20100506,0.09,0.09,0.09,0.09,502000
A50.SI,20100505,0.09,0.10,0.09,0.09,121000
A50.SI,20100504,0.09,0.10,0.09,0.09,376000
A50.SI,20100503,0.09,0.09,0.09,0.09,52000
A50.SI,20100429,0.10,0.10,0.09,0.09,223000
A50.SI,20100428,0.10,0.10,0.10,0.10,400000
A50.SI,20100427,0.10,0.10,0.10,0.10,595000
A50.SI,20100426,0.10,0.10,0.10,0.10,648000
A50.SI,20100425,0.10,0.10,0.10,0.10,1088000
A50.SI,20100420,0.10,0.10,0.10,0.10,752000
A50.SI,20100419,0.10,0.10,0.10,0.10,2705000
A50.SI,20100418,0.10,0.10,0.10,0.10,627000
A50.SI,20100415,0.10,0.10,0.10,0.10,1463000
A50.SI,20100414,0.10,0.10,0.10,0.10,448000
A50.SI,20100413,0.10,0.11,0.10,0.10,5836000
A50.SI,20100412,0.10,0.10,0.10,0.10,189000
A50.SI,20100411,0.10,0.10,0.10,0.10,813000
A50.SI,20100408,0.10,0.10,0.10,0.10,590000
A50.SI,20100407,0.10,0.11,0.10,0.11,1157000
A50.SI,20100406,0.10,0.10,0.10,0.10,1518000
A50.SI,20100405,0.10,0.11,0.10,0.10,3417000
A50.SI,20100404,0.10,0.10,0.10,0.10,21000
A50.SI,20100401,0.10,0.10,0.10,0.10,539000
A50.SI,20100331,0.10,0.10,0.10,0.10,180000
A50.SI,20100330,0.10,0.11,0.10,0.10,6786000
A50.SI,20100329,0.09,0.10,0.09,0.10,659000
A50.SI,20100328,0.10,0.10,0.09,0.10,490000
A50.SI,20100325,0.10,0.10,0.10,0.10,696000
A50.SI,20100324,0.10,0.10,0.10,0.10,1425000
A50.SI,20100323,0.10,0.10,0.10,0.10,1214000
A50.SI,20100322,0.10,0.10,0.10,0.10,1036000
A50.SI,20100321,0.09,0.10,0.09,0.10,10940000
A50.SI,20100318,0.09,0.09,0.09,0.09,104000
A50.SI,20100317,0.09,0.09,0.09,0.09,1448000
A50.SI,20100316,0.09,0.09,0.09,0.09,2915000
A50.SI,20100315,0.10,0.10,0.09,0.09,3063000
A50.SI,20100314,0.10,0.10,0.10,0.10,482000
A50.SI,20100311,0.09,0.10,0.09,0.10,1042000
A50.SI,20100310,0.09,0.10,0.09,0.10,365000
A50.SI,20100309,0.10,0.10,0.10,0.10,571000
A50.SI,20100308,0.10,0.10,0.10,0.10,714000
A50.SI,20100307,0.10,0.10,0.10,0.10,754000
A50.SI,20100304,0.10,0.10,0.10,0.10,350000
A50.SI,20100303,0.10,0.10,0.10,0.10,2388000
A50.SI,20100302,0.10,0.10,0.10,0.10,254000
A50.SI,20100301,0.10,0.11,0.10,0.10,3648000
A50.SI,20100228,0.10,0.10,0.10,0.10,305000
A50.SI,20100225,0.10,0.10,0.10,0.10,1407000
A50.SI,20100224,0.10,0.10,0.10,0.10,1977000
A50.SI,20100223,0.10,0.10,0.10,0.10,1617000
A50.SI,20100222,0.11,0.11,0.10,0.10,4749000
A50.SI,20100221,0.11,0.12,0.11,0.11,1367000
A50.SI,20100218,0.11,0.12,0.11,0.11,179000
A50.SI,20100217,0.11,0.12,0.11,0.11,79000
A50.SI,20100216,0.11,0.12,0.11,0.12,1120000
A50.SI,20100215,0.11,0.12,0.11,0.12,3059000
A50.SI,20100214,0.12,0.12,0.12,0.12,1015000
A50.SI,20100211,0.12,0.12,0.11,0.11,1426000
A50.SI,20100210,0.12,0.12,0.12,0.12,1321000
A50.SI,20100209,0.12,0.12,0.12,0.12,687000
A50.SI,20100208,0.12,0.12,0.12,0.12,832000
A50.SI,20100207,0.12,0.12,0.11,0.11,2210000
A50.SI,20100202,0.12,0.12,0.12,0.12,690000
A50.SI,20100201,0.12,0.12,0.12,0.12,347000
A50.SI,20100131,0.12,0.12,0.12,0.12,230000
A50.SI,20100128,0.12,0.12,0.12,0.12,25000
A50.SI,20100127,0.12,0.12,0.12,0.12,983000
A50.SI,20100126,0.12,0.12,0.12,0.12,3635000
A50.SI,20100125,0.12,0.12,0.12,0.12,835000
A50.SI,20100124,0.12,0.12,0.12,0.12,544000
A50.SI,20100121,0.12,0.12,0.12,0.12,1208000
A50.SI,20100120,0.12,0.12,0.12,0.12,8088000
A50.SI,20100119,0.12,0.12,0.12,0.12,917000
A50.SI,20100118,0.12,0.12,0.12,0.12,971000
A50.SI,20100117,0.12,0.12,0.12,0.12,731000
A50.SI,20100114,0.12,0.12,0.12,0.12,700000
A50.SI,20100113,0.12,0.12,0.12,0.12,1670000
A50.SI,20100112,0.12,0.12,0.12,0.12,1233000
A50.SI,20100111,0.12,0.12,0.12,0.12,2116000
A50.SI,20100110,0.12,0.12,0.12,0.12,1500000
A50.SI,20100107,0.13,0.13,0.12,0.12,1642000
A50.SI,20100106,0.12,0.13,0.12,0.13,1906000
A50.SI,20100105,0.12,0.12,0.12,0.12,1267000
A50.SI,20100104,0.12,0.13,0.12,0.12,7064000
A50.SI,20100103,0.12,0.12,0.12,0.12,1068000
