S56.SI,20120605,0.161,0.161,0.158,0.159,213000
S56.SI,20120604,0.17,0.17,0.16,0.16,100000
S56.SI,20120603,0.16,0.16,0.16,0.16,100000
S56.SI,20120531,0.17,0.17,0.17,0.17,11000
S56.SI,20120530,0.17,0.17,0.17,0.17,8000
S56.SI,20120529,0.17,0.17,0.16,0.17,113000
S56.SI,20120528,0.16,0.16,0.16,0.16,72000
S56.SI,20120527,0.17,0.17,0.16,0.16,444000
S56.SI,20120524,0.17,0.17,0.17,0.17,000
S56.SI,20120523,0.17,0.17,0.17,0.17,10000
S56.SI,20120522,0.17,0.17,0.17,0.17,000
S56.SI,20120521,0.17,0.17,0.17,0.17,2000
S56.SI,20120520,0.17,0.17,0.16,0.17,101000
S56.SI,20120517,0.17,0.17,0.16,0.16,300000
S56.SI,20120516,0.18,0.18,0.17,0.17,185000
S56.SI,20120515,0.17,0.17,0.17,0.17,2000
S56.SI,20120514,0.18,0.18,0.18,0.18,7000
S56.SI,20120513,0.18,0.18,0.18,0.18,207000
S56.SI,20120510,0.19,0.19,0.19,0.19,2000
S56.SI,20120509,0.18,0.18,0.18,0.18,2000
S56.SI,20120508,0.17,0.18,0.17,0.18,9000
S56.SI,20120507,0.18,0.18,0.18,0.18,000
S56.SI,20120506,0.18,0.18,0.18,0.18,82000
S56.SI,20120503,0.17,0.19,0.17,0.18,12000
S56.SI,20120502,0.18,0.18,0.18,0.18,000
S56.SI,20120501,0.18,0.18,0.18,0.18,000
S56.SI,20120430,0.19,0.19,0.18,0.18,58000
S56.SI,20120429,0.17,0.17,0.17,0.17,35000
S56.SI,20120426,0.19,0.19,0.19,0.19,000
S56.SI,20120425,0.19,0.19,0.19,0.19,000
S56.SI,20120424,0.19,0.19,0.19,0.19,000
S56.SI,20120423,0.19,0.19,0.19,0.19,000
S56.SI,20120422,0.19,0.19,0.19,0.19,000
S56.SI,20120419,0.19,0.19,0.19,0.19,000
S56.SI,20120418,0.19,0.19,0.19,0.19,28000
S56.SI,20120417,0.17,0.19,0.17,0.19,8000
S56.SI,20120416,0.17,0.19,0.17,0.19,8000
S56.SI,20120415,0.17,0.19,0.17,0.19,21000
S56.SI,20120412,0.17,0.19,0.17,0.17,32000
S56.SI,20120411,0.19,0.19,0.19,0.19,23000
S56.SI,20120410,0.19,0.19,0.19,0.19,11000
S56.SI,20120409,0.19,0.19,0.19,0.19,000
S56.SI,20120408,0.19,0.19,0.19,0.19,000
S56.SI,20120405,0.19,0.19,0.19,0.19,000
S56.SI,20120404,0.19,0.19,0.19,0.19,000
S56.SI,20120403,0.18,0.19,0.17,0.19,8000
S56.SI,20120402,0.17,0.19,0.17,0.19,58000
S56.SI,20120401,0.19,0.19,0.19,0.19,000
S56.SI,20120329,0.19,0.19,0.19,0.19,000
S56.SI,20120328,0.19,0.19,0.19,0.19,000
S56.SI,20120327,0.19,0.19,0.19,0.19,000
S56.SI,20120326,0.19,0.19,0.19,0.19,000
S56.SI,20120325,0.19,0.19,0.19,0.19,2000
S56.SI,20120322,0.18,0.18,0.17,0.17,6000
S56.SI,20120321,0.19,0.19,0.17,0.17,34000
S56.SI,20120320,0.18,0.18,0.18,0.18,10000
S56.SI,20120319,0.18,0.18,0.18,0.18,000
S56.SI,20120318,0.18,0.18,0.18,0.18,16000
S56.SI,20120315,0.18,0.19,0.17,0.18,53000
S56.SI,20120314,0.17,0.17,0.17,0.17,000
S56.SI,20120313,0.17,0.17,0.17,0.17,48000
S56.SI,20120312,0.17,0.17,0.17,0.17,72000
S56.SI,20120311,0.18,0.18,0.18,0.18,000
S56.SI,20120308,0.17,0.18,0.17,0.18,20000
S56.SI,20120307,0.18,0.18,0.18,0.18,000
S56.SI,20120306,0.18,0.18,0.17,0.18,65000
S56.SI,20120305,0.17,0.17,0.17,0.17,6000
S56.SI,20120304,0.18,0.18,0.18,0.18,10000
S56.SI,20120301,0.18,0.18,0.18,0.18,196000
S56.SI,20120229,0.18,0.18,0.18,0.18,163000
S56.SI,20120228,0.19,0.19,0.18,0.18,522000
S56.SI,20120227,0.19,0.19,0.18,0.19,143000
S56.SI,20120226,0.19,0.19,0.19,0.19,153000
S56.SI,20120223,0.19,0.19,0.19,0.19,143000
S56.SI,20120222,0.19,0.19,0.19,0.19,178000
S56.SI,20120221,0.19,0.20,0.19,0.19,574000
S56.SI,20120220,0.19,0.19,0.19,0.19,93000
S56.SI,20120219,0.18,0.19,0.18,0.18,157000
S56.SI,20120216,0.19,0.19,0.18,0.18,25000
S56.SI,20120215,0.19,0.19,0.18,0.18,79000
S56.SI,20120214,0.19,0.19,0.18,0.18,231000
S56.SI,20120213,0.19,0.19,0.19,0.19,000
S56.SI,20120212,0.19,0.19,0.19,0.19,000
S56.SI,20120209,0.19,0.19,0.19,0.19,000
S56.SI,20120208,0.19,0.19,0.19,0.19,53000
S56.SI,20120207,0.18,0.19,0.18,0.19,95000
S56.SI,20120206,0.19,0.19,0.18,0.18,170000
S56.SI,20120205,0.19,0.19,0.18,0.19,402000
S56.SI,20120202,0.19,0.19,0.19,0.19,53000
S56.SI,20120201,0.18,0.19,0.18,0.19,51000
S56.SI,20120131,0.18,0.19,0.18,0.19,332000
S56.SI,20120130,0.18,0.18,0.18,0.18,129000
S56.SI,20120129,0.18,0.18,0.18,0.18,000
S56.SI,20120126,0.18,0.18,0.18,0.18,000
S56.SI,20120125,0.18,0.18,0.18,0.18,62000
S56.SI,20120124,0.18,0.18,0.17,0.18,40000
S56.SI,20120123,0.18,0.18,0.18,0.18,96000
S56.SI,20120122,0.18,0.18,0.17,0.18,425000
S56.SI,20120119,0.18,0.18,0.18,0.18,365000
S56.SI,20120118,0.17,0.18,0.17,0.18,10000
S56.SI,20120117,0.17,0.18,0.17,0.18,35000
S56.SI,20120116,0.18,0.18,0.18,0.18,170000
S56.SI,20120115,0.18,0.18,0.18,0.18,344000
S56.SI,20120112,0.17,0.18,0.17,0.18,296000
S56.SI,20120111,0.17,0.17,0.17,0.17,210000
S56.SI,20120110,0.17,0.17,0.17,0.17,138000
S56.SI,20120109,0.17,0.17,0.17,0.17,10000
S56.SI,20120108,0.17,0.17,0.17,0.17,136000
S56.SI,20120105,0.17,0.17,0.17,0.17,42000
S56.SI,20120104,0.17,0.17,0.17,0.17,84000
S56.SI,20120103,0.16,0.17,0.16,0.17,158000
S56.SI,20120102,0.17,0.17,0.17,0.17,000
S56.SI,20120101,0.17,0.17,0.17,0.17,000
S56.SI,20111229,0.17,0.17,0.17,0.17,168000
S56.SI,20111228,0.16,0.17,0.16,0.17,62000
S56.SI,20111227,0.16,0.17,0.16,0.17,135000
S56.SI,20111226,0.17,0.17,0.17,0.17,000
S56.SI,20111225,0.17,0.17,0.17,0.17,000
S56.SI,20111222,0.17,0.17,0.17,0.17,9000
S56.SI,20111221,0.16,0.16,0.16,0.16,8000
S56.SI,20111220,0.16,0.16,0.16,0.16,13000
S56.SI,20111219,0.16,0.16,0.16,0.16,000
S56.SI,20111218,0.16,0.16,0.16,0.16,17000
S56.SI,20111215,0.16,0.16,0.16,0.16,9000
S56.SI,20111214,0.16,0.16,0.16,0.16,000
S56.SI,20111213,0.16,0.16,0.16,0.16,132000
S56.SI,20111212,0.16,0.17,0.16,0.17,60000
S56.SI,20111211,0.17,0.17,0.17,0.17,000
S56.SI,20111208,0.17,0.17,0.17,0.17,000
S56.SI,20111207,0.17,0.17,0.17,0.17,000
S56.SI,20111206,0.16,0.17,0.16,0.17,5000
S56.SI,20111205,0.16,0.16,0.16,0.16,5000
S56.SI,20111204,0.16,0.16,0.16,0.16,000
S56.SI,20111201,0.16,0.16,0.16,0.16,65000
S56.SI,20111130,0.16,0.16,0.16,0.16,000
S56.SI,20111129,0.16,0.16,0.16,0.16,20000
S56.SI,20111128,0.15,0.16,0.15,0.16,55000
S56.SI,20111127,0.16,0.16,0.16,0.16,62000
S56.SI,20111124,0.16,0.16,0.16,0.16,120000
S56.SI,20111123,0.16,0.16,0.16,0.16,54000
S56.SI,20111122,0.16,0.16,0.16,0.16,000
S56.SI,20111121,0.16,0.16,0.16,0.16,10000
S56.SI,20111120,0.15,0.16,0.15,0.16,38000
S56.SI,20111117,0.16,0.16,0.16,0.16,000
S56.SI,20111116,0.16,0.16,0.15,0.16,50000
S56.SI,20111115,0.16,0.16,0.16,0.16,81000
S56.SI,20111114,0.16,0.16,0.16,0.16,000
S56.SI,20111113,0.17,0.17,0.16,0.16,148000
S56.SI,20111110,0.16,0.16,0.16,0.16,166000
S56.SI,20111109,0.16,0.16,0.16,0.16,000
S56.SI,20111108,0.16,0.16,0.16,0.16,110000
S56.SI,20111107,0.16,0.16,0.16,0.16,67000
S56.SI,20111106,0.16,0.16,0.15,0.16,22000
S56.SI,20111103,0.16,0.16,0.16,0.16,000
S56.SI,20111102,0.16,0.16,0.16,0.16,40000
S56.SI,20111101,0.15,0.16,0.15,0.16,13000
S56.SI,20111031,0.16,0.16,0.16,0.16,000
S56.SI,20111030,0.16,0.16,0.16,0.16,000
S56.SI,20111027,0.16,0.16,0.16,0.16,000
S56.SI,20111026,0.16,0.16,0.16,0.16,000
S56.SI,20111025,0.16,0.16,0.16,0.16,000
S56.SI,20111024,0.16,0.16,0.16,0.16,000
S56.SI,20111023,0.16,0.16,0.16,0.16,000
S56.SI,20111020,0.16,0.16,0.16,0.16,36000
S56.SI,20111019,0.16,0.16,0.16,0.16,129000
S56.SI,20111018,0.16,0.16,0.16,0.16,000
S56.SI,20111017,0.16,0.16,0.16,0.16,000
S56.SI,20111016,0.15,0.16,0.15,0.16,52000
S56.SI,20111013,0.16,0.16,0.16,0.16,000
S56.SI,20111012,0.16,0.16,0.16,0.16,10000
S56.SI,20111011,0.16,0.16,0.16,0.16,000
S56.SI,20111010,0.16,0.16,0.16,0.16,8000
S56.SI,20111009,0.16,0.16,0.16,0.16,000
S56.SI,20111006,0.16,0.16,0.16,0.16,5000
S56.SI,20111005,0.16,0.16,0.16,0.16,000
S56.SI,20111004,0.16,0.16,0.16,0.16,60000
S56.SI,20111003,0.16,0.16,0.16,0.16,000
S56.SI,20111002,0.16,0.16,0.16,0.16,60000
S56.SI,20110929,0.16,0.16,0.16,0.16,61000
S56.SI,20110928,0.16,0.16,0.16,0.16,12000
S56.SI,20110927,0.16,0.16,0.16,0.16,100000
S56.SI,20110926,0.16,0.16,0.16,0.16,220000
S56.SI,20110925,0.16,0.16,0.16,0.16,343000
S56.SI,20110922,0.16,0.16,0.16,0.16,000
S56.SI,20110921,0.16,0.16,0.16,0.16,000
S56.SI,20110920,0.16,0.16,0.16,0.16,000
S56.SI,20110919,0.16,0.16,0.16,0.16,46000
S56.SI,20110918,0.16,0.16,0.16,0.16,43000
S56.SI,20110915,0.16,0.16,0.16,0.16,000
S56.SI,20110914,0.16,0.16,0.16,0.16,42000
S56.SI,20110913,0.16,0.16,0.16,0.16,19000
S56.SI,20110912,0.15,0.16,0.15,0.16,14000
S56.SI,20110911,0.15,0.16,0.15,0.16,99000
S56.SI,20110908,0.16,0.16,0.16,0.16,000
S56.SI,20110907,0.16,0.16,0.16,0.16,000
S56.SI,20110906,0.16,0.16,0.16,0.16,123000
S56.SI,20110905,0.16,0.16,0.16,0.16,000
S56.SI,20110904,0.16,0.16,0.16,0.16,000
S56.SI,20110901,0.16,0.16,0.16,0.16,000
S56.SI,20110831,0.16,0.16,0.16,0.16,40000
S56.SI,20110830,0.16,0.16,0.16,0.16,40000
S56.SI,20110829,0.15,0.16,0.15,0.16,33000
S56.SI,20110828,0.16,0.16,0.16,0.16,79000
S56.SI,20110825,0.16,0.16,0.16,0.16,3000
S56.SI,20110824,0.16,0.16,0.16,0.16,51000
S56.SI,20110823,0.16,0.16,0.16,0.16,50000
S56.SI,20110822,0.16,0.16,0.16,0.16,12000
S56.SI,20110821,0.16,0.16,0.16,0.16,000
S56.SI,20110818,0.16,0.16,0.16,0.16,25000
S56.SI,20110817,0.16,0.16,0.16,0.16,74000
S56.SI,20110816,0.16,0.16,0.16,0.16,000
S56.SI,20110815,0.16,0.16,0.16,0.16,456000
S56.SI,20110814,0.16,0.16,0.16,0.16,000
S56.SI,20110811,0.16,0.16,0.16,0.16,000
S56.SI,20110810,0.16,0.16,0.16,0.16,000
S56.SI,20110809,0.16,0.16,0.16,0.16,10000
S56.SI,20110808,0.16,0.17,0.16,0.16,117000
S56.SI,20110807,0.16,0.17,0.16,0.17,109000
S56.SI,20110804,0.16,0.16,0.16,0.16,136000
S56.SI,20110803,0.14,0.16,0.14,0.16,27000
S56.SI,20110802,0.16,0.16,0.16,0.16,10000
S56.SI,20110801,0.16,0.16,0.16,0.16,60000
S56.SI,20110731,0.16,0.16,0.16,0.16,000
S56.SI,20110728,0.16,0.16,0.16,0.16,318000
S56.SI,20110727,0.15,0.16,0.15,0.16,378000
S56.SI,20110726,0.14,0.14,0.14,0.14,20000
S56.SI,20110725,0.15,0.15,0.15,0.15,000
S56.SI,20110724,0.15,0.15,0.15,0.15,40000
S56.SI,20110721,0.14,0.15,0.14,0.15,181000
S56.SI,20110720,0.15,0.15,0.15,0.15,000
S56.SI,20110719,0.15,0.15,0.15,0.15,000
S56.SI,20110718,0.15,0.15,0.15,0.15,000
S56.SI,20110717,0.14,0.15,0.14,0.15,242000
S56.SI,20110714,0.14,0.14,0.14,0.14,000
S56.SI,20110713,0.14,0.14,0.14,0.14,000
S56.SI,20110712,0.14,0.14,0.14,0.14,000
S56.SI,20110711,0.14,0.14,0.14,0.14,50000
S56.SI,20110710,0.15,0.15,0.15,0.15,2000
S56.SI,20110707,0.14,0.14,0.14,0.14,000
S56.SI,20110706,0.14,0.14,0.14,0.14,000
S56.SI,20110705,0.14,0.14,0.14,0.14,000
S56.SI,20110704,0.14,0.14,0.14,0.14,33000
S56.SI,20110703,0.14,0.14,0.14,0.14,10000
S56.SI,20110630,0.14,0.14,0.14,0.14,51000
S56.SI,20110629,0.14,0.14,0.14,0.14,25000
S56.SI,20110628,0.14,0.14,0.14,0.14,14000
S56.SI,20110627,0.14,0.14,0.14,0.14,000
S56.SI,20110626,0.14,0.14,0.14,0.14,100000
S56.SI,20110623,0.13,0.14,0.13,0.14,18000
S56.SI,20110622,0.13,0.13,0.13,0.13,25000
S56.SI,20110621,0.14,0.14,0.13,0.13,109000
S56.SI,20110620,0.14,0.14,0.14,0.14,115000
S56.SI,20110619,0.13,0.14,0.13,0.14,30000
S56.SI,20110616,0.13,0.13,0.13,0.13,615000
S56.SI,20110615,0.13,0.13,0.13,0.13,000
S56.SI,20110614,0.13,0.13,0.13,0.13,100000
S56.SI,20110613,0.13,0.13,0.13,0.13,26000
S56.SI,20110612,0.14,0.14,0.14,0.14,50000
S56.SI,20110609,0.14,0.14,0.13,0.13,152000
S56.SI,20110608,0.13,0.13,0.13,0.13,52000
S56.SI,20110607,0.14,0.14,0.14,0.14,65000
S56.SI,20110606,0.14,0.14,0.13,0.13,93000
S56.SI,20110605,0.14,0.14,0.14,0.14,93000
S56.SI,20110602,0.14,0.14,0.14,0.14,1000
S56.SI,20110601,0.14,0.14,0.14,0.14,60000
S56.SI,20110531,0.14,0.14,0.14,0.14,11000
S56.SI,20110530,0.14,0.14,0.14,0.14,000
S56.SI,20110529,0.14,0.14,0.14,0.14,10000
S56.SI,20110526,0.14,0.14,0.14,0.14,000
S56.SI,20110525,0.14,0.14,0.14,0.14,000
S56.SI,20110524,0.14,0.14,0.14,0.14,000
S56.SI,20110523,0.14,0.14,0.14,0.14,316000
S56.SI,20110522,0.14,0.14,0.14,0.14,300000
S56.SI,20110519,0.14,0.14,0.14,0.14,27000
S56.SI,20110518,0.15,0.15,0.15,0.15,000
S56.SI,20110517,0.15,0.15,0.15,0.15,000
S56.SI,20110516,0.15,0.15,0.15,0.15,000
S56.SI,20110515,0.15,0.15,0.15,0.15,000
S56.SI,20110512,0.14,0.15,0.14,0.15,15000
S56.SI,20110511,0.15,0.15,0.15,0.15,000
S56.SI,20110510,0.15,0.15,0.15,0.15,17000
S56.SI,20110509,0.15,0.15,0.15,0.15,000
S56.SI,20110508,0.15,0.15,0.15,0.15,000
S56.SI,20110505,0.15,0.15,0.15,0.15,000
S56.SI,20110504,0.15,0.15,0.15,0.15,000
S56.SI,20110503,0.16,0.16,0.15,0.15,97000
S56.SI,20110502,0.16,0.16,0.16,0.16,000
S56.SI,20110501,0.16,0.16,0.16,0.16,000
S56.SI,20110428,0.15,0.16,0.15,0.16,22000
S56.SI,20110427,0.16,0.16,0.15,0.15,150000
S56.SI,20110426,0.16,0.16,0.16,0.16,70000
S56.SI,20110425,0.16,0.16,0.16,0.16,000
S56.SI,20110424,0.16,0.16,0.16,0.16,463000
S56.SI,20110421,0.16,0.16,0.16,0.16,3000
S56.SI,20110420,0.14,0.16,0.14,0.16,5000
S56.SI,20110419,0.16,0.16,0.16,0.16,30000
S56.SI,20110418,0.14,0.16,0.14,0.16,8000
S56.SI,20110417,0.15,0.15,0.15,0.15,4000
S56.SI,20110414,0.15,0.15,0.15,0.15,24000
S56.SI,20110413,0.14,0.14,0.14,0.14,000
S56.SI,20110412,0.14,0.14,0.14,0.14,2000
S56.SI,20110411,0.14,0.14,0.14,0.14,7000
S56.SI,20110410,0.15,0.15,0.15,0.15,000
S56.SI,20110407,0.15,0.15,0.15,0.15,000
S56.SI,20110406,0.15,0.15,0.15,0.15,2000
S56.SI,20110405,0.16,0.16,0.16,0.16,000
S56.SI,20110404,0.16,0.16,0.16,0.16,000
S56.SI,20110403,0.16,0.16,0.16,0.16,000
S56.SI,20110331,0.16,0.16,0.16,0.16,000
S56.SI,20110330,0.16,0.16,0.16,0.16,000
S56.SI,20110329,0.15,0.15,0.15,0.15,4000
S56.SI,20110328,0.15,0.16,0.15,0.16,93000
S56.SI,20110327,0.15,0.15,0.15,0.15,35000
S56.SI,20110324,0.15,0.15,0.15,0.15,000
S56.SI,20110323,0.15,0.15,0.15,0.15,167000
S56.SI,20110322,0.15,0.15,0.15,0.15,100000
S56.SI,20110321,0.15,0.16,0.15,0.15,137000
S56.SI,20110320,0.15,0.15,0.15,0.15,169000
S56.SI,20110317,0.15,0.15,0.15,0.15,12000
S56.SI,20110316,0.15,0.15,0.15,0.15,000
S56.SI,20110315,0.16,0.16,0.15,0.15,42000
S56.SI,20110314,0.16,0.16,0.16,0.16,000
S56.SI,20110313,0.15,0.16,0.15,0.16,41000
S56.SI,20110310,0.15,0.16,0.15,0.16,21000
S56.SI,20110309,0.15,0.15,0.15,0.15,000
S56.SI,20110308,0.15,0.15,0.15,0.15,000
S56.SI,20110307,0.15,0.15,0.15,0.15,110000
S56.SI,20110306,0.15,0.15,0.15,0.15,000
S56.SI,20110303,0.15,0.15,0.15,0.15,000
S56.SI,20110302,0.15,0.15,0.15,0.15,000
S56.SI,20110301,0.14,0.15,0.14,0.15,168000
S56.SI,20110228,0.16,0.16,0.16,0.16,25000
S56.SI,20110227,0.16,0.16,0.16,0.16,64000
S56.SI,20110224,0.16,0.16,0.16,0.16,57000
S56.SI,20110223,0.16,0.17,0.16,0.16,53000
S56.SI,20110222,0.16,0.16,0.16,0.16,000
S56.SI,20110221,0.16,0.16,0.16,0.16,21000
S56.SI,20110220,0.16,0.16,0.16,0.16,000
S56.SI,20110217,0.16,0.17,0.16,0.16,114000
S56.SI,20110216,0.16,0.16,0.16,0.16,000
S56.SI,20110215,0.16,0.16,0.16,0.16,29000
S56.SI,20110214,0.16,0.16,0.16,0.16,000
S56.SI,20110213,0.16,0.16,0.16,0.16,000
S56.SI,20110210,0.16,0.17,0.16,0.16,76000
S56.SI,20110209,0.16,0.16,0.16,0.16,134000
S56.SI,20110208,0.16,0.16,0.16,0.16,248000
S56.SI,20110207,0.16,0.16,0.16,0.16,65000
S56.SI,20110206,0.16,0.16,0.16,0.16,609000
S56.SI,20110203,0.16,0.16,0.16,0.16,32000
S56.SI,20110202,0.16,0.16,0.16,0.16,24000
S56.SI,20110201,0.15,0.16,0.15,0.15,215000
S56.SI,20110131,0.15,0.15,0.15,0.15,217000
S56.SI,20110130,0.15,0.15,0.15,0.15,10000
S56.SI,20110127,0.16,0.16,0.16,0.16,50000
S56.SI,20110126,0.16,0.16,0.16,0.16,43000
S56.SI,20110125,0.16,0.16,0.16,0.16,322000
S56.SI,20110124,0.16,0.16,0.16,0.16,000
S56.SI,20110123,0.16,0.16,0.16,0.16,000
S56.SI,20110120,0.16,0.16,0.16,0.16,9000
S56.SI,20110119,0.15,0.15,0.15,0.15,000
S56.SI,20110118,0.15,0.17,0.15,0.15,107000
S56.SI,20110117,0.16,0.16,0.16,0.16,10000
S56.SI,20110116,0.16,0.16,0.16,0.16,000
S56.SI,20110113,0.16,0.16,0.16,0.16,48000
S56.SI,20110112,0.15,0.15,0.15,0.15,50000
S56.SI,20110111,0.14,0.15,0.14,0.15,20000
S56.SI,20110110,0.14,0.14,0.14,0.14,12000
S56.SI,20110109,0.13,0.14,0.13,0.14,5000
S56.SI,20110106,0.13,0.13,0.13,0.13,000
S56.SI,20110105,0.14,0.14,0.13,0.13,31000
S56.SI,20110104,0.14,0.14,0.14,0.14,000
S56.SI,20110103,0.14,0.14,0.14,0.14,000
S56.SI,20110102,0.14,0.14,0.14,0.14,000
S56.SI,20101230,0.14,0.14,0.14,0.14,000
S56.SI,20101229,0.14,0.14,0.14,0.14,100000
S56.SI,20101228,0.13,0.13,0.13,0.13,25000
S56.SI,20101227,0.13,0.13,0.13,0.13,000
S56.SI,20101226,0.13,0.13,0.13,0.13,000
S56.SI,20101223,0.13,0.13,0.13,0.13,000
S56.SI,20101222,0.13,0.13,0.13,0.13,000
S56.SI,20101221,0.13,0.13,0.13,0.13,000
S56.SI,20101220,0.13,0.13,0.13,0.13,2000
S56.SI,20101219,0.14,0.14,0.14,0.14,000
S56.SI,20101216,0.14,0.14,0.14,0.14,1000
S56.SI,20101215,0.13,0.13,0.13,0.13,6000
S56.SI,20101214,0.13,0.13,0.13,0.13,6000
S56.SI,20101213,0.13,0.13,0.13,0.13,000
S56.SI,20101212,0.13,0.13,0.13,0.13,2000
S56.SI,20101209,0.14,0.14,0.14,0.14,000
S56.SI,20101208,0.14,0.14,0.14,0.14,21000
S56.SI,20101207,0.14,0.14,0.14,0.14,80000
S56.SI,20101206,0.14,0.14,0.14,0.14,000
S56.SI,20101205,0.14,0.14,0.14,0.14,20000
S56.SI,20101202,0.14,0.14,0.14,0.14,000
S56.SI,20101201,0.14,0.14,0.14,0.14,144000
S56.SI,20101130,0.14,0.14,0.14,0.14,12000
S56.SI,20101129,0.14,0.14,0.14,0.14,6000
S56.SI,20101128,0.15,0.15,0.15,0.15,1000
S56.SI,20101125,0.14,0.14,0.14,0.14,36000
S56.SI,20101124,0.14,0.14,0.14,0.14,3000
S56.SI,20101123,0.13,0.14,0.13,0.14,72000
S56.SI,20101122,0.14,0.14,0.14,0.14,12000
S56.SI,20101121,0.16,0.16,0.16,0.16,000
S56.SI,20101118,0.16,0.16,0.16,0.16,000
S56.SI,20101117,0.16,0.16,0.16,0.16,000
S56.SI,20101116,0.16,0.16,0.15,0.16,28000
S56.SI,20101115,0.16,0.16,0.16,0.16,9000
S56.SI,20101114,0.15,0.15,0.15,0.15,24000
S56.SI,20101111,0.15,0.16,0.15,0.16,10000
S56.SI,20101110,0.16,0.16,0.14,0.14,6000
S56.SI,20101108,0.15,0.16,0.15,0.16,74000
S56.SI,20101104,0.14,0.15,0.14,0.15,2000
S56.SI,20101103,0.15,0.15,0.15,0.15,117000
S56.SI,20101102,0.15,0.15,0.15,0.15,9000
S56.SI,20101028,0.15,0.15,0.15,0.15,6000
S56.SI,20101024,0.15,0.15,0.15,0.15,51000
S56.SI,20101021,0.14,0.14,0.14,0.14,12000
S56.SI,20101020,0.14,0.14,0.14,0.14,12000
S56.SI,20101017,0.15,0.15,0.15,0.15,145000
S56.SI,20101013,0.14,0.14,0.14,0.14,18000
S56.SI,20101010,0.14,0.14,0.14,0.14,10000
S56.SI,20101007,0.14,0.15,0.14,0.14,380000
S56.SI,20101006,0.15,0.15,0.14,0.14,941000
S56.SI,20101005,0.15,0.16,0.15,0.15,305000
S56.SI,20101004,0.15,0.15,0.15,0.15,22000
S56.SI,20101003,0.15,0.15,0.15,0.15,35000
S56.SI,20100930,0.16,0.16,0.16,0.16,1000
S56.SI,20100929,0.16,0.16,0.16,0.16,1000
S56.SI,20100923,0.16,0.16,0.15,0.16,66000
S56.SI,20100921,0.16,0.16,0.16,0.16,10000
S56.SI,20100920,0.16,0.16,0.16,0.16,12000
S56.SI,20100916,0.16,0.16,0.16,0.16,270000
S56.SI,20100915,0.16,0.16,0.16,0.16,1159000
S56.SI,20100909,0.17,0.17,0.16,0.16,7000
S56.SI,20100908,0.17,0.17,0.17,0.17,153000
S56.SI,20100905,0.17,0.17,0.17,0.17,3000
S56.SI,20100901,0.17,0.17,0.17,0.17,64000
S56.SI,20100829,0.16,0.17,0.16,0.17,80000
S56.SI,20100826,0.16,0.16,0.16,0.16,2000
S56.SI,20100825,0.17,0.17,0.17,0.17,90000
S56.SI,20100824,0.16,0.17,0.16,0.17,38000
S56.SI,20100823,0.17,0.17,0.17,0.17,144000
S56.SI,20100822,0.17,0.17,0.17,0.17,32000
S56.SI,20100818,0.18,0.18,0.16,0.16,291000
S56.SI,20100816,0.17,0.18,0.17,0.17,50000
S56.SI,20100815,0.18,0.18,0.18,0.18,12000
S56.SI,20100812,0.17,0.17,0.17,0.17,6000
S56.SI,20100811,0.16,0.16,0.16,0.16,6000
S56.SI,20100810,0.17,0.17,0.16,0.17,111000
S56.SI,20100808,0.17,0.17,0.17,0.17,118000
S56.SI,20100805,0.17,0.18,0.17,0.17,269000
S56.SI,20100804,0.18,0.18,0.18,0.18,15000
S56.SI,20100802,0.19,0.19,0.18,0.18,14000
S56.SI,20100727,0.19,0.19,0.19,0.19,25000
S56.SI,20100726,0.18,0.18,0.18,0.18,36000
S56.SI,20100725,0.19,0.19,0.19,0.19,57000
S56.SI,20100721,0.18,0.19,0.18,0.19,39000
S56.SI,20100719,0.18,0.19,0.18,0.19,688000
S56.SI,20100715,0.18,0.19,0.18,0.19,77000
S56.SI,20100714,0.18,0.18,0.18,0.18,50000
S56.SI,20100707,0.18,0.18,0.18,0.18,2000
S56.SI,20100706,0.19,0.19,0.19,0.19,74000
S56.SI,20100701,0.19,0.19,0.19,0.19,92000
S56.SI,20100630,0.19,0.19,0.19,0.19,134000
S56.SI,20100628,0.18,0.19,0.18,0.18,105000
S56.SI,20100624,0.18,0.18,0.18,0.18,314000
S56.SI,20100622,0.18,0.19,0.18,0.19,58000
S56.SI,20100621,0.18,0.18,0.18,0.18,50000
S56.SI,20100620,0.18,0.18,0.18,0.18,26000
S56.SI,20100616,0.19,0.19,0.19,0.19,70000
S56.SI,20100615,0.19,0.19,0.19,0.19,87000
S56.SI,20100613,0.19,0.19,0.19,0.19,50000
S56.SI,20100610,0.19,0.19,0.19,0.19,164000
S56.SI,20100609,0.19,0.19,0.19,0.19,88000
S56.SI,20100608,0.19,0.19,0.19,0.19,100000
S56.SI,20100607,0.19,0.19,0.19,0.19,145000
S56.SI,20100603,0.19,0.19,0.19,0.19,402000
S56.SI,20100602,0.19,0.19,0.19,0.19,24000
S56.SI,20100601,0.19,0.20,0.19,0.20,150000
S56.SI,20100530,0.19,0.19,0.19,0.19,24000
S56.SI,20100527,0.19,0.19,0.19,0.19,45000
S56.SI,20100526,0.19,0.19,0.19,0.19,30000
S56.SI,20100525,0.19,0.19,0.19,0.19,131000
S56.SI,20100524,0.19,0.19,0.19,0.19,16000
S56.SI,20100523,0.19,0.20,0.19,0.20,156000
S56.SI,20100520,0.19,0.19,0.19,0.19,158000
S56.SI,20100519,0.20,0.20,0.19,0.19,136000
S56.SI,20100518,0.20,0.20,0.20,0.20,328000
S56.SI,20100516,0.20,0.20,0.20,0.20,372000
S56.SI,20100510,0.20,0.20,0.20,0.20,27000
S56.SI,20100509,0.20,0.20,0.20,0.20,2000
S56.SI,20100506,0.20,0.20,0.20,0.20,1000
S56.SI,20100505,0.20,0.20,0.20,0.20,236000
S56.SI,20100504,0.21,0.21,0.20,0.20,212000
S56.SI,20100503,0.22,0.22,0.20,0.20,37000
S56.SI,20100429,0.22,0.22,0.21,0.22,300000
S56.SI,20100428,0.22,0.22,0.22,0.22,97000
S56.SI,20100426,0.22,0.22,0.22,0.22,337000
S56.SI,20100425,0.22,0.22,0.22,0.22,34000
S56.SI,20100421,0.22,0.22,0.22,0.22,471000
S56.SI,20100420,0.22,0.22,0.22,0.22,380000
S56.SI,20100419,0.22,0.22,0.22,0.22,4000
S56.SI,20100418,0.22,0.23,0.22,0.22,112000
S56.SI,20100415,0.22,0.22,0.22,0.22,144000
S56.SI,20100414,0.22,0.22,0.22,0.22,400000
S56.SI,20100413,0.22,0.22,0.22,0.22,155000
S56.SI,20100412,0.22,0.22,0.22,0.22,63000
S56.SI,20100411,0.22,0.22,0.22,0.22,160000
S56.SI,20100408,0.22,0.22,0.22,0.22,107000
S56.SI,20100407,0.22,0.22,0.22,0.22,131000
S56.SI,20100406,0.21,0.22,0.21,0.22,222000
S56.SI,20100405,0.21,0.22,0.21,0.21,20000
S56.SI,20100404,0.21,0.22,0.21,0.22,114000
S56.SI,20100401,0.22,0.22,0.22,0.22,80000
S56.SI,20100331,0.22,0.22,0.21,0.21,35000
S56.SI,20100330,0.22,0.22,0.22,0.22,3000
S56.SI,20100329,0.20,0.22,0.20,0.22,10000
S56.SI,20100325,0.21,0.21,0.21,0.21,20000
S56.SI,20100324,0.20,0.21,0.20,0.21,238000
S56.SI,20100323,0.21,0.21,0.20,0.20,104000
S56.SI,20100322,0.20,0.21,0.19,0.21,15000
S56.SI,20100321,0.20,0.20,0.20,0.20,197000
S56.SI,20100317,0.20,0.20,0.20,0.20,210000
S56.SI,20100316,0.20,0.20,0.20,0.20,39000
S56.SI,20100315,0.20,0.20,0.20,0.20,185000
S56.SI,20100311,0.21,0.22,0.21,0.21,458000
S56.SI,20100310,0.22,0.22,0.21,0.21,187000
S56.SI,20100309,0.22,0.22,0.22,0.22,47000
S56.SI,20100308,0.22,0.22,0.22,0.22,108000
S56.SI,20100307,0.22,0.22,0.22,0.22,220000
S56.SI,20100304,0.22,0.22,0.22,0.22,40000
S56.SI,20100303,0.22,0.22,0.22,0.22,41000
S56.SI,20100302,0.22,0.22,0.22,0.22,160000
S56.SI,20100301,0.22,0.22,0.22,0.22,88000
S56.SI,20100228,0.22,0.22,0.22,0.22,20000
S56.SI,20100224,0.22,0.22,0.21,0.22,138000
S56.SI,20100223,0.22,0.22,0.22,0.22,60000
S56.SI,20100222,0.22,0.22,0.22,0.22,3000
S56.SI,20100221,0.21,0.23,0.21,0.23,17000
S56.SI,20100217,0.23,0.23,0.23,0.23,50000
S56.SI,20100216,0.22,0.23,0.22,0.23,29000
S56.SI,20100215,0.22,0.22,0.22,0.22,130000
S56.SI,20100211,0.22,0.22,0.22,0.22,4000
S56.SI,20100210,0.23,0.23,0.22,0.22,142000
S56.SI,20100209,0.23,0.23,0.23,0.23,50000
S56.SI,20100207,0.24,0.24,0.24,0.24,12000
S56.SI,20100201,0.23,0.25,0.23,0.25,14000
S56.SI,20100131,0.23,0.24,0.23,0.24,42000
S56.SI,20100128,0.23,0.23,0.23,0.23,100000
S56.SI,20100127,0.23,0.23,0.23,0.23,50000
S56.SI,20100126,0.23,0.23,0.23,0.23,55000
S56.SI,20100125,0.23,0.23,0.23,0.23,14000
S56.SI,20100124,0.24,0.25,0.23,0.23,111000
S56.SI,20100121,0.23,0.24,0.23,0.24,98000
S56.SI,20100120,0.25,0.25,0.24,0.24,293000
S56.SI,20100119,0.24,0.25,0.24,0.25,52000
S56.SI,20100118,0.25,0.25,0.25,0.25,100000
S56.SI,20100117,0.25,0.25,0.25,0.25,177000
S56.SI,20100114,0.25,0.25,0.25,0.25,174000
S56.SI,20100113,0.25,0.25,0.25,0.25,6000
S56.SI,20100112,0.25,0.25,0.25,0.25,141000
S56.SI,20100111,0.25,0.25,0.25,0.25,70000
S56.SI,20100110,0.25,0.25,0.25,0.25,285000
S56.SI,20100107,0.25,0.25,0.25,0.25,228000
S56.SI,20100106,0.25,0.25,0.25,0.25,223000
S56.SI,20100105,0.25,0.25,0.25,0.25,58000
S56.SI,20100104,0.25,0.25,0.24,0.25,240000
S56.SI,20100103,0.24,0.24,0.24,0.24,96000
