T20.SI,20120605,0.024,0.024,0.023,0.023,700000
T20.SI,20120604,0.02,0.02,0.02,0.02,1200000
T20.SI,20120603,0.02,0.02,0.02,0.02,262000
T20.SI,20120531,0.02,0.02,0.02,0.02,50000
T20.SI,20120530,0.02,0.03,0.02,0.03,4991000
T20.SI,20120529,0.03,0.03,0.03,0.03,000
T20.SI,20120528,0.03,0.03,0.03,0.03,000
T20.SI,20120527,0.03,0.03,0.03,0.03,000
T20.SI,20120524,0.03,0.03,0.03,0.03,000
T20.SI,20120523,0.03,0.03,0.03,0.03,2563000
T20.SI,20120522,0.03,0.03,0.03,0.03,4330000
T20.SI,20120521,0.03,0.03,0.03,0.03,000
T20.SI,20120520,0.03,0.03,0.03,0.03,000
T20.SI,20120517,0.03,0.03,0.03,0.03,860000
T20.SI,20120516,0.03,0.03,0.03,0.03,1188000
T20.SI,20120515,0.03,0.03,0.03,0.03,689000
T20.SI,20120514,0.03,0.03,0.03,0.03,180000
T20.SI,20120513,0.03,0.03,0.03,0.03,561000
T20.SI,20120510,0.03,0.03,0.03,0.03,350000
T20.SI,20120509,0.03,0.03,0.03,0.03,3021000
T20.SI,20120508,0.03,0.03,0.03,0.03,3706000
T20.SI,20120507,0.03,0.03,0.03,0.03,3676000
T20.SI,20120506,0.03,0.03,0.03,0.03,2405000
T20.SI,20120503,0.03,0.03,0.03,0.03,2582000
T20.SI,20120502,0.03,0.03,0.03,0.03,797000
T20.SI,20120501,0.03,0.03,0.03,0.03,000
T20.SI,20120430,0.03,0.03,0.03,0.03,000
T20.SI,20120429,0.03,0.03,0.03,0.03,000
T20.SI,20120426,0.03,0.03,0.03,0.03,40000
T20.SI,20120425,0.03,0.03,0.03,0.03,1221000
T20.SI,20120424,0.03,0.03,0.03,0.03,1400000
T20.SI,20120423,0.03,0.03,0.03,0.03,000
T20.SI,20120422,0.03,0.03,0.03,0.03,91000
T20.SI,20120419,0.03,0.03,0.03,0.03,150000
T20.SI,20120418,0.03,0.03,0.03,0.03,201000
T20.SI,20120417,0.03,0.03,0.03,0.03,280000
T20.SI,20120416,0.03,0.03,0.03,0.03,1456000
T20.SI,20120415,0.03,0.03,0.03,0.03,10000
T20.SI,20120412,0.03,0.03,0.03,0.03,420000
T20.SI,20120411,0.03,0.03,0.03,0.03,743000
T20.SI,20120410,0.03,0.03,0.03,0.03,850000
T20.SI,20120409,0.03,0.03,0.03,0.03,2016000
T20.SI,20120408,0.03,0.03,0.03,0.03,2478000
T20.SI,20120405,0.03,0.03,0.03,0.03,1741000
T20.SI,20120404,0.03,0.03,0.03,0.03,3794000
T20.SI,20120403,0.03,0.03,0.03,0.03,5905000
T20.SI,20120402,0.03,0.03,0.03,0.03,13778000
T20.SI,20120401,0.03,0.03,0.03,0.03,236000
T20.SI,20120329,0.03,0.03,0.03,0.03,000
T20.SI,20120328,0.03,0.03,0.03,0.03,000
T20.SI,20120327,0.03,0.03,0.03,0.03,1221000
T20.SI,20120326,0.03,0.03,0.03,0.03,2717000
T20.SI,20120325,0.03,0.03,0.03,0.03,13178000
T20.SI,20120322,0.03,0.03,0.03,0.03,258000
T20.SI,20120321,0.03,0.03,0.03,0.03,500000
T20.SI,20120320,0.03,0.03,0.03,0.03,5813000
T20.SI,20120319,0.03,0.03,0.03,0.03,1159000
T20.SI,20120318,0.03,0.03,0.02,0.02,600000
T20.SI,20120315,0.03,0.03,0.03,0.03,910000
T20.SI,20120314,0.02,0.03,0.02,0.03,2436000
T20.SI,20120313,0.03,0.03,0.02,0.02,280000
T20.SI,20120312,0.02,0.03,0.02,0.03,1129000
T20.SI,20120311,0.03,0.03,0.02,0.02,1602000
T20.SI,20120308,0.03,0.03,0.02,0.02,6766000
T20.SI,20120307,0.03,0.03,0.03,0.03,2370000
T20.SI,20120306,0.03,0.03,0.03,0.03,1950000
T20.SI,20120305,0.03,0.03,0.03,0.03,2325000
T20.SI,20120304,0.03,0.03,0.03,0.03,9861000
T20.SI,20120301,0.03,0.03,0.03,0.03,6621000
T20.SI,20120229,0.04,0.04,0.03,0.04,24988000
T20.SI,20120228,0.03,0.03,0.03,0.03,28427000
T20.SI,20120227,0.03,0.03,0.03,0.03,000
T20.SI,20120226,0.03,0.03,0.03,0.03,815000
T20.SI,20120223,0.03,0.03,0.03,0.03,1240000
T20.SI,20120222,0.03,0.03,0.03,0.03,2003000
T20.SI,20120221,0.03,0.03,0.03,0.03,1703000
T20.SI,20120220,0.03,0.03,0.03,0.03,331000
T20.SI,20120219,0.03,0.03,0.03,0.03,1665000
T20.SI,20120216,0.03,0.03,0.03,0.03,3870000
T20.SI,20120215,0.03,0.03,0.03,0.03,24621000
T20.SI,20120214,0.03,0.03,0.03,0.03,13201000
T20.SI,20120213,0.03,0.03,0.03,0.03,000
T20.SI,20120212,0.03,0.03,0.03,0.03,000
T20.SI,20120209,0.03,0.03,0.03,0.03,1335000
T20.SI,20120208,0.03,0.03,0.03,0.03,860000
T20.SI,20120207,0.03,0.03,0.03,0.03,150000
T20.SI,20120206,0.03,0.03,0.03,0.03,693000
T20.SI,20120205,0.03,0.03,0.03,0.03,662000
T20.SI,20120202,0.03,0.03,0.03,0.03,800000
T20.SI,20120201,0.03,0.03,0.03,0.03,70000
T20.SI,20120131,0.03,0.03,0.03,0.03,500000
T20.SI,20120130,0.03,0.03,0.03,0.03,800000
T20.SI,20120129,0.03,0.03,0.03,0.03,602000
T20.SI,20120126,0.03,0.03,0.03,0.03,1299000
T20.SI,20120125,0.03,0.03,0.03,0.03,2328000
T20.SI,20120124,0.03,0.03,0.03,0.03,1173000
T20.SI,20120123,0.03,0.03,0.03,0.03,540000
T20.SI,20120122,0.03,0.03,0.03,0.03,1976000
T20.SI,20120119,0.03,0.03,0.03,0.03,1073000
T20.SI,20120118,0.03,0.03,0.03,0.03,42832000
T20.SI,20120117,0.03,0.03,0.03,0.03,692000
T20.SI,20120116,0.03,0.03,0.03,0.03,3110000
T20.SI,20120115,0.03,0.03,0.03,0.03,440000
T20.SI,20120112,0.03,0.03,0.03,0.03,673000
T20.SI,20120111,0.03,0.03,0.03,0.03,1160000
T20.SI,20120110,0.03,0.03,0.03,0.03,5000
T20.SI,20120109,0.03,0.03,0.03,0.03,1857000
T20.SI,20120108,0.03,0.03,0.03,0.03,24913000
T20.SI,20120105,0.03,0.03,0.03,0.03,1348000
T20.SI,20120104,0.03,0.03,0.02,0.03,1353000
T20.SI,20120103,0.02,0.03,0.02,0.02,3315000
T20.SI,20120102,0.02,0.02,0.02,0.02,000
T20.SI,20120101,0.02,0.02,0.02,0.02,000
T20.SI,20111229,0.02,0.02,0.02,0.02,2215000
T20.SI,20111228,0.02,0.02,0.02,0.02,2394000
T20.SI,20111227,0.02,0.03,0.02,0.02,1355000
T20.SI,20111226,0.02,0.02,0.02,0.02,000
T20.SI,20111225,0.02,0.02,0.02,0.02,000
T20.SI,20111222,0.02,0.02,0.02,0.02,1225000
T20.SI,20111221,0.02,0.02,0.02,0.02,852000
T20.SI,20111220,0.02,0.03,0.02,0.03,24065000
T20.SI,20111219,0.02,0.02,0.02,0.02,251000
T20.SI,20111218,0.02,0.02,0.02,0.02,899000
T20.SI,20111215,0.02,0.02,0.02,0.02,2343000
T20.SI,20111214,0.02,0.02,0.02,0.02,200000
T20.SI,20111213,0.02,0.02,0.02,0.02,540000
T20.SI,20111212,0.02,0.02,0.02,0.02,841000
T20.SI,20111211,0.02,0.02,0.02,0.02,5326000
T20.SI,20111208,0.02,0.02,0.02,0.02,400000
T20.SI,20111207,0.02,0.02,0.02,0.02,000
T20.SI,20111206,0.02,0.02,0.02,0.02,50000
T20.SI,20111205,0.02,0.02,0.02,0.02,1150000
T20.SI,20111204,0.02,0.02,0.02,0.02,3386000
T20.SI,20111201,0.02,0.02,0.02,0.02,4000
T20.SI,20111130,0.02,0.02,0.02,0.02,000
T20.SI,20111129,0.02,0.02,0.02,0.02,401000
T20.SI,20111128,0.03,0.03,0.02,0.02,2430000
T20.SI,20111127,0.02,0.02,0.02,0.02,2845000
T20.SI,20111124,0.02,0.02,0.02,0.02,820000
T20.SI,20111123,0.02,0.02,0.02,0.02,570000
T20.SI,20111122,0.02,0.02,0.02,0.02,000
T20.SI,20111121,0.02,0.02,0.02,0.02,909000
T20.SI,20111120,0.02,0.02,0.02,0.02,1000000
T20.SI,20111117,0.02,0.02,0.02,0.02,41000
T20.SI,20111116,0.02,0.02,0.02,0.02,200000
T20.SI,20111115,0.02,0.02,0.02,0.02,599000
T20.SI,20111114,0.02,0.02,0.02,0.02,000
T20.SI,20111113,0.02,0.02,0.02,0.02,200000
T20.SI,20111110,0.02,0.02,0.02,0.02,750000
T20.SI,20111109,0.02,0.02,0.02,0.02,831000
T20.SI,20111108,0.02,0.02,0.02,0.02,730000
T20.SI,20111107,0.02,0.02,0.02,0.02,148000
T20.SI,20111106,0.02,0.02,0.02,0.02,839000
T20.SI,20111103,0.02,0.02,0.02,0.02,437000
T20.SI,20111102,0.02,0.03,0.02,0.02,17074000
T20.SI,20111101,0.02,0.02,0.02,0.02,501000
T20.SI,20111031,0.02,0.02,0.02,0.02,000
T20.SI,20111030,0.02,0.02,0.02,0.02,785000
T20.SI,20111027,0.02,0.02,0.02,0.02,000
T20.SI,20111026,0.02,0.02,0.02,0.02,000
T20.SI,20111025,0.02,0.02,0.02,0.02,000
T20.SI,20111024,0.02,0.02,0.02,0.02,000
T20.SI,20111023,0.02,0.02,0.02,0.02,400000
T20.SI,20111020,0.02,0.02,0.02,0.02,000
T20.SI,20111019,0.02,0.02,0.02,0.02,100000
T20.SI,20111018,0.02,0.02,0.02,0.02,500000
T20.SI,20111017,0.02,0.02,0.02,0.02,27000
T20.SI,20111016,0.02,0.02,0.02,0.02,000
T20.SI,20111013,0.02,0.02,0.02,0.02,000
T20.SI,20111012,0.02,0.02,0.02,0.02,24000
T20.SI,20111011,0.02,0.02,0.02,0.02,000
T20.SI,20111010,0.02,0.02,0.02,0.02,000
T20.SI,20111009,0.02,0.02,0.02,0.02,300000
T20.SI,20111006,0.02,0.02,0.02,0.02,300000
T20.SI,20111005,0.02,0.02,0.02,0.02,480000
T20.SI,20111004,0.02,0.02,0.02,0.02,300000
T20.SI,20111003,0.02,0.02,0.02,0.02,320000
T20.SI,20111002,0.02,0.02,0.02,0.02,305000
T20.SI,20110929,0.02,0.02,0.02,0.02,000
T20.SI,20110928,0.02,0.02,0.02,0.02,000
T20.SI,20110927,0.02,0.02,0.02,0.02,000
T20.SI,20110926,0.02,0.02,0.02,0.02,000
T20.SI,20110925,0.02,0.02,0.02,0.02,20000
T20.SI,20110922,0.02,0.02,0.02,0.02,1706000
T20.SI,20110921,0.02,0.02,0.02,0.02,000
T20.SI,20110920,0.02,0.02,0.02,0.02,901000
T20.SI,20110919,0.02,0.02,0.02,0.02,1259000
T20.SI,20110918,0.02,0.02,0.02,0.02,500000
T20.SI,20110915,0.02,0.02,0.02,0.02,320000
T20.SI,20110914,0.02,0.02,0.02,0.02,669000
T20.SI,20110913,0.02,0.02,0.02,0.02,1000
T20.SI,20110912,0.02,0.02,0.02,0.02,301000
T20.SI,20110911,0.02,0.02,0.02,0.02,2482000
T20.SI,20110908,0.02,0.02,0.02,0.02,1401000
T20.SI,20110907,0.02,0.02,0.02,0.02,000
T20.SI,20110906,0.02,0.02,0.02,0.02,000
T20.SI,20110905,0.02,0.02,0.02,0.02,000
T20.SI,20110904,0.02,0.02,0.02,0.02,700000
T20.SI,20110901,0.02,0.02,0.02,0.02,712000
T20.SI,20110831,0.02,0.02,0.02,0.02,000
T20.SI,20110830,0.02,0.02,0.02,0.02,000
T20.SI,20110829,0.02,0.02,0.02,0.02,000
T20.SI,20110828,0.02,0.02,0.02,0.02,000
T20.SI,20110825,0.02,0.02,0.02,0.02,1301000
T20.SI,20110824,0.02,0.02,0.02,0.02,20000
T20.SI,20110823,0.02,0.02,0.02,0.02,419000
T20.SI,20110822,0.02,0.02,0.02,0.02,000
T20.SI,20110821,0.02,0.02,0.02,0.02,000
T20.SI,20110818,0.02,0.02,0.02,0.02,1299000
T20.SI,20110817,0.02,0.02,0.02,0.02,10000
T20.SI,20110816,0.02,0.02,0.02,0.02,000
T20.SI,20110815,0.02,0.02,0.02,0.02,100000
T20.SI,20110814,0.02,0.02,0.02,0.02,465000
T20.SI,20110811,0.02,0.02,0.02,0.02,1160000
T20.SI,20110810,0.03,0.03,0.03,0.03,000
T20.SI,20110809,0.03,0.03,0.03,0.03,20000
T20.SI,20110808,0.02,0.02,0.02,0.02,2140000
T20.SI,20110807,0.02,0.02,0.02,0.02,60000
T20.SI,20110804,0.02,0.02,0.02,0.02,000
T20.SI,20110803,0.02,0.02,0.02,0.02,400000
T20.SI,20110802,0.02,0.02,0.02,0.02,000
T20.SI,20110801,0.02,0.02,0.02,0.02,420000
T20.SI,20110731,0.02,0.02,0.02,0.02,8000
T20.SI,20110728,0.02,0.02,0.02,0.02,101000
T20.SI,20110727,0.02,0.02,0.02,0.02,300000
T20.SI,20110726,0.02,0.02,0.02,0.02,1200000
T20.SI,20110725,0.02,0.02,0.02,0.02,300000
T20.SI,20110724,0.02,0.02,0.02,0.02,8000
T20.SI,20110721,0.02,0.02,0.02,0.02,000
T20.SI,20110720,0.02,0.02,0.02,0.02,150000
T20.SI,20110719,0.02,0.02,0.02,0.02,150000
T20.SI,20110718,0.02,0.02,0.02,0.02,278000
T20.SI,20110717,0.02,0.02,0.02,0.02,50000
T20.SI,20110714,0.02,0.02,0.02,0.02,150000
T20.SI,20110713,0.02,0.02,0.02,0.02,250000
T20.SI,20110712,0.02,0.02,0.02,0.02,000
T20.SI,20110711,0.03,0.03,0.02,0.02,620000
T20.SI,20110710,0.02,0.02,0.02,0.02,120000
T20.SI,20110707,0.02,0.02,0.02,0.02,000
T20.SI,20110706,0.02,0.02,0.02,0.02,000
T20.SI,20110705,0.02,0.02,0.02,0.02,218000
T20.SI,20110704,0.02,0.02,0.02,0.02,000
T20.SI,20110703,0.02,0.02,0.02,0.02,200000
T20.SI,20110630,0.02,0.02,0.02,0.02,320000
T20.SI,20110629,0.02,0.02,0.02,0.02,000
T20.SI,20110628,0.02,0.02,0.02,0.02,50000
T20.SI,20110627,0.02,0.02,0.02,0.02,50000
T20.SI,20110626,0.02,0.02,0.02,0.02,100000
T20.SI,20110623,0.02,0.02,0.02,0.02,000
T20.SI,20110622,0.02,0.02,0.02,0.02,250000
T20.SI,20110621,0.02,0.02,0.02,0.02,000
T20.SI,20110620,0.02,0.02,0.02,0.02,200000
T20.SI,20110619,0.02,0.02,0.02,0.02,000
T20.SI,20110616,0.02,0.02,0.02,0.02,000
T20.SI,20110615,0.02,0.02,0.02,0.02,100000
T20.SI,20110614,0.02,0.02,0.02,0.02,000
T20.SI,20110613,0.02,0.02,0.02,0.02,000
T20.SI,20110612,0.02,0.02,0.02,0.02,169000
T20.SI,20110609,0.02,0.02,0.02,0.02,500000
T20.SI,20110608,0.02,0.02,0.02,0.02,000
T20.SI,20110607,0.02,0.02,0.02,0.02,000
T20.SI,20110606,0.02,0.02,0.02,0.02,000
T20.SI,20110605,0.02,0.02,0.02,0.02,500000
T20.SI,20110602,0.02,0.02,0.02,0.02,1015000
T20.SI,20110601,0.02,0.02,0.02,0.02,1000000
T20.SI,20110531,0.02,0.02,0.02,0.02,000
T20.SI,20110530,0.02,0.02,0.02,0.02,50000
T20.SI,20110529,0.02,0.02,0.02,0.02,500000
T20.SI,20110526,0.02,0.02,0.02,0.02,1815000
T20.SI,20110525,0.02,0.02,0.02,0.02,3036000
T20.SI,20110524,0.02,0.02,0.02,0.02,1370000
T20.SI,20110523,0.02,0.02,0.02,0.02,930000
T20.SI,20110522,0.02,0.02,0.02,0.02,2043000
T20.SI,20110519,0.02,0.02,0.02,0.02,2904000
T20.SI,20110518,0.02,0.02,0.02,0.02,3315000
T20.SI,20110517,0.03,0.03,0.02,0.02,2046000
T20.SI,20110516,0.02,0.03,0.02,0.02,840000
T20.SI,20110515,0.03,0.03,0.02,0.02,4010000
T20.SI,20110512,0.02,0.02,0.02,0.02,755000
T20.SI,20110511,0.02,0.03,0.02,0.03,3888000
T20.SI,20110510,0.02,0.04,0.02,0.03,16496000
T20.SI,20110509,0.02,0.02,0.02,0.02,380000
T20.SI,20110508,0.02,0.02,0.02,0.02,599000
T20.SI,20110505,0.03,0.03,0.03,0.03,330000
T20.SI,20110504,0.03,0.03,0.03,0.03,410000
T20.SI,20110503,0.03,0.03,0.03,0.03,100000
T20.SI,20110502,0.02,0.02,0.02,0.02,000
T20.SI,20110501,0.02,0.02,0.02,0.02,000
T20.SI,20110428,0.02,0.02,0.02,0.02,1375000
T20.SI,20110427,0.03,0.03,0.03,0.03,2684000
T20.SI,20110426,0.03,0.03,0.03,0.03,11170000
T20.SI,20110425,0.02,0.03,0.02,0.03,430000
T20.SI,20110424,0.02,0.02,0.02,0.02,220000
T20.SI,20110421,0.02,0.02,0.02,0.02,000
T20.SI,20110420,0.02,0.02,0.02,0.02,000
T20.SI,20110419,0.02,0.02,0.02,0.02,000
T20.SI,20110418,0.02,0.02,0.02,0.02,000
T20.SI,20110417,0.02,0.02,0.02,0.02,000
T20.SI,20110414,0.02,0.02,0.02,0.02,000
T20.SI,20110413,0.02,0.02,0.02,0.02,50000
T20.SI,20110412,0.02,0.02,0.02,0.02,000
T20.SI,20110411,0.02,0.02,0.02,0.02,500000
T20.SI,20110410,0.02,0.02,0.02,0.02,000
T20.SI,20110407,0.02,0.02,0.02,0.02,000
T20.SI,20110406,0.02,0.02,0.02,0.02,177000
T20.SI,20110405,0.02,0.02,0.02,0.02,2367000
T20.SI,20110404,0.02,0.02,0.02,0.02,000
T20.SI,20110403,0.02,0.02,0.02,0.02,50000
T20.SI,20110331,0.02,0.02,0.02,0.02,20000
T20.SI,20110330,0.02,0.02,0.02,0.02,20000
T20.SI,20110329,0.02,0.02,0.02,0.02,40000
T20.SI,20110328,0.02,0.02,0.02,0.02,000
T20.SI,20110327,0.02,0.02,0.02,0.02,511000
T20.SI,20110324,0.02,0.02,0.02,0.02,1489000
T20.SI,20110323,0.02,0.02,0.02,0.02,1891000
T20.SI,20110322,0.02,0.02,0.02,0.02,600000
T20.SI,20110321,0.02,0.02,0.02,0.02,1100000
T20.SI,20110320,0.02,0.02,0.02,0.02,425000
T20.SI,20110317,0.02,0.02,0.02,0.02,000
T20.SI,20110316,0.02,0.02,0.02,0.02,000
T20.SI,20110315,0.02,0.02,0.02,0.02,100000
T20.SI,20110314,0.02,0.02,0.02,0.02,000
T20.SI,20110313,0.02,0.02,0.02,0.02,000
T20.SI,20110310,0.02,0.02,0.02,0.02,000
T20.SI,20110309,0.02,0.02,0.02,0.02,000
T20.SI,20110308,0.02,0.02,0.02,0.02,000
T20.SI,20110307,0.02,0.02,0.02,0.02,000
T20.SI,20110306,0.02,0.02,0.02,0.02,000
T20.SI,20110303,0.02,0.02,0.02,0.02,750000
T20.SI,20110302,0.02,0.02,0.02,0.02,750000
T20.SI,20110301,0.02,0.02,0.02,0.02,1050000
T20.SI,20110228,0.02,0.02,0.02,0.02,000
T20.SI,20110227,0.02,0.02,0.02,0.02,000
T20.SI,20110224,0.02,0.02,0.02,0.02,600000
T20.SI,20110223,0.02,0.02,0.02,0.02,000
T20.SI,20110222,0.02,0.02,0.02,0.02,100000
T20.SI,20110221,0.03,0.03,0.03,0.03,000
T20.SI,20110220,0.03,0.03,0.03,0.03,200000
T20.SI,20110217,0.03,0.03,0.03,0.03,000
T20.SI,20110216,0.03,0.03,0.03,0.03,12000
T20.SI,20110215,0.03,0.03,0.03,0.03,000
T20.SI,20110214,0.03,0.03,0.03,0.03,000
T20.SI,20110213,0.03,0.03,0.03,0.03,000
T20.SI,20110210,0.03,0.03,0.03,0.03,980000
T20.SI,20110209,0.03,0.03,0.03,0.03,124000
T20.SI,20110208,0.03,0.03,0.03,0.03,300000
T20.SI,20110207,0.03,0.03,0.03,0.03,100000
T20.SI,20110206,0.03,0.03,0.03,0.03,1731000
T20.SI,20110203,0.03,0.03,0.03,0.03,3812000
T20.SI,20110202,0.03,0.03,0.03,0.03,100000
T20.SI,20110201,0.03,0.03,0.02,0.02,520000
T20.SI,20110131,0.02,0.02,0.02,0.02,108000
T20.SI,20110130,0.02,0.02,0.02,0.02,000
T20.SI,20110127,0.02,0.02,0.02,0.02,278000
T20.SI,20110126,0.02,0.02,0.02,0.02,000
T20.SI,20110125,0.02,0.02,0.02,0.02,000
T20.SI,20110124,0.02,0.02,0.02,0.02,000
T20.SI,20110123,0.02,0.02,0.02,0.02,000
T20.SI,20110120,0.02,0.02,0.02,0.02,000
T20.SI,20110119,0.02,0.03,0.02,0.02,251000
T20.SI,20110118,0.02,0.02,0.02,0.02,000
T20.SI,20110117,0.02,0.02,0.02,0.02,101000
T20.SI,20110116,0.02,0.02,0.02,0.02,287000
T20.SI,20110113,0.02,0.02,0.02,0.02,100000
T20.SI,20110112,0.02,0.02,0.02,0.02,870000
T20.SI,20110111,0.02,0.02,0.02,0.02,000
T20.SI,20110110,0.02,0.02,0.02,0.02,500000
T20.SI,20110109,0.02,0.03,0.02,0.02,142568000
T20.SI,20110106,0.02,0.02,0.02,0.02,000
T20.SI,20110105,0.02,0.02,0.02,0.02,000
T20.SI,20110104,0.02,0.02,0.02,0.02,1000000
T20.SI,20110103,0.02,0.02,0.02,0.02,000
T20.SI,20110102,0.02,0.02,0.02,0.02,000
T20.SI,20101230,0.02,0.02,0.02,0.02,000
T20.SI,20101229,0.02,0.02,0.02,0.02,000
T20.SI,20101228,0.02,0.02,0.02,0.02,000
T20.SI,20101227,0.02,0.02,0.02,0.02,000
T20.SI,20101226,0.02,0.02,0.02,0.02,000
T20.SI,20101223,0.02,0.02,0.02,0.02,000
T20.SI,20101222,0.02,0.03,0.02,0.02,386000
T20.SI,20101221,0.02,0.02,0.02,0.02,49000
T20.SI,20101220,0.02,0.02,0.02,0.02,1982000
T20.SI,20101219,0.02,0.02,0.02,0.02,59000
T20.SI,20101216,0.02,0.02,0.02,0.02,121000
T20.SI,20101215,0.02,0.02,0.02,0.02,25000
T20.SI,20101214,0.02,0.02,0.02,0.02,95000
T20.SI,20101213,0.02,0.02,0.02,0.02,233000
T20.SI,20101212,0.02,0.02,0.02,0.02,000
T20.SI,20101209,0.02,0.02,0.02,0.02,1869000
T20.SI,20101208,0.02,0.02,0.02,0.02,2071000
T20.SI,20101207,0.02,0.02,0.02,0.02,1853000
T20.SI,20101206,0.02,0.02,0.02,0.02,4221000
T20.SI,20101205,0.02,0.02,0.02,0.02,398000
T20.SI,20101202,0.02,0.02,0.02,0.02,000
T20.SI,20101201,0.02,0.02,0.02,0.02,40000
T20.SI,20101130,0.03,0.03,0.03,0.03,000
T20.SI,20101129,0.03,0.03,0.03,0.03,000
T20.SI,20101128,0.03,0.03,0.03,0.03,000
T20.SI,20101125,0.03,0.03,0.03,0.03,10000
T20.SI,20101124,0.03,0.03,0.03,0.03,980000
T20.SI,20101123,0.03,0.03,0.02,0.03,419000
T20.SI,20101122,0.03,0.03,0.03,0.03,11000
T20.SI,20101121,0.03,0.03,0.03,0.03,101000
T20.SI,20101118,0.03,0.03,0.03,0.03,1000
T20.SI,20101117,0.03,0.03,0.03,0.03,000
T20.SI,20101116,0.03,0.03,0.03,0.03,300000
T20.SI,20101114,0.03,0.03,0.03,0.03,47000
T20.SI,20101111,0.03,0.03,0.03,0.03,100000
T20.SI,20101110,0.03,0.03,0.03,0.03,140000
T20.SI,20101109,0.03,0.03,0.03,0.03,38000
T20.SI,20101108,0.03,0.03,0.03,0.03,326000
T20.SI,20101104,0.03,0.03,0.03,0.03,700000
T20.SI,20101102,0.03,0.03,0.03,0.03,1500000
T20.SI,20101031,0.03,0.03,0.03,0.03,108000
T20.SI,20101028,0.03,0.03,0.03,0.03,200000
T20.SI,20101027,0.03,0.03,0.03,0.03,986000
T20.SI,20101019,0.03,0.03,0.03,0.03,200000
T20.SI,20101018,0.03,0.03,0.03,0.03,51000
T20.SI,20101017,0.03,0.03,0.03,0.03,2050000
T20.SI,20101013,0.03,0.03,0.03,0.03,1000000
T20.SI,20101011,0.03,0.03,0.03,0.03,1000000
T20.SI,20101010,0.03,0.03,0.03,0.03,1427000
T20.SI,20101007,0.03,0.03,0.03,0.03,1684000
T20.SI,20101006,0.03,0.03,0.03,0.03,840000
T20.SI,20100930,0.03,0.03,0.03,0.03,101000
T20.SI,20100929,0.03,0.03,0.03,0.03,160000
T20.SI,20100928,0.04,0.04,0.04,0.04,1000
T20.SI,20100926,0.03,0.03,0.03,0.03,145000
T20.SI,20100919,0.04,0.04,0.04,0.04,51000
T20.SI,20100915,0.03,0.04,0.03,0.04,101000
T20.SI,20100908,0.04,0.04,0.04,0.04,47000
T20.SI,20100901,0.04,0.04,0.04,0.04,237000
T20.SI,20100823,0.04,0.05,0.04,0.05,47000
T20.SI,20100816,0.04,0.04,0.04,0.04,550000
T20.SI,20100815,0.05,0.05,0.04,0.04,302000
T20.SI,20100805,0.04,0.04,0.04,0.04,51000
T20.SI,20100804,0.04,0.04,0.04,0.04,10000
T20.SI,20100803,0.05,0.05,0.05,0.05,7000
T20.SI,20100801,0.05,0.05,0.05,0.05,1000
T20.SI,20100729,0.04,0.05,0.04,0.05,3000
T20.SI,20100720,0.04,0.04,0.04,0.04,30000
T20.SI,20100715,0.05,0.05,0.05,0.05,45000
T20.SI,20100714,0.05,0.05,0.05,0.05,235000
T20.SI,20100713,0.05,0.05,0.05,0.05,575000
T20.SI,20100712,0.05,0.05,0.05,0.05,432000
T20.SI,20100711,0.05,0.05,0.05,0.05,180000
T20.SI,20100708,0.05,0.05,0.05,0.05,446000
T20.SI,20100706,0.05,0.05,0.05,0.05,210000
T20.SI,20100705,0.06,0.06,0.06,0.06,81000
T20.SI,20100701,0.06,0.06,0.06,0.06,1151000
T20.SI,20100630,0.06,0.06,0.06,0.06,2536000
T20.SI,20100628,0.06,0.06,0.06,0.06,250000
T20.SI,20100622,0.06,0.06,0.06,0.06,1000
T20.SI,20100620,0.06,0.06,0.06,0.06,200000
T20.SI,20100617,0.06,0.06,0.06,0.06,1220000
T20.SI,20100614,0.06,0.06,0.06,0.06,151000
T20.SI,20100613,0.06,0.06,0.06,0.06,20000
T20.SI,20100609,0.06,0.06,0.06,0.06,298000
T20.SI,20100608,0.06,0.06,0.06,0.06,251000
T20.SI,20100607,0.06,0.06,0.06,0.06,10000
T20.SI,20100606,0.06,0.06,0.06,0.06,180000
T20.SI,20100531,0.06,0.06,0.06,0.06,200000
T20.SI,20100526,0.06,0.06,0.06,0.06,200000
T20.SI,20100524,0.07,0.07,0.07,0.07,120000
T20.SI,20100523,0.06,0.06,0.06,0.06,70000
T20.SI,20100519,0.07,0.07,0.07,0.07,50000
T20.SI,20100518,0.07,0.07,0.07,0.07,439000
T20.SI,20100516,0.06,0.06,0.06,0.06,200000
T20.SI,20100513,0.07,0.08,0.07,0.07,64000
T20.SI,20100509,0.07,0.07,0.07,0.07,49000
T20.SI,20100506,0.07,0.07,0.07,0.07,40000
T20.SI,20100505,0.07,0.07,0.07,0.07,189000
T20.SI,20100503,0.08,0.08,0.07,0.07,500000
T20.SI,20100427,0.08,0.08,0.08,0.08,50000
T20.SI,20100426,0.08,0.08,0.08,0.08,1871000
T20.SI,20100415,0.08,0.08,0.08,0.08,1096000
T20.SI,20100413,0.08,0.08,0.08,0.08,80000
T20.SI,20100411,0.08,0.08,0.08,0.08,2518000
T20.SI,20100408,0.09,0.09,0.09,0.09,849000
T20.SI,20100407,0.09,0.09,0.08,0.09,694000
T20.SI,20100406,0.08,0.09,0.08,0.09,496000
T20.SI,20100405,0.08,0.08,0.08,0.08,104000
T20.SI,20100404,0.08,0.08,0.08,0.08,398000
T20.SI,20100401,0.08,0.08,0.08,0.08,3000
T20.SI,20100331,0.08,0.08,0.08,0.08,114000
T20.SI,20100325,0.08,0.08,0.08,0.08,1000
T20.SI,20100324,0.08,0.08,0.08,0.08,100000
T20.SI,20100323,0.08,0.08,0.08,0.08,1000
T20.SI,20100322,0.08,0.08,0.08,0.08,11000
T20.SI,20100321,0.08,0.08,0.08,0.08,150000
T20.SI,20100318,0.08,0.08,0.08,0.08,79000
T20.SI,20100317,0.08,0.08,0.08,0.08,1000
T20.SI,20100316,0.08,0.08,0.08,0.08,300000
T20.SI,20100315,0.08,0.08,0.08,0.08,850000
T20.SI,20100311,0.08,0.08,0.08,0.08,600000
T20.SI,20100310,0.08,0.08,0.08,0.08,100000
T20.SI,20100309,0.08,0.08,0.08,0.08,259000
T20.SI,20100303,0.08,0.08,0.08,0.08,100000
T20.SI,20100302,0.08,0.08,0.08,0.08,301000
T20.SI,20100301,0.08,0.08,0.08,0.08,230000
T20.SI,20100228,0.08,0.09,0.08,0.09,350000
T20.SI,20100225,0.08,0.09,0.08,0.09,301000
T20.SI,20100224,0.08,0.08,0.08,0.08,807000
T20.SI,20100222,0.08,0.08,0.08,0.08,210000
T20.SI,20100217,0.08,0.08,0.08,0.08,350000
T20.SI,20100216,0.08,0.08,0.08,0.08,650000
T20.SI,20100211,0.08,0.08,0.08,0.08,306000
T20.SI,20100210,0.08,0.08,0.08,0.08,500000
T20.SI,20100209,0.09,0.09,0.08,0.08,158000
T20.SI,20100207,0.09,0.09,0.09,0.09,120000
T20.SI,20100202,0.08,0.09,0.08,0.09,438000
T20.SI,20100201,0.08,0.09,0.08,0.09,350000
T20.SI,20100128,0.08,0.08,0.08,0.08,100000
T20.SI,20100127,0.08,0.08,0.08,0.08,122000
T20.SI,20100126,0.08,0.08,0.08,0.08,30000
T20.SI,20100124,0.08,0.08,0.08,0.08,200000
T20.SI,20100121,0.08,0.08,0.08,0.08,60000
T20.SI,20100120,0.08,0.08,0.08,0.08,440000
T20.SI,20100119,0.09,0.09,0.09,0.09,800000
T20.SI,20100118,0.09,0.09,0.09,0.09,100000
T20.SI,20100117,0.09,0.09,0.09,0.09,400000
T20.SI,20100114,0.09,0.09,0.09,0.09,5560000
T20.SI,20100113,0.09,0.09,0.09,0.09,3785000
T20.SI,20100112,0.09,0.09,0.09,0.09,5843000
T20.SI,20100111,0.08,0.09,0.08,0.09,1280000
T20.SI,20100110,0.08,0.08,0.08,0.08,1132000
T20.SI,20100107,0.08,0.08,0.08,0.08,258000
T20.SI,20100106,0.08,0.08,0.08,0.08,872000
T20.SI,20100105,0.08,0.08,0.08,0.08,1109000
T20.SI,20100104,0.08,0.08,0.08,0.08,600000
T20.SI,20100103,0.08,0.08,0.08,0.08,230000
