S07.SI,20120604,14.00,14.00,14.00,14.00,000
S07.SI,20120603,14.22,14.22,14.00,14.00,12000
S07.SI,20120531,14.40,14.50,14.12,14.12,32000
S07.SI,20120530,14.44,14.44,14.44,14.44,000
S07.SI,20120529,14.44,14.44,14.44,14.44,20000
S07.SI,20120528,13.92,13.92,13.92,13.92,000
S07.SI,20120527,13.92,13.92,13.92,13.92,000
S07.SI,20120524,13.92,13.92,13.92,13.92,000
S07.SI,20120523,13.92,13.92,13.92,13.92,4000
S07.SI,20120522,14.50,14.50,14.50,14.50,000
S07.SI,20120521,14.50,14.50,14.50,14.50,4000
S07.SI,20120520,14.50,14.50,14.50,14.50,000
S07.SI,20120517,14.50,14.50,14.50,14.50,000
S07.SI,20120516,14.50,14.50,14.50,14.50,000
S07.SI,20120515,14.52,14.52,14.50,14.50,6000
S07.SI,20120514,14.52,14.52,14.52,14.52,4000
S07.SI,20120513,14.70,14.80,14.70,14.80,8000
S07.SI,20120510,14.70,14.80,14.70,14.80,6000
S07.SI,20120509,14.60,14.60,14.60,14.60,000
S07.SI,20120508,14.60,14.60,14.60,14.60,000
S07.SI,20120507,14.60,14.60,14.60,14.60,000
S07.SI,20120506,14.60,14.60,14.60,14.60,000
S07.SI,20120503,14.60,14.60,14.60,14.60,000
S07.SI,20120502,14.60,14.60,14.60,14.60,000
S07.SI,20120501,14.60,14.60,14.60,14.60,000
S07.SI,20120430,14.60,14.60,14.60,14.60,2000
S07.SI,20120429,14.32,14.32,14.32,14.32,000
S07.SI,20120426,14.32,14.32,14.32,14.32,000
S07.SI,20120425,14.30,14.32,14.30,14.32,34000
S07.SI,20120424,13.82,13.82,13.82,13.82,000
S07.SI,20120423,14.04,14.04,13.82,13.82,18000
S07.SI,20120422,14.18,14.18,14.18,14.18,8000
S07.SI,20120419,13.98,13.98,13.98,13.98,000
S07.SI,20120418,13.98,13.98,13.98,13.98,000
S07.SI,20120417,13.98,13.98,13.98,13.98,000
S07.SI,20120416,14.30,14.30,13.74,13.98,24000
S07.SI,20120415,14.50,14.50,14.50,14.50,4000
S07.SI,20120412,14.50,14.50,14.50,14.50,10000
S07.SI,20120411,14.68,14.68,14.68,14.68,000
S07.SI,20120410,14.68,14.68,14.68,14.68,4000
S07.SI,20120409,14.50,14.50,14.50,14.50,4000
S07.SI,20120408,14.54,14.54,14.38,14.40,26000
S07.SI,20120405,14.30,14.58,14.30,14.58,56000
S07.SI,20120404,15.20,15.20,15.20,15.20,000
S07.SI,20120403,15.20,15.20,15.20,15.20,000
S07.SI,20120402,15.14,15.30,15.14,15.20,18000
S07.SI,20120401,17.52,17.52,17.52,17.52,000
S07.SI,20120329,17.52,17.52,17.52,17.52,000
S07.SI,20120328,17.52,17.52,17.52,17.52,000
S07.SI,20120327,17.52,17.52,17.52,17.52,2000
S07.SI,20120326,17.52,17.52,17.52,17.52,000
S07.SI,20120325,17.52,17.52,17.52,17.52,000
S07.SI,20120322,17.52,17.52,17.52,17.52,000
S07.SI,20120321,17.52,17.52,17.52,17.52,000
S07.SI,20120320,17.52,17.52,17.52,17.52,000
S07.SI,20120319,17.52,17.52,17.52,17.52,000
S07.SI,20120318,17.52,17.52,17.52,17.52,000
S07.SI,20120315,17.52,17.52,17.52,17.52,000
S07.SI,20120314,17.52,17.52,17.52,17.52,000
S07.SI,20120313,17.52,17.52,17.52,17.52,000
S07.SI,20120312,17.52,17.52,17.52,17.52,000
S07.SI,20120311,17.52,17.52,17.52,17.52,000
S07.SI,20120308,17.52,17.52,17.52,17.52,000
S07.SI,20120307,17.52,17.52,17.52,17.52,000
S07.SI,20120306,17.52,17.52,17.52,17.52,000
S07.SI,20120305,17.52,17.52,17.52,17.52,2000
S07.SI,20120304,17.70,17.70,17.70,17.70,10000
S07.SI,20120301,18.04,18.04,18.04,18.04,000
S07.SI,20120229,18.04,18.04,18.04,18.04,000
S07.SI,20120228,18.04,18.04,18.04,18.04,000
S07.SI,20120227,18.04,18.04,18.04,18.04,000
S07.SI,20120226,18.10,18.10,18.04,18.04,4000
S07.SI,20120223,18.52,18.52,18.52,18.52,000
S07.SI,20120222,18.52,18.52,18.52,18.52,000
S07.SI,20120221,18.52,18.52,18.52,18.52,000
S07.SI,20120220,18.52,18.52,18.52,18.52,000
S07.SI,20120219,18.52,18.52,18.52,18.52,000
S07.SI,20120216,18.52,18.52,18.52,18.52,000
S07.SI,20120215,18.52,18.52,18.52,18.52,000
S07.SI,20120214,18.52,18.52,18.52,18.52,000
S07.SI,20120213,18.52,18.52,18.52,18.52,000
S07.SI,20120212,18.52,18.52,18.52,18.52,000
S07.SI,20120209,18.52,18.52,18.52,18.52,000
S07.SI,20120208,18.52,18.52,18.52,18.52,000
S07.SI,20120207,18.52,18.52,18.52,18.52,000
S07.SI,20120206,18.52,18.52,18.52,18.52,000
S07.SI,20120205,18.52,18.52,18.52,18.52,000
S07.SI,20120202,18.52,18.52,18.52,18.52,2000
S07.SI,20120201,18.00,18.00,18.00,18.00,000
S07.SI,20120131,17.84,18.00,17.84,18.00,26000
S07.SI,20120130,16.90,16.90,16.90,16.90,000
S07.SI,20120129,16.90,16.90,16.90,16.90,000
S07.SI,20120126,16.90,16.90,16.90,16.90,000
S07.SI,20120125,16.90,16.90,16.90,16.90,000
S07.SI,20120124,16.90,16.90,16.90,16.90,2000
S07.SI,20120123,16.74,16.74,16.74,16.74,000
S07.SI,20120122,16.74,16.74,16.74,16.74,2000
S07.SI,20120119,16.42,16.48,16.42,16.48,26000
S07.SI,20120118,16.40,16.40,16.40,16.40,2000
S07.SI,20120117,16.60,16.60,16.60,16.60,2000
S07.SI,20120116,16.84,16.84,16.84,16.84,2000
S07.SI,20120115,17.04,17.04,17.04,17.04,000
S07.SI,20120112,17.04,17.04,17.04,17.04,000
S07.SI,20120111,16.90,17.04,16.90,17.04,50000
S07.SI,20120110,16.68,16.80,16.68,16.80,22000
S07.SI,20120109,16.70,16.70,16.70,16.70,000
S07.SI,20120108,16.50,16.70,16.50,16.70,20000
S07.SI,20120105,16.32,16.50,16.32,16.40,16000
S07.SI,20120104,15.96,16.18,15.96,16.18,60000
S07.SI,20120103,15.50,15.60,15.50,15.60,34000
S07.SI,20120102,15.20,15.20,15.20,15.20,000
S07.SI,20120101,15.20,15.20,15.20,15.20,000
S07.SI,20111229,15.20,15.20,15.20,15.20,10000
S07.SI,20111228,15.08,15.08,15.08,15.08,30000
S07.SI,20111227,14.84,14.84,14.84,14.84,10000
S07.SI,20111226,14.94,14.94,14.94,14.94,000
S07.SI,20111225,14.94,14.94,14.94,14.94,000
S07.SI,20111222,14.94,14.94,14.94,14.94,4000
S07.SI,20111221,15.08,15.08,15.08,15.08,000
S07.SI,20111220,15.08,15.08,15.08,15.08,000
S07.SI,20111219,15.08,15.08,15.08,15.08,000
S07.SI,20111218,15.08,15.08,15.08,15.08,000
S07.SI,20111215,15.08,15.08,15.08,15.08,000
S07.SI,20111214,15.08,15.08,15.08,15.08,000
S07.SI,20111213,15.08,15.08,15.08,15.08,000
S07.SI,20111212,15.08,15.08,15.08,15.08,000
S07.SI,20111211,15.08,15.08,15.08,15.08,000
S07.SI,20111208,15.08,15.08,15.08,15.08,000
S07.SI,20111207,15.08,15.08,15.08,15.08,000
S07.SI,20111206,15.08,15.08,15.08,15.08,000
S07.SI,20111205,15.08,15.08,15.08,15.08,000
S07.SI,20111204,15.08,15.08,15.08,15.08,000
S07.SI,20111201,15.08,15.08,15.08,15.08,000
S07.SI,20111130,15.08,15.08,15.08,15.08,000
S07.SI,20111129,15.08,15.08,15.08,15.08,000
S07.SI,20111128,15.08,15.08,15.08,15.08,000
S07.SI,20111127,15.08,15.08,15.08,15.08,2000
S07.SI,20111124,15.00,15.00,15.00,15.00,000
S07.SI,20111123,15.00,15.00,15.00,15.00,000
S07.SI,20111122,15.00,15.00,15.00,15.00,2000
S07.SI,20111121,14.80,14.80,14.80,14.80,000
S07.SI,20111120,14.80,14.80,14.80,14.80,000
S07.SI,20111117,14.80,14.80,14.80,14.80,4000
S07.SI,20111116,15.50,15.50,15.50,15.50,000
S07.SI,20111115,15.50,15.50,15.50,15.50,000
S07.SI,20111114,15.50,15.50,15.50,15.50,000
S07.SI,20111113,15.50,15.50,15.50,15.50,000
S07.SI,20111110,15.50,15.50,15.50,15.50,000
S07.SI,20111109,15.50,15.50,15.50,15.50,000
S07.SI,20111108,15.50,15.50,15.50,15.50,000
S07.SI,20111107,15.50,15.50,15.50,15.50,000
S07.SI,20111106,15.50,15.50,15.50,15.50,000
S07.SI,20111103,15.50,15.50,15.50,15.50,000
S07.SI,20111102,15.50,15.50,15.50,15.50,000
S07.SI,20111101,15.50,15.50,15.50,15.50,000
S07.SI,20111031,15.50,15.50,15.50,15.50,2000
S07.SI,20111030,15.60,15.60,15.60,15.60,000
S07.SI,20111027,15.60,15.60,15.60,15.60,000
S07.SI,20111026,15.60,15.60,15.60,15.60,4000
S07.SI,20111025,15.76,15.76,15.70,15.70,68000
S07.SI,20111024,15.00,15.00,15.00,15.00,000
S07.SI,20111023,15.00,15.00,15.00,15.00,000
S07.SI,20111020,15.00,15.00,15.00,15.00,000
S07.SI,20111019,15.00,15.00,15.00,15.00,000
S07.SI,20111018,15.00,15.00,15.00,15.00,000
S07.SI,20111017,15.00,15.00,15.00,15.00,000
S07.SI,20111016,15.00,15.00,15.00,15.00,000
S07.SI,20111013,15.00,15.00,15.00,15.00,000
S07.SI,20111012,15.00,15.00,15.00,15.00,000
S07.SI,20111011,15.00,15.00,15.00,15.00,000
S07.SI,20111010,15.00,15.00,15.00,15.00,000
S07.SI,20111009,15.00,15.00,15.00,15.00,000
S07.SI,20111006,15.00,15.00,15.00,15.00,12000
S07.SI,20111005,15.30,15.30,15.30,15.30,000
S07.SI,20111004,14.90,15.30,14.90,15.30,6000
S07.SI,20111003,14.70,14.70,14.70,14.70,4000
S07.SI,20111002,14.40,14.40,14.40,14.40,8000
S07.SI,20110929,14.90,14.90,14.90,14.90,000
S07.SI,20110928,14.90,14.90,14.90,14.90,000
S07.SI,20110927,14.90,14.90,14.90,14.90,000
S07.SI,20110926,14.90,14.90,14.90,14.90,000
S07.SI,20110925,14.90,14.90,14.90,14.90,000
S07.SI,20110922,14.90,14.90,14.90,14.90,000
S07.SI,20110921,14.90,14.90,14.90,14.90,2000
S07.SI,20110920,14.90,14.90,14.90,14.90,000
S07.SI,20110919,14.90,14.90,14.90,14.90,4000
S07.SI,20110918,14.00,14.00,14.00,14.00,000
S07.SI,20110915,14.00,14.00,14.00,14.00,000
S07.SI,20110914,14.00,14.00,14.00,14.00,000
S07.SI,20110913,14.00,14.00,14.00,14.00,000
S07.SI,20110912,14.00,14.00,14.00,14.00,000
S07.SI,20110911,14.00,14.00,14.00,14.00,2000
S07.SI,20110908,14.00,14.00,14.00,14.00,000
S07.SI,20110907,14.00,14.00,14.00,14.00,2000
S07.SI,20110906,14.40,14.40,14.40,14.40,000
S07.SI,20110905,14.40,14.40,14.40,14.40,000
S07.SI,20110904,14.40,14.40,14.40,14.40,4000
S07.SI,20110901,14.60,14.60,14.60,14.60,000
S07.SI,20110831,14.60,14.60,14.60,14.60,000
S07.SI,20110830,14.60,14.60,14.60,14.60,000
S07.SI,20110829,14.60,14.60,14.60,14.60,000
S07.SI,20110828,14.60,14.60,14.60,14.60,2000
S07.SI,20110825,13.70,13.70,13.70,13.70,000
S07.SI,20110824,13.70,13.70,13.70,13.70,2000
S07.SI,20110823,14.10,14.10,14.10,14.10,000
S07.SI,20110822,14.10,14.10,14.10,14.10,000
S07.SI,20110821,14.10,14.10,14.10,14.10,000
S07.SI,20110818,14.10,14.10,14.10,14.10,000
S07.SI,20110817,14.40,14.40,14.10,14.10,10000
S07.SI,20110816,14.40,14.40,14.40,14.40,2000
S07.SI,20110815,14.60,14.60,14.60,14.60,000
S07.SI,20110814,14.60,14.60,14.60,14.60,000
S07.SI,20110811,14.82,14.82,14.60,14.60,6000
S07.SI,20110810,14.62,14.62,14.62,14.62,000
S07.SI,20110809,14.62,14.62,14.62,14.62,000
S07.SI,20110808,14.62,14.62,14.62,14.62,000
S07.SI,20110807,14.62,14.62,14.62,14.62,000
S07.SI,20110804,14.62,14.62,14.62,14.62,000
S07.SI,20110803,14.62,14.62,14.62,14.62,000
S07.SI,20110802,14.62,14.62,14.62,14.62,000
S07.SI,20110801,14.62,14.62,14.62,14.62,000
S07.SI,20110731,14.62,14.62,14.62,14.62,000
S07.SI,20110728,14.62,14.62,14.62,14.62,4000
S07.SI,20110727,14.60,14.60,14.60,14.60,000
S07.SI,20110726,14.60,14.60,14.60,14.60,000
S07.SI,20110725,14.60,14.60,14.60,14.60,000
S07.SI,20110724,14.60,14.60,14.60,14.60,2000
S07.SI,20110721,14.80,14.80,14.80,14.80,2000
S07.SI,20110720,15.00,15.00,15.00,15.00,000
S07.SI,20110719,15.00,15.00,15.00,15.00,000
S07.SI,20110718,15.00,15.00,15.00,15.00,2000
S07.SI,20110717,14.90,14.90,14.90,14.90,2000
S07.SI,20110714,14.70,14.70,14.70,14.70,000
S07.SI,20110713,14.70,14.70,14.70,14.70,000
S07.SI,20110712,14.70,14.70,14.70,14.70,000
S07.SI,20110711,14.70,14.70,14.70,14.70,2000
S07.SI,20110710,14.40,14.40,14.40,14.40,000
S07.SI,20110707,14.40,14.40,14.40,14.40,000
S07.SI,20110706,14.40,14.40,14.40,14.40,000
S07.SI,20110705,14.40,14.40,14.40,14.40,000
S07.SI,20110704,14.40,14.40,14.40,14.40,000
S07.SI,20110703,14.40,14.40,14.40,14.40,000
S07.SI,20110630,14.40,14.40,14.40,14.40,000
S07.SI,20110629,14.40,14.40,14.40,14.40,000
S07.SI,20110628,14.40,14.40,14.40,14.40,000
S07.SI,20110627,14.40,14.40,14.40,14.40,000
S07.SI,20110626,14.40,14.40,14.40,14.40,000
S07.SI,20110623,14.40,14.40,14.40,14.40,000
S07.SI,20110622,14.40,14.40,14.40,14.40,000
S07.SI,20110621,14.40,14.40,14.40,14.40,000
S07.SI,20110620,14.40,14.40,14.40,14.40,000
S07.SI,20110619,14.40,14.40,14.40,14.40,000
S07.SI,20110616,14.40,14.40,14.40,14.40,000
S07.SI,20110615,14.40,14.40,14.40,14.40,000
S07.SI,20110614,14.40,14.40,14.40,14.40,000
S07.SI,20110613,14.40,14.40,14.40,14.40,000
S07.SI,20110612,14.40,14.40,14.40,14.40,000
S07.SI,20110609,14.40,14.40,14.40,14.40,000
S07.SI,20110608,14.40,14.40,14.40,14.40,000
S07.SI,20110607,14.40,14.40,14.40,14.40,4000
S07.SI,20110606,14.62,14.62,14.62,14.62,000
S07.SI,20110605,14.64,14.64,14.62,14.62,6000
S07.SI,20110602,15.28,15.28,15.28,15.28,000
S07.SI,20110601,15.28,15.28,15.28,15.28,000
S07.SI,20110531,15.28,15.28,15.28,15.28,000
S07.SI,20110530,15.34,15.34,15.28,15.28,24000
S07.SI,20110529,15.98,15.98,15.98,15.98,000
S07.SI,20110526,15.98,15.98,15.98,15.98,000
S07.SI,20110525,15.98,15.98,15.98,15.98,000
S07.SI,20110524,15.98,15.98,15.98,15.98,000
S07.SI,20110523,15.98,15.98,15.98,15.98,000
S07.SI,20110522,15.98,15.98,15.98,15.98,000
S07.SI,20110519,15.98,15.98,15.98,15.98,000
S07.SI,20110518,16.00,16.00,15.98,15.98,8000
S07.SI,20110517,16.20,16.20,16.20,16.20,000
S07.SI,20110516,16.20,16.20,16.20,16.20,000
S07.SI,20110515,16.20,16.20,16.20,16.20,000
S07.SI,20110512,16.20,16.20,16.20,16.20,000
S07.SI,20110511,16.22,16.22,16.20,16.20,6000
S07.SI,20110510,16.20,16.20,16.20,16.20,6000
S07.SI,20110509,16.20,16.20,16.20,16.20,000
S07.SI,20110508,16.20,16.20,16.20,16.20,2000
S07.SI,20110505,18.40,18.40,18.40,18.40,000
S07.SI,20110504,18.40,18.40,18.40,18.40,000
S07.SI,20110503,18.40,18.40,18.40,18.40,000
S07.SI,20110502,18.40,18.40,18.40,18.40,000
S07.SI,20110501,18.40,18.40,18.40,18.40,000
S07.SI,20110428,18.40,18.40,18.40,18.40,000
S07.SI,20110427,18.40,18.40,18.40,18.40,000
S07.SI,20110426,18.40,18.40,18.40,18.40,000
S07.SI,20110425,18.40,18.40,18.40,18.40,000
S07.SI,20110424,18.40,18.40,18.40,18.40,000
S07.SI,20110421,18.40,18.40,18.40,18.40,000
S07.SI,20110420,18.40,18.40,18.40,18.40,000
S07.SI,20110419,18.40,18.40,18.40,18.40,000
S07.SI,20110418,18.40,18.40,18.40,18.40,000
S07.SI,20110417,18.40,18.40,18.40,18.40,000
S07.SI,20110414,18.40,18.40,18.40,18.40,000
S07.SI,20110413,18.40,18.40,18.40,18.40,000
S07.SI,20110412,18.40,18.40,18.40,18.40,000
S07.SI,20110411,18.40,18.40,18.40,18.40,000
S07.SI,20110410,18.40,18.40,18.40,18.40,000
S07.SI,20110407,18.40,18.40,18.40,18.40,000
S07.SI,20110406,18.40,18.40,18.40,18.40,000
S07.SI,20110405,18.40,18.40,18.40,18.40,000
S07.SI,20110404,18.40,18.40,18.40,18.40,000
S07.SI,20110403,18.40,18.40,18.40,18.40,000
S07.SI,20110331,18.40,18.40,18.40,18.40,000
S07.SI,20110330,18.40,18.40,18.40,18.40,000
S07.SI,20110329,18.40,18.40,18.40,18.40,000
S07.SI,20110328,18.40,18.40,18.40,18.40,000
S07.SI,20110327,18.40,18.40,18.40,18.40,000
S07.SI,20110324,18.40,18.40,18.40,18.40,000
S07.SI,20110323,18.40,18.40,18.40,18.40,000
S07.SI,20110322,18.40,18.40,18.40,18.40,000
S07.SI,20110321,18.40,18.40,18.40,18.40,000
S07.SI,20110320,18.40,18.40,18.40,18.40,000
S07.SI,20110317,18.40,18.40,18.40,18.40,000
S07.SI,20110316,18.40,18.40,18.40,18.40,000
S07.SI,20110315,18.40,18.40,18.40,18.40,000
S07.SI,20110314,18.40,18.40,18.40,18.40,000
S07.SI,20110313,18.40,18.40,18.40,18.40,10000
S07.SI,20110310,18.90,18.90,18.90,18.90,000
S07.SI,20110309,18.90,18.90,18.90,18.90,4000
S07.SI,20110308,18.74,18.74,18.74,18.74,2000
S07.SI,20110307,18.60,18.60,18.60,18.60,4000
S07.SI,20110306,18.50,18.50,18.50,18.50,000
S07.SI,20110303,18.50,18.50,18.50,18.50,000
S07.SI,20110302,18.66,18.66,18.50,18.50,10000
S07.SI,20110301,18.60,18.60,18.60,18.60,2000
S07.SI,20110228,18.34,18.34,18.34,18.34,000
S07.SI,20110227,18.34,18.34,18.34,18.34,000
S07.SI,20110224,18.34,18.34,18.34,18.34,000
S07.SI,20110223,18.34,18.34,18.34,18.34,8000
S07.SI,20110222,18.14,18.14,18.14,18.14,000
S07.SI,20110221,18.14,18.14,18.14,18.14,000
S07.SI,20110220,17.82,18.14,17.82,18.14,6000
S07.SI,20110217,17.44,17.44,17.44,17.44,000
S07.SI,20110216,17.44,17.44,17.44,17.44,000
S07.SI,20110215,17.44,17.44,17.44,17.44,2000
S07.SI,20110214,16.54,16.54,16.54,16.54,000
S07.SI,20110213,16.54,16.54,16.54,16.54,000
S07.SI,20110210,16.54,16.54,16.54,16.54,000
S07.SI,20110209,16.34,16.54,16.24,16.54,6000
S07.SI,20110208,16.34,16.34,16.34,16.34,000
S07.SI,20110207,16.34,16.34,16.34,16.34,000
S07.SI,20110206,16.34,16.34,16.34,16.34,000
S07.SI,20110203,16.34,16.34,16.34,16.34,000
S07.SI,20110202,16.34,16.34,16.34,16.34,000
S07.SI,20110201,16.34,16.34,16.34,16.34,000
S07.SI,20110131,16.34,16.34,16.34,16.34,000
S07.SI,20110130,16.34,16.34,16.34,16.34,000
S07.SI,20110127,16.34,16.34,16.34,16.34,000
S07.SI,20110126,16.34,16.34,16.34,16.34,2000
S07.SI,20110125,16.34,16.34,16.34,16.34,000
S07.SI,20110124,16.34,16.34,16.34,16.34,000
S07.SI,20110123,16.34,16.34,16.34,16.34,000
S07.SI,20110120,16.34,16.34,16.34,16.34,000
S07.SI,20110119,16.34,16.34,16.34,16.34,10000
S07.SI,20110118,15.20,15.20,15.10,15.10,54000
S07.SI,20110117,15.16,15.20,15.16,15.20,10000
S07.SI,20110116,15.12,15.12,15.12,15.12,000
S07.SI,20110113,14.98,15.12,14.98,15.12,6000
S07.SI,20110112,13.54,14.82,13.54,14.82,12000
S07.SI,20110111,13.54,13.54,13.54,13.54,000
S07.SI,20110110,13.54,13.54,13.54,13.54,000
S07.SI,20110109,13.54,13.54,13.54,13.54,000
S07.SI,20110106,13.54,13.54,13.54,13.54,000
S07.SI,20110105,13.54,13.54,13.54,13.54,000
S07.SI,20110104,13.54,13.54,13.54,13.54,000
S07.SI,20110103,13.54,13.54,13.54,13.54,000
S07.SI,20110102,13.54,13.54,13.54,13.54,000
