Z74.SI,20120606,3.65,3.66,3.63,3.64,5598000
Z74.SI,20120604,3.76,3.82,3.74,3.82,24705000
Z74.SI,20120603,3.73,3.81,3.72,3.75,24211000
Z74.SI,20120531,3.83,3.83,3.70,3.75,74530000
Z74.SI,20120530,3.86,3.87,3.75,3.78,29806000
Z74.SI,20120529,3.96,3.97,3.82,3.84,33786000
Z74.SI,20120528,3.94,3.98,3.94,3.96,13349000
Z74.SI,20120527,3.92,3.99,3.89,3.94,19125000
Z74.SI,20120524,3.96,3.96,3.96,3.96,000
Z74.SI,20120523,4.01,4.03,3.94,3.96,25942000
Z74.SI,20120522,4.01,4.05,4.01,4.05,19253000
Z74.SI,20120521,4.05,4.06,3.95,3.98,22691000
Z74.SI,20120520,4.05,4.09,4.04,4.07,21254000
Z74.SI,20120517,3.98,4.02,3.97,4.02,10221000
Z74.SI,20120516,3.99,4.00,3.93,4.00,34115000
Z74.SI,20120515,4.00,4.05,3.98,3.99,25592000
Z74.SI,20120514,3.93,3.99,3.90,3.99,15616000
Z74.SI,20120513,3.92,3.96,3.90,3.92,13574000
Z74.SI,20120510,3.91,3.92,3.88,3.91,13334000
Z74.SI,20120509,3.85,3.94,3.84,3.92,14352000
Z74.SI,20120508,3.83,3.86,3.81,3.84,20680000
Z74.SI,20120507,3.85,3.85,3.82,3.82,10423000
Z74.SI,20120506,3.81,3.87,3.77,3.85,22842000
Z74.SI,20120503,3.93,3.93,3.80,3.81,44386000
Z74.SI,20120502,3.92,3.96,3.91,3.93,35450000
Z74.SI,20120501,3.93,3.93,3.93,3.93,000
Z74.SI,20120430,3.91,3.94,3.88,3.93,42259000
Z74.SI,20120429,3.75,3.84,3.73,3.84,13976000
Z74.SI,20120426,3.77,3.78,3.72,3.76,18852000
Z74.SI,20120425,3.74,3.78,3.70,3.78,20422000
Z74.SI,20120424,3.70,3.75,3.66,3.75,16153000
Z74.SI,20120423,3.70,3.71,3.66,3.69,20568000
Z74.SI,20120422,3.68,3.72,3.67,3.69,14932000
Z74.SI,20120419,3.73,3.78,3.69,3.69,21254000
Z74.SI,20120418,3.65,3.74,3.64,3.74,29525000
Z74.SI,20120417,3.64,3.65,3.62,3.64,31525000
Z74.SI,20120416,3.58,3.66,3.57,3.62,30946000
Z74.SI,20120415,3.57,3.58,3.54,3.57,18587000
Z74.SI,20120412,3.60,3.62,3.55,3.56,15761000
Z74.SI,20120411,3.65,3.65,3.58,3.60,17016000
Z74.SI,20120410,3.66,3.67,3.58,3.64,17908000
Z74.SI,20120409,3.63,3.70,3.63,3.66,19418000
Z74.SI,20120408,3.60,3.64,3.59,3.61,10911000
Z74.SI,20120405,3.63,3.64,3.60,3.61,18877000
Z74.SI,20120404,3.58,3.65,3.57,3.64,20483000
Z74.SI,20120403,3.56,3.59,3.54,3.57,23220000
Z74.SI,20120402,3.58,3.59,3.53,3.54,16136000
Z74.SI,20120401,3.60,3.60,3.58,3.59,5955000
Z74.SI,20120329,3.59,3.59,3.59,3.59,000
Z74.SI,20120328,3.60,3.60,3.57,3.59,18855000
Z74.SI,20120327,3.60,3.60,3.58,3.59,13248000
Z74.SI,20120326,3.60,3.61,3.58,3.61,13568000
Z74.SI,20120325,3.57,3.61,3.57,3.59,20059000
Z74.SI,20120322,3.59,3.60,3.54,3.55,16354000
Z74.SI,20120321,3.52,3.60,3.52,3.60,31984000
Z74.SI,20120320,3.54,3.55,3.48,3.48,19541000
Z74.SI,20120319,3.60,3.61,3.56,3.56,9325000
Z74.SI,20120318,3.54,3.59,3.54,3.57,12201000
Z74.SI,20120315,3.64,3.64,3.58,3.58,21228000
Z74.SI,20120314,3.59,3.62,3.57,3.62,31245000
Z74.SI,20120313,3.55,3.58,3.55,3.58,21253000
Z74.SI,20120312,3.51,3.55,3.51,3.55,20963000
Z74.SI,20120311,3.44,3.49,3.42,3.49,21243000
Z74.SI,20120308,3.49,3.50,3.43,3.45,21502000
Z74.SI,20120307,3.45,3.49,3.44,3.49,21337000
Z74.SI,20120306,3.48,3.48,3.44,3.46,17914000
Z74.SI,20120305,3.45,3.48,3.44,3.46,16219000
Z74.SI,20120304,3.43,3.45,3.41,3.44,20738000
Z74.SI,20120301,3.43,3.45,3.41,3.44,19505000
Z74.SI,20120229,3.48,3.49,3.40,3.44,45395000
Z74.SI,20120228,3.47,3.50,3.43,3.47,22274000
Z74.SI,20120227,3.48,3.48,3.44,3.46,17771000
Z74.SI,20120226,3.52,3.53,3.47,3.49,14825000
Z74.SI,20120223,3.52,3.53,3.47,3.53,16796000
Z74.SI,20120222,3.57,3.58,3.52,3.53,11470000
Z74.SI,20120221,3.58,3.61,3.55,3.59,16249000
Z74.SI,20120220,3.55,3.58,3.54,3.56,17822000
Z74.SI,20120219,3.48,3.52,3.47,3.51,8634000
Z74.SI,20120216,3.48,3.50,3.45,3.48,39530000
Z74.SI,20120215,3.56,3.56,3.50,3.50,29568000
Z74.SI,20120214,3.57,3.62,3.56,3.60,26642000
Z74.SI,20120213,3.57,3.57,3.57,3.57,000
Z74.SI,20120212,3.57,3.57,3.57,3.57,000
Z74.SI,20120209,3.55,3.59,3.55,3.57,25496000
Z74.SI,20120208,3.51,3.57,3.49,3.54,30680000
Z74.SI,20120207,3.48,3.51,3.47,3.51,16139000
Z74.SI,20120206,3.46,3.49,3.45,3.48,14595000
Z74.SI,20120205,3.49,3.54,3.46,3.47,26848000
Z74.SI,20120202,3.50,3.50,3.47,3.50,19348000
Z74.SI,20120201,3.49,3.50,3.48,3.50,22102000
Z74.SI,20120131,3.47,3.50,3.46,3.49,18538000
Z74.SI,20120130,3.46,3.49,3.46,3.47,16060000
Z74.SI,20120129,3.48,3.49,3.44,3.45,14292000
Z74.SI,20120126,3.46,3.46,3.43,3.45,17453000
Z74.SI,20120125,3.41,3.47,3.39,3.47,30802000
Z74.SI,20120124,3.47,3.48,3.42,3.43,26385000
Z74.SI,20120123,3.50,3.50,3.47,3.47,21203000
Z74.SI,20120122,3.49,3.50,3.48,3.50,13182000
Z74.SI,20120119,3.47,3.50,3.47,3.49,26293000
Z74.SI,20120118,3.47,3.49,3.45,3.47,18352000
Z74.SI,20120117,3.44,3.50,3.43,3.48,37323000
Z74.SI,20120116,3.43,3.44,3.38,3.40,17971000
Z74.SI,20120115,3.39,3.44,3.38,3.44,22137000
Z74.SI,20120112,3.38,3.39,3.36,3.39,36628000
Z74.SI,20120111,3.31,3.38,3.30,3.37,43301000
Z74.SI,20120110,3.28,3.33,3.27,3.31,27143000
Z74.SI,20120109,3.32,3.32,3.27,3.28,32953000
Z74.SI,20120108,3.35,3.36,3.32,3.32,16895000
Z74.SI,20120105,3.36,3.36,3.34,3.36,13675000
Z74.SI,20120104,3.34,3.35,3.33,3.35,13666000
Z74.SI,20120103,3.32,3.34,3.32,3.33,15587000
Z74.SI,20120102,3.30,3.30,3.30,3.30,000
Z74.SI,20120101,3.30,3.32,3.29,3.30,18787000
Z74.SI,20111229,3.31,3.33,3.31,3.33,11723000
Z74.SI,20111228,3.32,3.33,3.30,3.30,11251000
Z74.SI,20111227,3.32,3.33,3.30,3.32,9226000
Z74.SI,20111226,3.32,3.32,3.32,3.32,000
Z74.SI,20111225,3.33,3.33,3.30,3.32,8007000
Z74.SI,20111222,3.38,3.40,3.35,3.40,17144000
Z74.SI,20111221,3.34,3.40,3.33,3.37,19471000
Z74.SI,20111220,3.37,3.38,3.33,3.35,23290000
Z74.SI,20111219,3.39,3.42,3.37,3.37,15608000
Z74.SI,20111218,3.40,3.41,3.37,3.39,11198000
Z74.SI,20111215,3.37,3.40,3.37,3.39,15483000
Z74.SI,20111214,3.37,3.39,3.36,3.38,20145000
Z74.SI,20111213,3.40,3.41,3.34,3.38,44353000
Z74.SI,20111212,3.38,3.40,3.37,3.38,18914000
Z74.SI,20111211,3.38,3.39,3.36,3.36,18362000
Z74.SI,20111208,3.31,3.38,3.31,3.35,40215000
Z74.SI,20111207,3.30,3.31,3.28,3.30,24263000
Z74.SI,20111206,3.30,3.32,3.29,3.30,28836000
Z74.SI,20111205,3.29,3.31,3.27,3.31,22116000
Z74.SI,20111204,3.33,3.33,3.29,3.29,26290000
Z74.SI,20111201,3.30,3.32,3.29,3.31,42211000
Z74.SI,20111130,3.26,3.29,3.26,3.28,32825000
Z74.SI,20111129,3.16,3.26,3.16,3.25,57833000
Z74.SI,20111128,3.17,3.17,3.15,3.17,17757000
Z74.SI,20111127,3.14,3.16,3.13,3.16,15553000
Z74.SI,20111124,3.13,3.14,3.12,3.14,17265000
Z74.SI,20111123,3.15,3.16,3.11,3.13,30906000
Z74.SI,20111122,3.15,3.16,3.13,3.14,12164000
Z74.SI,20111121,3.16,3.18,3.13,3.15,16506000
Z74.SI,20111120,3.14,3.16,3.12,3.15,20068000
Z74.SI,20111117,3.12,3.14,3.10,3.13,28745000
Z74.SI,20111116,3.15,3.15,3.12,3.12,30468000
Z74.SI,20111115,3.16,3.18,3.15,3.16,32958000
Z74.SI,20111114,3.19,3.19,3.19,3.19,000
Z74.SI,20111113,3.16,3.19,3.16,3.19,12998000
Z74.SI,20111110,3.16,3.18,3.16,3.17,12740000
Z74.SI,20111109,3.18,3.21,3.16,3.18,24483000
Z74.SI,20111108,3.22,3.22,3.21,3.21,10409000
Z74.SI,20111107,3.19,3.21,3.19,3.21,15286000
Z74.SI,20111106,3.19,3.20,3.18,3.18,12167000
Z74.SI,20111103,3.21,3.22,3.19,3.20,18799000
Z74.SI,20111102,3.22,3.23,3.20,3.21,20494000
Z74.SI,20111101,3.23,3.24,3.22,3.22,28409000
Z74.SI,20111031,3.21,3.23,3.20,3.23,22333000
Z74.SI,20111030,3.20,3.21,3.19,3.19,26496000
Z74.SI,20111027,3.20,3.20,3.20,3.20,000
Z74.SI,20111026,3.20,3.21,3.19,3.20,11968000
Z74.SI,20111025,3.17,3.20,3.16,3.19,19236000
Z74.SI,20111024,3.19,3.19,3.17,3.17,11805000
Z74.SI,20111023,3.18,3.19,3.17,3.18,13458000
Z74.SI,20111020,3.21,3.22,3.18,3.19,21833000
Z74.SI,20111019,3.21,3.23,3.20,3.21,18093000
Z74.SI,20111018,3.21,3.22,3.19,3.19,24367000
Z74.SI,20111017,3.19,3.20,3.18,3.19,24223000
Z74.SI,20111016,3.14,3.18,3.14,3.17,13351000
Z74.SI,20111013,3.14,3.16,3.13,3.15,26497000
Z74.SI,20111012,3.17,3.17,3.14,3.14,49867000
Z74.SI,20111011,3.19,3.19,3.17,3.18,21359000
Z74.SI,20111010,3.20,3.21,3.19,3.19,28729000
Z74.SI,20111009,3.21,3.21,3.19,3.19,23094000
Z74.SI,20111006,3.21,3.22,3.20,3.21,40828000
Z74.SI,20111005,3.21,3.22,3.20,3.21,22858000
Z74.SI,20111004,3.22,3.22,3.20,3.21,12213000
Z74.SI,20111003,3.22,3.23,3.20,3.21,31330000
Z74.SI,20111002,3.20,3.21,3.19,3.21,13353000
Z74.SI,20110929,3.21,3.22,3.20,3.20,39362000
Z74.SI,20110928,3.20,3.22,3.19,3.20,54191000
Z74.SI,20110927,3.16,3.22,3.16,3.20,532821000
Z74.SI,20110926,3.34,3.36,3.33,3.33,12877000
Z74.SI,20110925,3.33,3.34,3.31,3.32,13365000
Z74.SI,20110922,3.33,3.36,3.31,3.33,15476000
Z74.SI,20110921,3.33,3.36,3.31,3.31,11314000
Z74.SI,20110920,3.32,3.35,3.31,3.34,13178000
Z74.SI,20110919,3.32,3.34,3.29,3.32,13969000
Z74.SI,20110918,3.33,3.35,3.31,3.34,9869000
Z74.SI,20110915,3.35,3.36,3.30,3.33,21260000
Z74.SI,20110914,3.30,3.34,3.30,3.33,7902000
Z74.SI,20110913,3.34,3.35,3.31,3.33,8478000
Z74.SI,20110912,3.30,3.33,3.30,3.33,10041000
Z74.SI,20110911,3.30,3.32,3.28,3.29,10551000
Z74.SI,20110908,3.34,3.35,3.30,3.30,20198000
Z74.SI,20110907,3.36,3.37,3.33,3.33,12267000
Z74.SI,20110906,3.38,3.39,3.34,3.35,15214000
Z74.SI,20110905,3.37,3.39,3.36,3.38,12334000
Z74.SI,20110904,3.36,3.38,3.36,3.36,4282000
Z74.SI,20110901,3.33,3.40,3.33,3.39,39442000
Z74.SI,20110831,3.32,3.34,3.31,3.33,10473000
Z74.SI,20110830,3.35,3.36,3.34,3.34,7817000
Z74.SI,20110829,3.34,3.36,3.33,3.36,9359000
Z74.SI,20110828,3.33,3.35,3.32,3.35,8710000
Z74.SI,20110825,3.31,3.35,3.30,3.32,9463000
Z74.SI,20110824,3.32,3.37,3.31,3.33,12135000
Z74.SI,20110823,3.35,3.35,3.31,3.31,16607000
Z74.SI,20110822,3.29,3.39,3.28,3.35,25449000
Z74.SI,20110821,3.29,3.29,3.29,3.29,000
Z74.SI,20110818,3.29,3.31,3.28,3.29,17752000
Z74.SI,20110817,3.32,3.33,3.28,3.29,38761000
Z74.SI,20110816,3.38,3.38,3.31,3.34,30000000
Z74.SI,20110815,3.38,3.38,3.32,3.36,33390000
Z74.SI,20110814,3.36,3.43,3.35,3.39,20133000
Z74.SI,20110811,3.40,3.42,3.35,3.36,39199000
Z74.SI,20110810,3.43,3.43,3.43,3.43,000
Z74.SI,20110809,3.47,3.50,3.39,3.43,26054000
Z74.SI,20110808,3.45,3.48,3.44,3.47,13818000
Z74.SI,20110807,3.49,3.51,3.45,3.45,18156000
Z74.SI,20110804,3.52,3.55,3.52,3.54,17210000
Z74.SI,20110803,3.52,3.58,3.51,3.56,19719000
Z74.SI,20110802,3.58,3.61,3.52,3.54,25272000
Z74.SI,20110801,3.50,3.62,3.50,3.58,40349000
Z74.SI,20110731,3.48,3.56,3.48,3.55,28165000
Z74.SI,20110728,3.45,3.48,3.45,3.48,23832000
Z74.SI,20110727,3.42,3.46,3.42,3.44,27311000
Z74.SI,20110726,3.44,3.46,3.39,3.42,18448000
Z74.SI,20110725,3.45,3.49,3.45,3.46,17974000
Z74.SI,20110724,3.41,3.46,3.40,3.45,13220000
Z74.SI,20110721,3.48,3.48,3.42,3.44,22116000
Z74.SI,20110720,3.50,3.51,3.46,3.50,22438000
Z74.SI,20110719,3.44,3.48,3.42,3.48,11344000
Z74.SI,20110718,3.45,3.46,3.40,3.44,30234000
Z74.SI,20110717,3.48,3.49,3.46,3.47,17615000
Z74.SI,20110714,3.39,3.48,3.39,3.47,24812000
Z74.SI,20110713,3.41,3.43,3.36,3.37,19670000
Z74.SI,20110712,3.34,3.49,3.34,3.43,32230000
Z74.SI,20110711,3.32,3.39,3.32,3.37,12394000
Z74.SI,20110710,3.34,3.36,3.31,3.31,8790000
Z74.SI,20110707,3.37,3.37,3.32,3.36,11714000
Z74.SI,20110706,3.34,3.37,3.32,3.36,19469000
Z74.SI,20110705,3.32,3.35,3.31,3.34,23020000
Z74.SI,20110704,3.27,3.31,3.26,3.31,15849000
Z74.SI,20110703,3.29,3.30,3.23,3.27,14744000
Z74.SI,20110630,3.25,3.30,3.23,3.30,38476000
Z74.SI,20110629,3.24,3.26,3.22,3.24,27489000
Z74.SI,20110628,3.20,3.25,3.20,3.22,16643000
Z74.SI,20110627,3.19,3.21,3.18,3.19,16922000
Z74.SI,20110626,3.16,3.23,3.16,3.20,27326000
Z74.SI,20110623,3.14,3.17,3.13,3.16,8154000
Z74.SI,20110622,3.18,3.19,3.15,3.15,9947000
Z74.SI,20110621,3.19,3.20,3.15,3.18,12778000
Z74.SI,20110620,3.18,3.19,3.17,3.19,7988000
Z74.SI,20110619,3.20,3.20,3.16,3.18,9364000
Z74.SI,20110616,3.15,3.19,3.13,3.19,15628000
Z74.SI,20110615,3.14,3.15,3.12,3.14,10167000
Z74.SI,20110614,3.15,3.16,3.13,3.15,15584000
Z74.SI,20110613,3.13,3.17,3.12,3.16,19873000
Z74.SI,20110612,3.14,3.15,3.13,3.15,13665000
Z74.SI,20110609,3.11,3.14,3.10,3.12,17785000
Z74.SI,20110608,3.12,3.14,3.11,3.12,19494000
Z74.SI,20110607,3.10,3.13,3.09,3.11,16847000
Z74.SI,20110606,3.07,3.10,3.07,3.09,7883000
Z74.SI,20110605,3.05,3.09,3.05,3.05,18516000
Z74.SI,20110602,3.08,3.08,3.05,3.07,12315000
Z74.SI,20110601,3.03,3.10,3.02,3.10,37303000
Z74.SI,20110531,3.06,3.07,3.05,3.05,26031000
Z74.SI,20110530,3.07,3.09,3.06,3.08,15423000
Z74.SI,20110529,3.07,3.09,3.06,3.08,21958000
Z74.SI,20110526,3.10,3.11,3.06,3.08,24121000
Z74.SI,20110525,3.10,3.11,3.09,3.10,17561000
Z74.SI,20110524,3.11,3.13,3.10,3.10,21920000
Z74.SI,20110523,3.14,3.16,3.12,3.13,22634000
Z74.SI,20110522,3.13,3.14,3.11,3.12,20963000
Z74.SI,20110519,3.10,3.15,3.10,3.13,26238000
Z74.SI,20110518,3.15,3.17,3.10,3.13,21366000
Z74.SI,20110517,3.17,3.18,3.11,3.13,40152000
Z74.SI,20110516,3.19,3.22,3.17,3.18,27540000
Z74.SI,20110515,3.25,3.25,3.17,3.17,18118000
Z74.SI,20110512,3.24,3.26,3.21,3.24,42724000
Z74.SI,20110511,3.20,3.22,3.18,3.21,33834000
Z74.SI,20110510,3.14,3.18,3.13,3.16,28150000
Z74.SI,20110509,3.13,3.14,3.11,3.14,16263000
Z74.SI,20110508,3.12,3.14,3.11,3.12,23589000
Z74.SI,20110505,3.12,3.14,3.12,3.12,7310000
Z74.SI,20110504,3.12,3.13,3.11,3.12,14669000
Z74.SI,20110503,3.12,3.14,3.11,3.13,22560000
Z74.SI,20110502,3.11,3.11,3.11,3.11,000
Z74.SI,20110501,3.09,3.12,3.09,3.12,23352000
Z74.SI,20110428,3.13,3.14,3.09,3.10,37525000
Z74.SI,20110427,3.16,3.16,3.13,3.14,10855000
Z74.SI,20110426,3.15,3.16,3.13,3.15,8466000
Z74.SI,20110425,3.12,3.15,3.12,3.14,16774000
Z74.SI,20110424,3.13,3.14,3.10,3.10,7228000
Z74.SI,20110421,3.14,3.15,3.12,3.14,10225000
Z74.SI,20110420,3.11,3.14,3.10,3.14,13821000
Z74.SI,20110419,3.12,3.14,3.11,3.12,12695000
Z74.SI,20110418,3.10,3.12,3.09,3.11,17224000
Z74.SI,20110417,3.10,3.11,3.08,3.11,8656000
Z74.SI,20110414,3.12,3.13,3.10,3.11,10060000
Z74.SI,20110413,3.10,3.12,3.09,3.11,9992000
Z74.SI,20110412,3.09,3.10,3.08,3.08,8853000
Z74.SI,20110411,3.11,3.11,3.09,3.10,7861000
Z74.SI,20110410,3.09,3.11,3.09,3.10,5666000
Z74.SI,20110407,3.10,3.10,3.10,3.10,000
Z74.SI,20110406,3.11,3.12,3.10,3.10,6639000
Z74.SI,20110405,3.14,3.14,3.11,3.11,9104000
Z74.SI,20110404,3.14,3.15,3.11,3.14,16774000
Z74.SI,20110403,3.14,3.14,3.12,3.12,9945000
Z74.SI,20110331,3.14,3.15,3.12,3.15,29813000
Z74.SI,20110330,3.11,3.14,3.10,3.12,19383000
Z74.SI,20110329,3.13,3.13,3.11,3.12,6798000
Z74.SI,20110328,3.11,3.14,3.10,3.14,20299000
Z74.SI,20110327,3.10,3.12,3.09,3.10,12869000
Z74.SI,20110324,3.09,3.11,3.08,3.10,8750000
Z74.SI,20110323,3.13,3.14,3.10,3.10,14174000
Z74.SI,20110322,3.12,3.13,3.10,3.12,11809000
Z74.SI,20110321,3.09,3.12,3.08,3.11,12505000
Z74.SI,20110320,3.13,3.14,3.09,3.09,17287000
Z74.SI,20110317,3.14,3.15,3.12,3.12,23645000
Z74.SI,20110316,3.12,3.14,3.10,3.13,21149000
Z74.SI,20110315,3.11,3.13,3.10,3.11,11826000
Z74.SI,20110314,3.09,3.12,3.09,3.09,9906000
Z74.SI,20110313,3.09,3.10,3.08,3.09,10458000
Z74.SI,20110310,3.12,3.12,3.09,3.09,11207000
Z74.SI,20110309,3.09,3.14,3.08,3.12,17254000
Z74.SI,20110308,3.11,3.12,3.08,3.08,20666000
Z74.SI,20110307,3.15,3.15,3.10,3.11,21239000
Z74.SI,20110306,3.15,3.17,3.12,3.13,13661000
Z74.SI,20110303,3.14,3.16,3.13,3.15,16752000
Z74.SI,20110302,3.16,3.18,3.12,3.13,31444000
Z74.SI,20110301,3.15,3.17,3.14,3.17,35486000
Z74.SI,20110228,3.11,3.14,3.10,3.13,20272000
Z74.SI,20110227,3.11,3.12,3.09,3.10,14437000
Z74.SI,20110224,3.10,3.12,3.08,3.12,17839000
Z74.SI,20110223,3.08,3.12,3.08,3.10,27242000
Z74.SI,20110222,3.08,3.11,3.08,3.10,20479000
Z74.SI,20110221,3.08,3.09,3.07,3.07,17799000
Z74.SI,20110220,3.10,3.10,3.06,3.07,25247000
Z74.SI,20110217,3.08,3.09,3.06,3.08,16421000
Z74.SI,20110216,3.09,3.09,3.04,3.06,30869000
Z74.SI,20110215,3.11,3.11,3.06,3.09,32079000
Z74.SI,20110214,3.12,3.13,3.07,3.10,29741000
Z74.SI,20110213,3.08,3.13,3.07,3.13,24506000
Z74.SI,20110210,3.05,3.10,3.04,3.07,44771000
Z74.SI,20110209,3.09,3.10,3.06,3.06,43116000
Z74.SI,20110208,3.15,3.15,3.10,3.11,43738000
Z74.SI,20110207,3.11,3.16,3.11,3.14,15135000
Z74.SI,20110206,3.17,3.17,3.12,3.12,25342000
Z74.SI,20110203,3.14,3.17,3.14,3.16,39897000
Z74.SI,20110202,3.12,3.15,3.11,3.13,39066000
Z74.SI,20110201,3.10,3.12,3.09,3.11,14301000
Z74.SI,20110131,3.07,3.10,3.07,3.10,41645000
Z74.SI,20110130,3.07,3.09,3.05,3.07,25355000
Z74.SI,20110127,3.08,3.09,3.03,3.08,35114000
Z74.SI,20110126,3.05,3.08,3.04,3.07,29605000
Z74.SI,20110125,3.05,3.05,3.02,3.03,34130000
Z74.SI,20110124,3.05,3.05,3.05,3.05,000
Z74.SI,20110123,3.05,3.05,3.05,3.05,000
Z74.SI,20110120,3.05,3.06,3.02,3.05,45577000
Z74.SI,20110119,3.11,3.11,3.06,3.06,36297000
Z74.SI,20110118,3.11,3.11,3.07,3.09,28688000
Z74.SI,20110117,3.12,3.14,3.09,3.11,28171000
Z74.SI,20110116,3.14,3.14,3.11,3.12,18012000
Z74.SI,20110113,3.13,3.16,3.12,3.15,22294000
Z74.SI,20110112,3.11,3.13,3.10,3.11,11731000
Z74.SI,20110111,3.10,3.12,3.09,3.11,18858000
Z74.SI,20110110,3.12,3.12,3.09,3.11,14069000
Z74.SI,20110109,3.12,3.13,3.10,3.11,22498000
Z74.SI,20110106,3.14,3.15,3.11,3.14,27836000
Z74.SI,20110105,3.14,3.15,3.12,3.14,19591000
Z74.SI,20110104,3.15,3.16,3.10,3.15,25039000
Z74.SI,20110103,3.11,3.15,3.10,3.14,9556000
Z74.SI,20110102,3.10,3.10,3.10,3.10,000
Z74.SI,20101230,3.12,3.13,3.08,3.09,7687000
Z74.SI,20101229,3.10,3.13,3.08,3.13,7104000
Z74.SI,20101228,3.13,3.14,3.10,3.10,5416000
Z74.SI,20101227,3.13,3.13,3.10,3.12,2923000
Z74.SI,20101226,3.13,3.13,3.13,3.13,000
Z74.SI,20101223,3.14,3.14,3.11,3.13,6165000
Z74.SI,20101222,3.11,3.13,3.10,3.11,10209000
Z74.SI,20101221,3.08,3.11,3.07,3.10,15941000
Z74.SI,20101220,3.08,3.09,3.03,3.05,19849000
Z74.SI,20101219,3.16,3.18,3.13,3.13,26881000
Z74.SI,20101216,3.11,3.20,3.10,3.18,24151000
Z74.SI,20101215,3.13,3.14,3.10,3.11,29455000
Z74.SI,20101214,3.17,3.17,3.14,3.15,22709000
Z74.SI,20101213,3.19,3.21,3.16,3.18,25457000
Z74.SI,20101212,3.16,3.25,3.15,3.21,46334000
Z74.SI,20101209,3.14,3.17,3.12,3.13,16563000
Z74.SI,20101208,3.18,3.19,3.14,3.14,23200000
Z74.SI,20101207,3.15,3.19,3.13,3.19,24644000
Z74.SI,20101206,3.11,3.12,3.08,3.12,17694000
Z74.SI,20101205,3.12,3.14,3.10,3.11,16939000
Z74.SI,20101202,3.12,3.12,3.10,3.12,10733000
Z74.SI,20101201,3.10,3.12,3.09,3.11,25057000
Z74.SI,20101130,3.08,3.08,3.03,3.07,31669000
Z74.SI,20101129,3.11,3.12,3.05,3.06,18253000
Z74.SI,20101128,3.05,3.12,3.04,3.12,20320000
Z74.SI,20101125,3.06,3.06,3.01,3.02,21551000
Z74.SI,20101124,3.08,3.09,3.07,3.07,20237000
Z74.SI,20101123,3.12,3.13,3.10,3.11,17933000
Z74.SI,20101122,3.13,3.17,3.12,3.14,22481000
Z74.SI,20101121,3.11,3.18,3.10,3.14,33296000
Z74.SI,20101118,3.13,3.15,3.12,3.12,12126000
Z74.SI,20101117,3.15,3.18,3.13,3.16,17606000
Z74.SI,20101116,3.23,3.23,3.15,3.16,19831000
Z74.SI,20101115,3.22,3.23,3.20,3.21,14619000
Z74.SI,20101114,3.20,3.23,3.19,3.23,19733000
Z74.SI,20101111,3.17,3.18,3.15,3.18,9895000
Z74.SI,20101110,3.14,3.19,3.12,3.18,20589000
Z74.SI,20101109,3.14,3.18,3.13,3.16,31978000
Z74.SI,20101108,3.14,3.16,3.11,3.14,37479000
Z74.SI,20101104,3.20,3.22,3.15,3.15,30961000
Z74.SI,20101103,3.17,3.20,3.15,3.19,16191000
Z74.SI,20101102,3.17,3.21,3.14,3.20,19362000
Z74.SI,20101101,3.18,3.20,3.15,3.18,16480000
Z74.SI,20101031,3.25,3.26,3.19,3.19,19774000
Z74.SI,20101028,3.26,3.27,3.21,3.26,27612000
Z74.SI,20101027,3.21,3.28,3.18,3.25,33642000
Z74.SI,20101025,3.20,3.24,3.17,3.19,14112000
Z74.SI,20101024,3.21,3.23,3.20,3.21,17482000
Z74.SI,20101021,3.17,3.22,3.16,3.19,20686000
Z74.SI,20101020,3.15,3.16,3.13,3.16,20618000
Z74.SI,20101019,3.17,3.18,3.14,3.15,11352000
Z74.SI,20101018,3.16,3.18,3.14,3.16,9308000
Z74.SI,20101017,3.18,3.18,3.15,3.17,11639000
Z74.SI,20101014,3.15,3.19,3.15,3.17,21484000
Z74.SI,20101013,3.21,3.21,3.15,3.15,24460000
Z74.SI,20101012,3.16,3.21,3.15,3.21,21015000
Z74.SI,20101011,3.15,3.17,3.13,3.17,25451000
Z74.SI,20101010,3.18,3.18,3.11,3.12,22841000
Z74.SI,20101007,3.16,3.17,3.12,3.14,22614000
Z74.SI,20101006,3.16,3.20,3.14,3.19,21249000
Z74.SI,20101005,3.16,3.16,3.09,3.13,48205000
Z74.SI,20101004,3.17,3.24,3.15,3.17,38076000
Z74.SI,20101003,3.16,3.19,3.13,3.18,27911000
Z74.SI,20100930,3.17,3.18,3.13,3.18,36876000
Z74.SI,20100929,3.12,3.17,3.11,3.17,19647000
Z74.SI,20100928,3.14,3.15,3.11,3.13,33816000
Z74.SI,20100927,3.11,3.16,3.10,3.14,41080000
Z74.SI,20100926,3.07,3.10,3.05,3.09,30394000
Z74.SI,20100923,3.00,3.08,3.00,3.06,36848000
Z74.SI,20100922,3.03,3.05,3.00,3.02,21591000
Z74.SI,20100921,3.06,3.07,3.04,3.07,17372000
Z74.SI,20100920,3.08,3.08,3.05,3.06,12672000
Z74.SI,20100919,3.06,3.10,3.05,3.10,20915000
Z74.SI,20100916,3.11,3.13,3.06,3.06,34404000
Z74.SI,20100915,3.10,3.10,3.05,3.10,37318000
Z74.SI,20100914,3.06,3.10,3.01,3.06,40372000
Z74.SI,20100913,3.04,3.11,3.03,3.04,20723000
Z74.SI,20100912,3.06,3.06,3.02,3.04,20502000
Z74.SI,20100909,3.15,3.17,3.11,3.11,19907000
Z74.SI,20100908,3.16,3.17,3.12,3.17,27108000
Z74.SI,20100907,3.12,3.16,3.10,3.15,26284000
Z74.SI,20100906,3.08,3.13,3.04,3.09,19247000
Z74.SI,20100905,3.12,3.13,3.05,3.08,22105000
Z74.SI,20100902,3.14,3.16,3.11,3.13,22827000
Z74.SI,20100901,3.12,3.15,3.11,3.13,26240000
Z74.SI,20100831,3.12,3.13,3.09,3.11,39180000
Z74.SI,20100829,3.11,3.15,3.10,3.13,20952000
Z74.SI,20100826,3.04,3.13,3.01,3.10,42657000
Z74.SI,20100825,3.02,3.05,2.99,3.04,31096000
Z74.SI,20100824,3.01,3.02,2.95,2.99,25416000
Z74.SI,20100823,2.90,3.00,2.90,3.00,33141000
Z74.SI,20100822,2.85,2.90,2.84,2.90,38047000
Z74.SI,20100819,2.86,2.90,2.84,2.87,28429000
Z74.SI,20100818,2.97,2.98,2.89,2.89,22355000
Z74.SI,20100817,3.02,3.03,2.94,2.98,27521000
Z74.SI,20100816,3.04,3.04,2.99,3.01,17194000
Z74.SI,20100815,3.03,3.04,2.98,3.02,27722000
Z74.SI,20100812,2.92,2.98,2.86,2.98,51869000
Z74.SI,20100811,2.95,2.96,2.86,2.92,42525000
Z74.SI,20100810,2.98,3.01,2.95,2.95,70373000
Z74.SI,20100808,3.05,3.06,2.92,2.96,52902000
Z74.SI,20100805,3.10,3.13,3.05,3.06,70125000
Z74.SI,20100804,3.33,3.36,3.31,3.33,33063000
Z74.SI,20100803,3.37,3.39,3.31,3.31,45224000
Z74.SI,20100802,3.40,3.41,3.38,3.39,29886000
Z74.SI,20100801,3.37,3.40,3.36,3.39,32244000
Z74.SI,20100729,3.33,3.37,3.32,3.36,35962000
Z74.SI,20100728,3.31,3.33,3.30,3.32,9562000
Z74.SI,20100727,3.31,3.33,3.31,3.33,7760000
Z74.SI,20100726,3.30,3.33,3.29,3.33,21474000
Z74.SI,20100725,3.29,3.30,3.27,3.29,19401000
Z74.SI,20100722,3.32,3.33,3.31,3.32,21248000
Z74.SI,20100721,3.26,3.32,3.24,3.31,35833000
Z74.SI,20100720,3.24,3.27,3.22,3.27,31395000
Z74.SI,20100719,3.22,3.23,3.21,3.22,12009000
Z74.SI,20100718,3.21,3.22,3.19,3.22,11054000
Z74.SI,20100715,3.21,3.22,3.20,3.21,7419000
Z74.SI,20100714,3.21,3.23,3.20,3.20,24806000
Z74.SI,20100713,3.19,3.21,3.19,3.20,25012000
Z74.SI,20100712,3.16,3.17,3.14,3.16,21158000
Z74.SI,20100711,3.17,3.19,3.16,3.18,11122000
Z74.SI,20100708,3.17,3.19,3.16,3.19,10961000
Z74.SI,20100707,3.18,3.18,3.15,3.15,17453000
Z74.SI,20100706,3.19,3.20,3.14,3.17,27871000
Z74.SI,20100705,3.21,3.21,3.15,3.19,14521000
Z74.SI,20100704,3.19,3.20,3.18,3.20,15168000
Z74.SI,20100701,3.16,3.18,3.15,3.17,18326000
Z74.SI,20100630,3.11,3.16,3.10,3.16,51819000
Z74.SI,20100629,3.10,3.11,3.07,3.09,25863000
Z74.SI,20100628,3.09,3.09,3.06,3.08,26524000
Z74.SI,20100627,3.10,3.10,3.04,3.06,46237000
Z74.SI,20100624,3.11,3.13,3.10,3.12,25070000
Z74.SI,20100623,3.08,3.12,3.06,3.11,21368000
Z74.SI,20100622,3.08,3.09,3.06,3.09,35091000
Z74.SI,20100621,3.04,3.08,3.03,3.07,29923000
Z74.SI,20100620,3.03,3.04,3.01,3.02,19184000
Z74.SI,20100617,3.04,3.04,3.00,3.01,32693000
Z74.SI,20100616,3.06,3.06,3.03,3.04,27797000
Z74.SI,20100615,3.09,3.10,3.07,3.08,20195000
Z74.SI,20100614,3.10,3.10,3.08,3.09,19795000
Z74.SI,20100613,3.11,3.14,3.10,3.10,11397000
Z74.SI,20100610,3.12,3.14,3.11,3.12,19637000
Z74.SI,20100609,3.13,3.14,3.10,3.12,24203000
Z74.SI,20100608,3.13,3.14,3.10,3.12,23087000
Z74.SI,20100607,3.13,3.16,3.12,3.13,21869000
Z74.SI,20100606,3.16,3.17,3.12,3.14,14360000
Z74.SI,20100603,3.22,3.22,3.16,3.17,9729000
Z74.SI,20100602,3.22,3.23,3.20,3.22,8612000
Z74.SI,20100601,3.21,3.26,3.21,3.25,24357000
Z74.SI,20100531,3.16,3.21,3.16,3.18,16309000
Z74.SI,20100530,3.17,3.17,3.15,3.16,6904000
Z74.SI,20100527,3.14,3.19,3.14,3.18,15524000
Z74.SI,20100526,3.13,3.14,3.11,3.13,7190000
Z74.SI,20100525,3.13,3.14,3.09,3.13,14132000
Z74.SI,20100524,3.11,3.15,3.11,3.13,9796000
Z74.SI,20100523,3.20,3.21,3.11,3.11,21957000
Z74.SI,20100520,3.20,3.24,3.20,3.22,15915000
Z74.SI,20100519,3.14,3.19,3.14,3.18,15978000
Z74.SI,20100518,3.18,3.18,3.12,3.12,17853000
Z74.SI,20100516,3.16,3.19,3.16,3.16,10253000
Z74.SI,20100513,3.17,3.18,3.16,3.18,23868000
Z74.SI,20100512,3.14,3.18,3.13,3.16,31104000
Z74.SI,20100511,3.14,3.15,3.12,3.14,15272000
Z74.SI,20100510,3.10,3.14,3.09,3.13,10099000
Z74.SI,20100509,3.10,3.12,3.08,3.09,9608000
Z74.SI,20100506,3.09,3.09,3.04,3.09,11116000
Z74.SI,20100505,3.10,3.12,3.07,3.10,22964000
Z74.SI,20100504,3.13,3.13,3.09,3.09,21764000
Z74.SI,20100503,3.12,3.13,3.10,3.13,15226000
Z74.SI,20100429,3.13,3.13,3.11,3.12,32183000
Z74.SI,20100428,3.15,3.15,3.11,3.12,14185000
Z74.SI,20100427,3.15,3.16,3.10,3.13,16148000
Z74.SI,20100426,3.14,3.15,3.12,3.13,11732000
Z74.SI,20100425,3.12,3.16,3.12,3.14,17232000
Z74.SI,20100421,3.09,3.13,3.08,3.11,27690000
Z74.SI,20100420,3.05,3.11,3.05,3.09,23102000
Z74.SI,20100419,3.04,3.04,3.00,3.03,8830000
Z74.SI,20100418,3.06,3.06,3.01,3.05,10592000
Z74.SI,20100415,3.05,3.06,3.02,3.05,16697000
Z74.SI,20100414,3.07,3.07,3.02,3.05,15671000
Z74.SI,20100413,3.03,3.07,3.03,3.06,20434000
Z74.SI,20100412,3.04,3.04,2.99,3.01,17469000
Z74.SI,20100411,3.07,3.07,3.04,3.05,6323000
Z74.SI,20100408,3.06,3.07,3.03,3.05,10776000
Z74.SI,20100407,3.07,3.08,3.03,3.06,23053000
Z74.SI,20100406,3.05,3.07,3.03,3.07,16310000
Z74.SI,20100405,3.05,3.05,3.02,3.03,10116000
Z74.SI,20100404,3.04,3.06,3.02,3.05,14797000
Z74.SI,20100401,3.01,3.04,3.00,3.04,13279000
Z74.SI,20100331,3.00,3.04,2.99,3.03,41641000
Z74.SI,20100330,2.96,3.00,2.94,2.99,30474000
Z74.SI,20100329,2.95,2.95,2.92,2.94,10399000
Z74.SI,20100328,2.93,2.95,2.91,2.94,11473000
Z74.SI,20100325,2.93,2.94,2.89,2.91,21442000
Z74.SI,20100324,2.93,2.94,2.90,2.92,11692000
Z74.SI,20100323,2.95,2.95,2.92,2.94,14863000
Z74.SI,20100322,2.95,2.97,2.92,2.96,26923000
Z74.SI,20100321,2.87,2.94,2.87,2.92,28664000
Z74.SI,20100318,2.87,2.89,2.84,2.85,35027000
Z74.SI,20100317,2.87,2.88,2.85,2.85,41667000
Z74.SI,20100316,2.93,2.95,2.88,2.91,26689000
Z74.SI,20100315,2.93,2.93,2.87,2.90,31302000
Z74.SI,20100314,2.94,2.98,2.93,2.95,9464000
Z74.SI,20100311,2.97,2.99,2.93,2.96,18543000
Z74.SI,20100310,3.05,3.05,2.97,3.00,16078000
Z74.SI,20100309,3.01,3.07,3.00,3.04,27270000
Z74.SI,20100308,2.94,3.02,2.94,3.00,24613000
Z74.SI,20100307,2.92,2.97,2.91,2.93,26475000
Z74.SI,20100304,2.91,2.95,2.90,2.91,17616000
Z74.SI,20100303,2.91,2.92,2.89,2.90,24881000
Z74.SI,20100302,2.97,2.97,2.91,2.91,15968000
Z74.SI,20100301,2.99,3.00,2.97,3.00,10238000
Z74.SI,20100228,2.95,2.97,2.93,2.97,26587000
Z74.SI,20100225,2.88,2.99,2.87,2.98,27472000
Z74.SI,20100224,2.88,2.91,2.85,2.86,23197000
Z74.SI,20100223,2.89,2.92,2.88,2.89,23652000
Z74.SI,20100222,2.92,2.92,2.89,2.89,17097000
Z74.SI,20100221,2.94,2.96,2.92,2.94,16809000
Z74.SI,20100218,2.97,2.98,2.94,2.95,33986000
Z74.SI,20100217,3.02,3.02,2.96,2.96,35175000
Z74.SI,20100216,3.03,3.04,3.01,3.03,15465000
Z74.SI,20100215,3.05,3.05,3.01,3.04,14869000
Z74.SI,20100214,3.06,3.08,3.04,3.04,19858000
Z74.SI,20100211,3.04,3.08,3.03,3.04,24671000
Z74.SI,20100210,3.07,3.08,3.03,3.05,17980000
Z74.SI,20100209,3.11,3.12,3.05,3.09,27111000
Z74.SI,20100208,3.12,3.12,3.09,3.12,10652000
Z74.SI,20100207,3.11,3.13,3.08,3.11,16790000
Z74.SI,20100202,3.07,3.10,3.06,3.10,7541000
Z74.SI,20100201,3.10,3.10,3.06,3.06,20981000
Z74.SI,20100131,3.14,3.15,3.10,3.10,26956000
Z74.SI,20100128,3.10,3.16,3.10,3.16,24960000
Z74.SI,20100127,3.13,3.14,3.10,3.13,15286000
Z74.SI,20100126,3.07,3.14,3.06,3.14,27137000
Z74.SI,20100125,3.05,3.08,3.04,3.07,17526000
Z74.SI,20100124,3.04,3.05,3.03,3.03,4818000
Z74.SI,20100121,3.05,3.05,3.03,3.04,13769000
Z74.SI,20100120,3.06,3.07,3.04,3.04,11622000
Z74.SI,20100119,3.08,3.09,3.06,3.06,10351000
Z74.SI,20100118,3.08,3.10,3.07,3.09,6724000
Z74.SI,20100117,3.10,3.10,3.07,3.09,6751000
Z74.SI,20100114,3.09,3.10,3.08,3.10,11546000
Z74.SI,20100113,3.09,3.09,3.07,3.09,10020000
Z74.SI,20100112,3.07,3.11,3.06,3.09,18675000
Z74.SI,20100111,3.05,3.08,3.04,3.07,10222000
Z74.SI,20100110,3.06,3.07,3.05,3.05,11499000
Z74.SI,20100107,3.07,3.08,3.05,3.06,11335000
Z74.SI,20100106,3.07,3.09,3.05,3.08,10472000
Z74.SI,20100105,3.06,3.07,3.05,3.07,8972000
Z74.SI,20100104,3.08,3.09,3.07,3.07,10104000
Z74.SI,20100103,3.07,3.08,3.06,3.07,4530000
