S23.SI,20120605,1.535,1.535,1.535,1.535,10000
S23.SI,20120604,1.53,1.53,1.53,1.53,22000
S23.SI,20120603,1.53,1.53,1.53,1.53,3000
S23.SI,20120531,1.54,1.54,1.54,1.54,000
S23.SI,20120530,1.54,1.54,1.54,1.54,000
S23.SI,20120529,1.54,1.54,1.54,1.54,3000
S23.SI,20120528,1.54,1.54,1.54,1.54,000
S23.SI,20120527,1.54,1.54,1.54,1.54,000
S23.SI,20120524,1.54,1.54,1.54,1.54,000
S23.SI,20120523,1.54,1.54,1.54,1.54,19000
S23.SI,20120522,1.54,1.54,1.54,1.54,2000
S23.SI,20120521,1.53,1.53,1.53,1.53,7000
S23.SI,20120520,1.55,1.56,1.55,1.55,51000
S23.SI,20120517,1.55,1.55,1.55,1.55,14000
S23.SI,20120516,1.55,1.55,1.55,1.55,1000
S23.SI,20120515,1.55,1.55,1.55,1.55,24000
S23.SI,20120514,1.53,1.55,1.53,1.55,8000
S23.SI,20120513,1.53,1.53,1.53,1.53,5000
S23.SI,20120510,1.56,1.56,1.54,1.54,25000
S23.SI,20120509,1.55,1.55,1.55,1.55,2000
S23.SI,20120508,1.55,1.56,1.55,1.55,37000
S23.SI,20120507,1.55,1.55,1.55,1.55,1000
S23.SI,20120506,1.54,1.54,1.54,1.54,000
S23.SI,20120503,1.54,1.54,1.54,1.54,5000
S23.SI,20120502,1.54,1.54,1.54,1.55,18000
S23.SI,20120501,1.55,1.55,1.55,1.55,000
S23.SI,20120430,1.55,1.55,1.55,1.55,000
S23.SI,20120429,1.55,1.55,1.55,1.55,51000
S23.SI,20120426,1.55,1.55,1.54,1.54,55000
S23.SI,20120425,1.54,1.54,1.54,1.54,000
S23.SI,20120424,1.54,1.54,1.54,1.54,000
S23.SI,20120423,1.54,1.54,1.54,1.54,4000
S23.SI,20120422,1.54,1.55,1.54,1.54,11000
S23.SI,20120419,1.54,1.55,1.54,1.54,7000
S23.SI,20120418,1.55,1.55,1.55,1.55,26000
S23.SI,20120417,1.55,1.55,1.55,1.55,17000
S23.SI,20120416,1.55,1.55,1.55,1.55,6000
S23.SI,20120415,1.54,1.54,1.54,1.54,1000
S23.SI,20120412,1.54,1.54,1.54,1.54,000
S23.SI,20120411,1.55,1.55,1.54,1.54,22000
S23.SI,20120410,1.55,1.55,1.54,1.54,23000
S23.SI,20120409,1.55,1.55,1.54,1.54,16000
S23.SI,20120408,1.54,1.54,1.54,1.54,11000
S23.SI,20120405,1.55,1.55,1.55,1.55,000
S23.SI,20120404,1.55,1.55,1.55,1.55,18000
S23.SI,20120403,1.55,1.55,1.55,1.55,5000
S23.SI,20120402,1.53,1.53,1.53,1.53,1000
S23.SI,20120401,1.55,1.55,1.55,1.55,000
S23.SI,20120329,1.55,1.55,1.55,1.55,000
S23.SI,20120328,1.55,1.55,1.55,1.55,4000
S23.SI,20120327,1.54,1.54,1.54,1.54,3000
S23.SI,20120326,1.55,1.55,1.55,1.55,000
S23.SI,20120325,1.55,1.55,1.55,1.55,000
S23.SI,20120322,1.55,1.55,1.55,1.55,2000
S23.SI,20120321,1.54,1.54,1.54,1.54,3000
S23.SI,20120320,1.53,1.53,1.53,1.53,20000
S23.SI,20120319,1.54,1.54,1.54,1.54,5000
S23.SI,20120318,1.54,1.54,1.54,1.54,000
S23.SI,20120315,1.54,1.54,1.54,1.54,5000
S23.SI,20120314,1.53,1.54,1.53,1.54,3000
S23.SI,20120313,1.54,1.54,1.54,1.54,000
S23.SI,20120312,1.54,1.55,1.54,1.54,10000
S23.SI,20120311,1.56,1.56,1.56,1.56,000
S23.SI,20120308,1.56,1.56,1.56,1.56,000
S23.SI,20120307,1.56,1.56,1.56,1.56,000
S23.SI,20120306,1.53,1.56,1.53,1.56,9000
S23.SI,20120305,1.56,1.56,1.56,1.56,6000
S23.SI,20120304,1.55,1.56,1.55,1.55,16000
S23.SI,20120301,1.53,1.53,1.53,1.53,3000
S23.SI,20120229,1.53,1.53,1.53,1.53,2000
S23.SI,20120228,1.53,1.53,1.53,1.53,10000
S23.SI,20120227,1.55,1.55,1.55,1.55,000
S23.SI,20120226,1.55,1.55,1.55,1.55,000
S23.SI,20120223,1.55,1.55,1.55,1.55,8000
S23.SI,20120222,1.55,1.55,1.55,1.55,000
S23.SI,20120221,1.55,1.55,1.55,1.55,10000
S23.SI,20120220,1.56,1.56,1.56,1.56,11000
S23.SI,20120219,1.56,1.56,1.56,1.56,000
S23.SI,20120216,1.56,1.56,1.56,1.56,5000
S23.SI,20120215,1.55,1.56,1.55,1.55,47000
S23.SI,20120214,1.54,1.54,1.54,1.54,000
S23.SI,20120213,1.54,1.54,1.54,1.54,000
S23.SI,20120212,1.54,1.54,1.54,1.54,000
S23.SI,20120209,1.54,1.54,1.54,1.54,000
S23.SI,20120208,1.54,1.54,1.54,1.54,4000
S23.SI,20120207,1.53,1.55,1.53,1.55,20000
S23.SI,20120206,1.54,1.54,1.54,1.54,000
S23.SI,20120205,1.54,1.54,1.54,1.54,11000
S23.SI,20120202,1.57,1.57,1.53,1.53,6000
S23.SI,20120201,1.55,1.55,1.55,1.55,000
S23.SI,20120131,1.55,1.55,1.55,1.55,9000
S23.SI,20120130,1.55,1.55,1.55,1.55,12000
S23.SI,20120129,1.55,1.55,1.55,1.55,6000
S23.SI,20120126,1.55,1.55,1.55,1.55,000
S23.SI,20120125,1.55,1.55,1.55,1.55,000
S23.SI,20120124,1.55,1.55,1.55,1.55,000
S23.SI,20120123,1.55,1.55,1.55,1.55,3000
S23.SI,20120122,1.55,1.55,1.55,1.55,5000
S23.SI,20120119,1.55,1.55,1.55,1.55,2000
S23.SI,20120118,1.55,1.55,1.55,1.55,10000
S23.SI,20120117,1.53,1.53,1.53,1.53,5000
S23.SI,20120116,1.54,1.55,1.54,1.54,11000
S23.SI,20120115,1.54,1.54,1.54,1.54,32000
S23.SI,20120112,1.55,1.55,1.55,1.55,000
S23.SI,20120111,1.55,1.55,1.55,1.55,5000
S23.SI,20120110,1.54,1.55,1.54,1.55,27000
S23.SI,20120109,1.54,1.54,1.54,1.54,000
S23.SI,20120108,1.51,1.54,1.51,1.54,37000
S23.SI,20120105,1.51,1.52,1.51,1.52,7000
S23.SI,20120104,1.52,1.52,1.51,1.51,29000
S23.SI,20120103,1.50,1.50,1.50,1.50,11000
S23.SI,20120102,1.52,1.52,1.52,1.52,000
S23.SI,20120101,1.52,1.52,1.52,1.52,000
S23.SI,20111229,1.52,1.52,1.52,1.52,000
S23.SI,20111228,1.52,1.52,1.52,1.52,1000
S23.SI,20111227,1.52,1.52,1.52,1.52,6000
S23.SI,20111226,1.51,1.51,1.51,1.51,000
S23.SI,20111225,1.51,1.51,1.51,1.51,4000
S23.SI,20111222,1.51,1.51,1.51,1.51,000
S23.SI,20111221,1.51,1.51,1.51,1.51,000
S23.SI,20111220,1.51,1.51,1.51,1.51,5000
S23.SI,20111219,1.51,1.51,1.51,1.51,000
S23.SI,20111218,1.51,1.51,1.51,1.51,000
S23.SI,20111215,1.51,1.51,1.51,1.51,000
S23.SI,20111214,1.50,1.51,1.50,1.51,3000
S23.SI,20111213,1.50,1.50,1.50,1.50,5000
S23.SI,20111212,1.50,1.51,1.50,1.51,6000
S23.SI,20111211,1.49,1.49,1.49,1.49,2000
S23.SI,20111208,1.50,1.50,1.50,1.50,3000
S23.SI,20111207,1.50,1.50,1.50,1.50,000
S23.SI,20111206,1.50,1.50,1.50,1.50,000
S23.SI,20111205,1.50,1.50,1.50,1.50,000
S23.SI,20111204,1.50,1.50,1.50,1.50,000
S23.SI,20111201,1.50,1.50,1.50,1.50,4000
S23.SI,20111130,1.50,1.50,1.50,1.50,1000
S23.SI,20111129,1.50,1.50,1.50,1.50,000
S23.SI,20111128,1.50,1.50,1.50,1.50,5000
S23.SI,20111127,1.49,1.49,1.49,1.49,000
S23.SI,20111124,1.49,1.49,1.49,1.49,000
S23.SI,20111123,1.49,1.49,1.49,1.49,9000
S23.SI,20111122,1.50,1.50,1.50,1.50,2000
S23.SI,20111121,1.50,1.50,1.50,1.50,20000
S23.SI,20111120,1.49,1.50,1.49,1.50,7000
S23.SI,20111117,1.51,1.51,1.51,1.51,000
S23.SI,20111116,1.51,1.51,1.51,1.51,20000
S23.SI,20111115,1.50,1.51,1.50,1.51,24000
S23.SI,20111114,1.50,1.50,1.50,1.50,000
S23.SI,20111113,1.50,1.50,1.50,1.50,7000
S23.SI,20111110,1.50,1.52,1.50,1.50,23000
S23.SI,20111109,1.51,1.51,1.51,1.51,000
S23.SI,20111108,1.51,1.51,1.51,1.51,000
S23.SI,20111107,1.51,1.51,1.51,1.51,6000
S23.SI,20111106,1.51,1.51,1.51,1.51,1000
S23.SI,20111103,1.52,1.52,1.52,1.52,5000
S23.SI,20111102,1.54,1.54,1.52,1.52,5000
S23.SI,20111101,1.60,1.60,1.60,1.60,28000
S23.SI,20111031,1.60,1.60,1.60,1.60,23000
S23.SI,20111030,1.61,1.61,1.60,1.61,31000
S23.SI,20111027,1.61,1.61,1.61,1.61,000
S23.SI,20111026,1.61,1.61,1.61,1.61,13000
S23.SI,20111025,1.61,1.61,1.61,1.61,12000
S23.SI,20111024,1.62,1.62,1.62,1.62,000
S23.SI,20111023,1.62,1.62,1.62,1.62,5000
S23.SI,20111020,1.62,1.62,1.60,1.62,4000
S23.SI,20111019,1.63,1.63,1.63,1.63,18000
S23.SI,20111018,1.62,1.63,1.62,1.63,15000
S23.SI,20111017,1.63,1.63,1.63,1.63,11000
S23.SI,20111016,1.61,1.62,1.61,1.62,12000
S23.SI,20111013,1.60,1.60,1.60,1.60,10000
S23.SI,20111012,1.62,1.62,1.62,1.62,4000
S23.SI,20111011,1.62,1.62,1.62,1.62,14000
S23.SI,20111010,1.61,1.62,1.61,1.62,23000
S23.SI,20111009,1.61,1.61,1.61,1.61,28000
S23.SI,20111006,1.61,1.61,1.61,1.61,9000
S23.SI,20111005,1.60,1.61,1.60,1.61,12000
S23.SI,20111004,1.60,1.60,1.58,1.59,38000
S23.SI,20111003,1.60,1.60,1.60,1.60,11000
S23.SI,20111002,1.60,1.60,1.60,1.60,25000
S23.SI,20110929,1.60,1.60,1.59,1.59,10000
S23.SI,20110928,1.58,1.58,1.58,1.58,10000
S23.SI,20110927,1.59,1.59,1.59,1.59,000
S23.SI,20110926,1.60,1.60,1.59,1.59,13000
S23.SI,20110925,1.59,1.59,1.59,1.59,3000
S23.SI,20110922,1.59,1.59,1.59,1.59,6000
S23.SI,20110921,1.60,1.60,1.58,1.58,39000
S23.SI,20110920,1.59,1.60,1.59,1.60,23000
S23.SI,20110919,1.58,1.60,1.58,1.60,40000
S23.SI,20110918,1.59,1.60,1.59,1.59,16000
S23.SI,20110915,1.59,1.59,1.58,1.59,19000
S23.SI,20110914,1.57,1.57,1.55,1.55,165000
S23.SI,20110913,1.59,1.60,1.57,1.58,55000
S23.SI,20110912,1.59,1.59,1.58,1.59,33000
S23.SI,20110911,1.59,1.59,1.59,1.59,3000
S23.SI,20110908,1.59,1.59,1.59,1.59,1000
S23.SI,20110907,1.59,1.59,1.59,1.59,3000
S23.SI,20110906,1.58,1.58,1.58,1.58,37000
S23.SI,20110905,1.59,1.60,1.59,1.60,15000
S23.SI,20110904,1.59,1.60,1.58,1.58,9000
S23.SI,20110901,1.54,1.60,1.54,1.60,13000
S23.SI,20110831,1.60,1.60,1.59,1.59,6000
S23.SI,20110830,1.59,1.59,1.59,1.59,5000
S23.SI,20110829,1.59,1.60,1.59,1.60,13000
S23.SI,20110828,1.58,1.59,1.58,1.59,38000
S23.SI,20110825,1.57,1.58,1.57,1.58,19000
S23.SI,20110824,1.58,1.58,1.58,1.58,5000
S23.SI,20110823,1.58,1.58,1.58,1.58,000
S23.SI,20110822,1.58,1.58,1.58,1.58,000
S23.SI,20110821,1.58,1.58,1.58,1.58,000
S23.SI,20110818,1.58,1.58,1.58,1.58,000
S23.SI,20110817,1.58,1.58,1.58,1.58,8000
S23.SI,20110816,1.55,1.55,1.55,1.55,000
S23.SI,20110815,1.55,1.55,1.55,1.55,000
S23.SI,20110814,1.55,1.55,1.55,1.55,3000
S23.SI,20110811,1.54,1.54,1.54,1.54,5000
S23.SI,20110810,1.54,1.54,1.54,1.54,000
S23.SI,20110809,1.53,1.54,1.53,1.54,29000
S23.SI,20110808,1.52,1.52,1.52,1.52,000
S23.SI,20110807,1.52,1.52,1.52,1.52,000
S23.SI,20110804,1.52,1.52,1.52,1.52,000
S23.SI,20110803,1.52,1.52,1.51,1.52,18000
S23.SI,20110802,1.54,1.54,1.51,1.51,3000
S23.SI,20110801,1.54,1.54,1.54,1.54,000
S23.SI,20110731,1.54,1.54,1.54,1.54,000
S23.SI,20110728,1.53,1.54,1.53,1.54,4000
S23.SI,20110727,1.52,1.52,1.52,1.52,2000
S23.SI,20110726,1.52,1.52,1.52,1.52,5000
S23.SI,20110725,1.53,1.57,1.53,1.57,9000
S23.SI,20110724,1.57,1.57,1.52,1.52,26000
S23.SI,20110721,1.53,1.58,1.53,1.58,17000
S23.SI,20110720,1.52,1.52,1.52,1.52,000
S23.SI,20110719,1.52,1.52,1.52,1.52,000
S23.SI,20110718,1.52,1.52,1.52,1.52,000
S23.SI,20110717,1.52,1.52,1.52,1.52,6000
S23.SI,20110714,1.54,1.54,1.53,1.53,8000
S23.SI,20110713,1.55,1.55,1.54,1.54,13000
S23.SI,20110712,1.56,1.56,1.56,1.56,000
S23.SI,20110711,1.55,1.56,1.55,1.56,10000
S23.SI,20110710,1.55,1.55,1.55,1.55,16000
S23.SI,20110707,1.54,1.54,1.54,1.54,27000
S23.SI,20110706,1.53,1.53,1.53,1.53,000
S23.SI,20110705,1.52,1.53,1.52,1.53,11000
S23.SI,20110704,1.52,1.52,1.52,1.52,9000
S23.SI,20110703,1.51,1.51,1.51,1.51,000
S23.SI,20110630,1.51,1.51,1.51,1.51,000
S23.SI,20110629,1.51,1.51,1.51,1.51,33000
S23.SI,20110628,1.50,1.50,1.50,1.50,10000
S23.SI,20110627,1.50,1.50,1.50,1.50,000
S23.SI,20110626,1.50,1.50,1.50,1.50,000
S23.SI,20110623,1.50,1.50,1.50,1.50,5000
S23.SI,20110622,1.50,1.50,1.50,1.50,1000
S23.SI,20110621,1.50,1.50,1.50,1.50,10000
S23.SI,20110620,1.50,1.50,1.50,1.50,000
S23.SI,20110619,1.50,1.50,1.50,1.50,5000
S23.SI,20110616,1.49,1.49,1.49,1.49,9000
S23.SI,20110615,1.50,1.50,1.50,1.50,000
S23.SI,20110614,1.50,1.50,1.50,1.50,000
S23.SI,20110613,1.50,1.50,1.50,1.50,21000
S23.SI,20110612,1.48,1.48,1.48,1.48,000
S23.SI,20110609,1.48,1.48,1.48,1.48,000
S23.SI,20110608,1.52,1.52,1.48,1.48,33000
S23.SI,20110607,1.48,1.48,1.48,1.48,000
S23.SI,20110606,1.49,1.49,1.48,1.48,13000
S23.SI,20110605,1.50,1.50,1.50,1.50,10000
S23.SI,20110602,1.50,1.50,1.50,1.50,000
S23.SI,20110601,1.50,1.50,1.50,1.50,3000
S23.SI,20110531,1.50,1.50,1.50,1.50,000
S23.SI,20110530,1.50,1.50,1.50,1.50,000
S23.SI,20110529,1.50,1.50,1.50,1.50,000
S23.SI,20110526,1.50,1.50,1.50,1.50,000
S23.SI,20110525,1.50,1.50,1.50,1.50,000
S23.SI,20110524,1.50,1.50,1.50,1.50,000
S23.SI,20110523,1.50,1.50,1.50,1.50,4000
S23.SI,20110522,1.55,1.55,1.55,1.55,000
S23.SI,20110519,1.55,1.55,1.55,1.55,000
S23.SI,20110518,1.55,1.55,1.55,1.55,000
S23.SI,20110517,1.55,1.55,1.55,1.55,000
S23.SI,20110516,1.54,1.55,1.54,1.55,8000
S23.SI,20110515,1.52,1.52,1.52,1.52,000
S23.SI,20110512,1.52,1.52,1.52,1.52,000
S23.SI,20110511,1.52,1.52,1.52,1.52,8000
S23.SI,20110510,1.52,1.52,1.52,1.52,4000
S23.SI,20110509,1.52,1.53,1.52,1.53,16000
S23.SI,20110508,1.52,1.52,1.52,1.52,1000
S23.SI,20110505,1.54,1.54,1.52,1.52,20000
S23.SI,20110504,1.55,1.55,1.55,1.55,000
S23.SI,20110503,1.55,1.55,1.55,1.55,000
S23.SI,20110502,1.55,1.55,1.55,1.55,000
S23.SI,20110501,1.55,1.55,1.55,1.55,10000
S23.SI,20110428,1.53,1.53,1.53,1.53,2000
S23.SI,20110427,1.53,1.53,1.53,1.53,000
S23.SI,20110426,1.53,1.53,1.53,1.53,000
S23.SI,20110425,1.53,1.53,1.53,1.53,000
S23.SI,20110424,1.52,1.53,1.52,1.53,18000
S23.SI,20110421,1.52,1.52,1.52,1.52,000
S23.SI,20110420,1.52,1.52,1.52,1.52,000
S23.SI,20110419,1.52,1.52,1.52,1.52,8000
S23.SI,20110418,1.52,1.52,1.52,1.52,000
S23.SI,20110417,1.52,1.52,1.52,1.52,000
S23.SI,20110414,1.51,1.52,1.51,1.52,12000
S23.SI,20110413,1.51,1.51,1.51,1.51,5000
S23.SI,20110412,1.53,1.53,1.53,1.53,11000
S23.SI,20110411,1.52,1.53,1.52,1.53,9000
S23.SI,20110410,1.52,1.52,1.52,1.52,5000
S23.SI,20110407,1.51,1.51,1.51,1.51,000
S23.SI,20110406,1.51,1.51,1.51,1.51,1000
S23.SI,20110405,1.51,1.53,1.51,1.53,3000
S23.SI,20110404,1.52,1.52,1.52,1.52,000
S23.SI,20110403,1.52,1.52,1.52,1.52,000
S23.SI,20110331,1.52,1.52,1.52,1.52,1000
S23.SI,20110330,1.52,1.52,1.52,1.52,1000
S23.SI,20110329,1.52,1.52,1.52,1.52,000
S23.SI,20110328,1.52,1.52,1.52,1.52,1000
S23.SI,20110327,1.54,1.54,1.54,1.54,000
S23.SI,20110324,1.54,1.54,1.54,1.54,2000
S23.SI,20110323,1.53,1.53,1.53,1.53,7000
S23.SI,20110322,1.52,1.52,1.52,1.52,10000
S23.SI,20110321,1.52,1.52,1.52,1.52,000
S23.SI,20110320,1.52,1.52,1.52,1.52,2000
S23.SI,20110317,1.50,1.50,1.50,1.50,000
S23.SI,20110316,1.50,1.50,1.50,1.50,000
S23.SI,20110315,1.50,1.50,1.50,1.50,1000
S23.SI,20110314,1.48,1.48,1.48,1.48,4000
S23.SI,20110313,1.52,1.52,1.52,1.52,1000
S23.SI,20110310,1.52,1.52,1.52,1.52,000
S23.SI,20110309,1.52,1.52,1.52,1.52,000
S23.SI,20110308,1.52,1.52,1.52,1.52,000
S23.SI,20110307,1.52,1.52,1.52,1.52,2000
S23.SI,20110306,1.52,1.52,1.52,1.52,8000
S23.SI,20110303,1.52,1.52,1.52,1.52,3000
S23.SI,20110302,1.52,1.52,1.52,1.52,1000
S23.SI,20110301,1.50,1.50,1.50,1.50,2000
S23.SI,20110228,1.51,1.51,1.51,1.51,000
S23.SI,20110227,1.51,1.51,1.51,1.51,9000
S23.SI,20110224,1.51,1.51,1.51,1.51,000
S23.SI,20110223,1.51,1.51,1.51,1.51,000
S23.SI,20110222,1.51,1.51,1.51,1.51,25000
S23.SI,20110221,1.51,1.51,1.51,1.51,1000
S23.SI,20110220,1.50,1.50,1.50,1.50,000
S23.SI,20110217,1.50,1.50,1.50,1.50,000
S23.SI,20110216,1.50,1.50,1.50,1.50,000
S23.SI,20110215,1.50,1.50,1.50,1.50,35000
S23.SI,20110214,1.52,1.52,1.52,1.52,2000
S23.SI,20110213,1.50,1.51,1.50,1.51,4000
S23.SI,20110210,1.50,1.50,1.50,1.50,5000
S23.SI,20110209,1.50,1.50,1.50,1.50,000
S23.SI,20110208,1.50,1.50,1.50,1.50,18000
S23.SI,20110207,1.51,1.51,1.51,1.51,000
S23.SI,20110206,1.50,1.51,1.50,1.51,9000
S23.SI,20110203,1.48,1.48,1.48,1.48,19000
S23.SI,20110202,1.45,1.45,1.45,1.45,000
S23.SI,20110201,1.45,1.45,1.45,1.45,000
S23.SI,20110131,1.45,1.45,1.45,1.45,2000
S23.SI,20110130,1.48,1.48,1.48,1.48,7000
S23.SI,20110127,1.49,1.49,1.48,1.49,9000
S23.SI,20110126,1.48,1.48,1.48,1.48,5000
S23.SI,20110125,1.48,1.48,1.48,1.48,2000
S23.SI,20110124,1.48,1.48,1.48,1.48,000
S23.SI,20110123,1.48,1.48,1.48,1.48,000
S23.SI,20110120,1.48,1.48,1.48,1.48,3000
S23.SI,20110119,1.45,1.45,1.45,1.45,000
S23.SI,20110118,1.45,1.46,1.45,1.45,27000
S23.SI,20110117,1.43,1.43,1.43,1.43,000
S23.SI,20110116,1.43,1.43,1.43,1.43,1000
S23.SI,20110113,1.43,1.43,1.43,1.43,5000
S23.SI,20110112,1.42,1.42,1.42,1.42,20000
S23.SI,20110111,1.42,1.42,1.42,1.42,30000
S23.SI,20110110,1.42,1.42,1.42,1.42,20000
S23.SI,20110109,1.41,1.41,1.41,1.41,10000
S23.SI,20110106,1.42,1.42,1.42,1.42,000
S23.SI,20110105,1.42,1.42,1.42,1.42,000
S23.SI,20110104,1.41,1.46,1.41,1.42,39000
S23.SI,20110103,1.40,1.40,1.40,1.40,14000
S23.SI,20110102,1.40,1.40,1.40,1.40,000
S23.SI,20101230,1.40,1.40,1.40,1.40,19000
S23.SI,20101229,1.40,1.40,1.40,1.40,22000
S23.SI,20101228,1.40,1.40,1.40,1.40,000
S23.SI,20101227,1.40,1.40,1.40,1.40,000
S23.SI,20101226,1.40,1.40,1.40,1.40,000
S23.SI,20101223,1.40,1.40,1.40,1.40,000
S23.SI,20101222,1.40,1.40,1.40,1.40,000
S23.SI,20101221,1.40,1.40,1.40,1.40,7000
S23.SI,20101220,1.40,1.40,1.40,1.40,15000
S23.SI,20101219,1.44,1.44,1.44,1.44,2000
S23.SI,20101216,1.42,1.42,1.42,1.42,2000
S23.SI,20101215,1.40,1.41,1.40,1.40,27000
S23.SI,20101214,1.43,1.43,1.40,1.40,17000
S23.SI,20101213,1.41,1.42,1.41,1.42,45000
S23.SI,20101212,1.43,1.43,1.40,1.40,50000
S23.SI,20101209,1.43,1.43,1.43,1.43,29000
S23.SI,20101208,1.46,1.46,1.46,1.46,000
S23.SI,20101207,1.45,1.46,1.44,1.46,35000
S23.SI,20101206,1.45,1.45,1.44,1.44,10000
S23.SI,20101205,1.45,1.47,1.45,1.45,111000
S23.SI,20101202,1.50,1.50,1.50,1.50,000
S23.SI,20101201,1.50,1.50,1.50,1.50,15000
S23.SI,20101130,1.45,1.45,1.45,1.45,000
S23.SI,20101129,1.45,1.45,1.45,1.45,000
S23.SI,20101128,1.45,1.45,1.45,1.45,000
S23.SI,20101125,1.45,1.46,1.45,1.45,15000
S23.SI,20101124,1.47,1.47,1.46,1.46,15000
S23.SI,20101123,1.49,1.49,1.49,1.49,000
S23.SI,20101122,1.46,1.49,1.46,1.49,23000
S23.SI,20101121,1.51,1.51,1.51,1.51,000
S23.SI,20101118,1.51,1.51,1.51,1.51,3000
S23.SI,20101117,1.51,1.51,1.51,1.51,1000
S23.SI,20101116,1.51,1.51,1.51,1.51,48000
S23.SI,20101114,1.51,1.51,1.51,1.51,2000
S23.SI,20101110,1.52,1.53,1.52,1.53,10000
S23.SI,20101109,1.51,1.55,1.51,1.54,7000
S23.SI,20101108,1.54,1.54,1.53,1.53,21000
S23.SI,20101104,1.53,1.53,1.53,1.53,8000
S23.SI,20101103,1.55,1.55,1.53,1.53,7000
S23.SI,20101031,1.54,1.54,1.53,1.53,11000
S23.SI,20101028,1.55,1.57,1.54,1.57,25000
S23.SI,20101027,1.64,1.65,1.63,1.64,90000
S23.SI,20101025,1.63,1.64,1.62,1.64,37000
S23.SI,20101024,1.64,1.64,1.63,1.64,45000
S23.SI,20101021,1.63,1.63,1.63,1.63,16000
S23.SI,20101020,1.63,1.63,1.63,1.63,20000
S23.SI,20101018,1.63,1.63,1.62,1.63,16000
S23.SI,20101017,1.63,1.63,1.63,1.63,2000
S23.SI,20101014,1.60,1.62,1.60,1.62,7000
S23.SI,20101013,1.62,1.62,1.62,1.62,10000
S23.SI,20101012,1.62,1.62,1.62,1.62,7000
S23.SI,20101011,1.62,1.62,1.61,1.61,39000
S23.SI,20101010,1.60,1.60,1.60,1.60,3000
S23.SI,20101007,1.60,1.60,1.60,1.60,11000
S23.SI,20101005,1.60,1.60,1.60,1.60,17000
S23.SI,20101004,1.56,1.56,1.56,1.56,8000
S23.SI,20101003,1.60,1.60,1.60,1.60,10000
S23.SI,20100930,1.60,1.60,1.60,1.60,6000
S23.SI,20100929,1.62,1.62,1.62,1.62,7000
S23.SI,20100927,1.60,1.63,1.60,1.63,15000
S23.SI,20100926,1.59,1.59,1.59,1.59,5000
S23.SI,20100923,1.60,1.60,1.60,1.60,40000
S23.SI,20100922,1.61,1.61,1.61,1.61,10000
S23.SI,20100920,1.63,1.65,1.63,1.65,10000
S23.SI,20100919,1.64,1.64,1.64,1.64,6000
S23.SI,20100916,1.64,1.65,1.64,1.64,10000
S23.SI,20100914,1.62,1.63,1.62,1.63,20000
S23.SI,20100913,1.61,1.62,1.60,1.62,18000
S23.SI,20100912,1.61,1.61,1.61,1.61,10000
S23.SI,20100908,1.64,1.64,1.63,1.63,11000
S23.SI,20100907,1.63,1.63,1.63,1.63,7000
S23.SI,20100902,1.64,1.64,1.62,1.63,28000
S23.SI,20100901,1.63,1.64,1.63,1.64,47000
S23.SI,20100831,1.63,1.63,1.62,1.63,14000
S23.SI,20100829,1.62,1.63,1.62,1.62,11000
S23.SI,20100826,1.62,1.62,1.62,1.62,26000
S23.SI,20100825,1.60,1.64,1.60,1.61,52000
S23.SI,20100824,1.58,1.58,1.58,1.58,5000
S23.SI,20100823,1.56,1.60,1.56,1.60,90000
S23.SI,20100822,1.50,1.50,1.50,1.50,10000
S23.SI,20100819,1.53,1.54,1.52,1.52,50000
S23.SI,20100818,1.58,1.58,1.56,1.56,17000
S23.SI,20100816,1.56,1.56,1.55,1.55,13000
S23.SI,20100815,1.57,1.57,1.57,1.57,15000
S23.SI,20100812,1.53,1.55,1.53,1.54,40000
S23.SI,20100811,1.54,1.54,1.50,1.50,63000
S23.SI,20100810,1.57,1.57,1.56,1.57,15000
S23.SI,20100808,1.59,1.59,1.57,1.57,15000
S23.SI,20100805,1.63,1.63,1.63,1.63,32000
S23.SI,20100803,1.66,1.68,1.66,1.68,11000
S23.SI,20100802,1.66,1.69,1.66,1.69,15000
S23.SI,20100801,1.65,1.68,1.65,1.67,29000
S23.SI,20100729,1.65,1.66,1.65,1.66,15000
S23.SI,20100727,1.65,1.66,1.65,1.66,5000
S23.SI,20100725,1.65,1.65,1.65,1.65,10000
S23.SI,20100722,1.65,1.65,1.65,1.65,5000
S23.SI,20100721,1.66,1.67,1.66,1.67,27000
S23.SI,20100720,1.65,1.65,1.65,1.65,5000
S23.SI,20100719,1.65,1.66,1.65,1.66,17000
S23.SI,20100718,1.63,1.65,1.63,1.65,6000
S23.SI,20100715,1.65,1.65,1.65,1.65,6000
S23.SI,20100714,1.62,1.68,1.62,1.65,8000
S23.SI,20100712,1.65,1.66,1.64,1.65,53000
S23.SI,20100711,1.65,1.65,1.65,1.65,3000
S23.SI,20100708,1.66,1.66,1.66,1.66,18000
S23.SI,20100707,1.66,1.66,1.66,1.66,10000
S23.SI,20100706,1.66,1.66,1.66,1.66,7000
S23.SI,20100705,1.65,1.65,1.65,1.65,5000
S23.SI,20100701,1.65,1.65,1.64,1.65,11000
S23.SI,20100630,1.64,1.64,1.64,1.64,10000
S23.SI,20100629,1.64,1.64,1.64,1.64,4000
S23.SI,20100628,1.65,1.65,1.64,1.64,26000
S23.SI,20100627,1.63,1.63,1.63,1.63,15000
S23.SI,20100624,1.63,1.63,1.63,1.63,5000
S23.SI,20100623,1.63,1.63,1.63,1.63,6000
S23.SI,20100622,1.60,1.61,1.60,1.61,15000
S23.SI,20100621,1.62,1.63,1.62,1.63,7000
S23.SI,20100616,1.62,1.62,1.62,1.62,15000
S23.SI,20100615,1.65,1.65,1.65,1.65,6000
S23.SI,20100614,1.65,1.65,1.65,1.65,8000
S23.SI,20100613,1.63,1.64,1.63,1.64,8000
S23.SI,20100610,1.65,1.68,1.65,1.65,15000
S23.SI,20100609,1.65,1.67,1.65,1.67,5000
S23.SI,20100607,1.62,1.64,1.62,1.64,21000
S23.SI,20100601,1.61,1.61,1.61,1.61,5000
S23.SI,20100531,1.60,1.60,1.60,1.60,10000
S23.SI,20100530,1.60,1.60,1.60,1.60,6000
S23.SI,20100527,1.60,1.60,1.60,1.60,4000
S23.SI,20100525,1.60,1.60,1.60,1.60,18000
S23.SI,20100524,1.60,1.60,1.60,1.60,21000
S23.SI,20100523,1.59,1.59,1.58,1.58,40000
S23.SI,20100520,1.59,1.59,1.59,1.59,4000
S23.SI,20100519,1.61,1.61,1.61,1.61,4000
S23.SI,20100518,1.59,1.60,1.59,1.60,14000
S23.SI,20100516,1.59,1.60,1.59,1.60,28000
S23.SI,20100513,1.60,1.60,1.58,1.58,17000
S23.SI,20100512,1.58,1.60,1.58,1.60,17000
S23.SI,20100511,1.60,1.60,1.60,1.60,22000
S23.SI,20100510,1.61,1.61,1.60,1.60,14000
S23.SI,20100509,1.60,1.60,1.60,1.60,10000
S23.SI,20100506,1.60,1.60,1.60,1.60,10000
S23.SI,20100505,1.60,1.60,1.60,1.60,6000
S23.SI,20100504,1.62,1.62,1.61,1.62,9000
S23.SI,20100503,1.62,1.62,1.62,1.62,5000
S23.SI,20100428,1.64,1.64,1.61,1.61,5000
S23.SI,20100427,1.64,1.66,1.64,1.65,20000
S23.SI,20100426,1.63,1.63,1.63,1.63,5000
S23.SI,20100421,1.62,1.62,1.62,1.62,28000
S23.SI,20100420,1.61,1.62,1.61,1.61,17000
S23.SI,20100419,1.61,1.63,1.61,1.63,9000
S23.SI,20100418,1.60,1.61,1.60,1.61,9000
S23.SI,20100415,1.58,1.58,1.58,1.58,30000
S23.SI,20100413,1.61,1.61,1.61,1.61,21000
S23.SI,20100412,1.62,1.62,1.61,1.61,10000
S23.SI,20100408,1.58,1.63,1.58,1.63,9000
S23.SI,20100407,1.60,1.60,1.60,1.60,9000
S23.SI,20100406,1.58,1.58,1.58,1.58,3000
S23.SI,20100404,1.59,1.59,1.59,1.59,2000
S23.SI,20100330,1.56,1.57,1.56,1.57,15000
S23.SI,20100329,1.59,1.59,1.59,1.59,1000
S23.SI,20100324,1.57,1.58,1.57,1.58,20000
S23.SI,20100322,1.56,1.56,1.56,1.56,3000
S23.SI,20100321,1.55,1.55,1.55,1.55,3000
S23.SI,20100318,1.56,1.56,1.56,1.56,7000
S23.SI,20100317,1.56,1.56,1.56,1.56,8000
S23.SI,20100316,1.58,1.58,1.57,1.57,11000
S23.SI,20100310,1.59,1.59,1.59,1.59,1000
S23.SI,20100308,1.60,1.60,1.60,1.60,10000
S23.SI,20100307,1.60,1.60,1.60,1.60,8000
S23.SI,20100304,1.60,1.60,1.60,1.60,12000
S23.SI,20100303,1.59,1.59,1.59,1.59,3000
S23.SI,20100302,1.59,1.59,1.59,1.59,5000
S23.SI,20100301,1.60,1.60,1.60,1.60,4000
S23.SI,20100228,1.59,1.60,1.59,1.60,10000
S23.SI,20100224,1.59,1.59,1.58,1.58,42000
S23.SI,20100223,1.59,1.59,1.59,1.59,8000
S23.SI,20100222,1.60,1.60,1.59,1.59,7000
S23.SI,20100221,1.61,1.62,1.61,1.62,16000
S23.SI,20100218,1.62,1.62,1.61,1.61,19000
S23.SI,20100217,1.62,1.62,1.62,1.62,4000
S23.SI,20100214,1.62,1.62,1.61,1.61,5000
S23.SI,20100211,1.62,1.62,1.62,1.62,7000
S23.SI,20100210,1.62,1.62,1.62,1.62,18000
S23.SI,20100208,1.62,1.62,1.62,1.62,6000
S23.SI,20100202,1.62,1.62,1.62,1.62,4000
S23.SI,20100201,1.63,1.63,1.63,1.63,10000
S23.SI,20100127,1.63,1.63,1.63,1.63,8000
S23.SI,20100125,1.63,1.63,1.63,1.63,1000
S23.SI,20100124,1.62,1.64,1.62,1.64,21000
S23.SI,20100120,1.61,1.61,1.61,1.61,6000
S23.SI,20100119,1.62,1.62,1.62,1.62,40000
S23.SI,20100118,1.63,1.63,1.63,1.63,10000
S23.SI,20100117,1.60,1.60,1.60,1.60,10000
S23.SI,20100114,1.60,1.60,1.60,1.60,30000
S23.SI,20100113,1.65,1.65,1.62,1.62,21000
S23.SI,20100106,1.62,1.65,1.62,1.65,6000
S23.SI,20100105,1.62,1.63,1.62,1.63,25000
S23.SI,20100104,1.62,1.62,1.62,1.62,24000
S23.SI,20100103,1.61,1.61,1.61,1.61,4000
