ES3.SI,20120603,3.33,3.34,3.31,3.33,110000
ES3.SI,20120531,3.36,3.36,3.34,3.35,256000
ES3.SI,20120530,3.39,3.39,3.34,3.36,308000
ES3.SI,20120529,3.46,3.46,3.39,3.39,103000
ES3.SI,20120528,3.40,3.44,3.40,3.44,66000
ES3.SI,20120523,3.49,3.49,3.41,3.43,124000
ES3.SI,20120522,3.48,3.49,3.48,3.49,111000
ES3.SI,20120521,3.49,3.49,3.48,3.48,57000
ES3.SI,20120520,3.46,3.49,3.46,3.49,33000
ES3.SI,20120517,3.47,3.49,3.46,3.46,142000
ES3.SI,20120516,3.47,3.48,3.46,3.47,132000
ES3.SI,20120515,3.47,3.48,3.46,3.47,67000
ES3.SI,20120514,3.46,3.46,3.46,3.46,141000
ES3.SI,20120513,3.47,3.47,3.45,3.45,62000
ES3.SI,20120510,3.44,3.49,3.44,3.46,205000
ES3.SI,20120509,3.45,3.45,3.44,3.44,106000
ES3.SI,20120508,3.43,3.45,3.43,3.45,168000
ES3.SI,20120507,3.41,3.42,3.41,3.42,25000
ES3.SI,20120506,3.40,3.42,3.40,3.41,108000
ES3.SI,20120503,3.41,3.41,3.39,3.40,69000
ES3.SI,20120502,3.38,3.42,3.38,3.39,640000
ES3.SI,20120430,3.38,3.40,3.38,3.39,345000
ES3.SI,20120429,3.35,3.38,3.35,3.37,68000
ES3.SI,20120426,3.36,3.36,3.35,3.35,145000
ES3.SI,20120425,3.33,3.36,3.33,3.36,808000
ES3.SI,20120424,3.29,3.32,3.28,3.32,366000
ES3.SI,20120423,3.32,3.32,3.31,3.31,49000
ES3.SI,20120422,3.33,3.33,3.32,3.32,42000
ES3.SI,20120419,3.32,3.33,3.30,3.32,24000
ES3.SI,20120418,3.31,3.33,3.31,3.33,77000
ES3.SI,20120417,3.32,3.33,3.31,3.31,50000
ES3.SI,20120416,3.27,3.33,3.27,3.32,298000
ES3.SI,20120415,3.32,3.33,3.30,3.31,61000
ES3.SI,20120412,3.34,3.34,3.33,3.33,20000
ES3.SI,20120411,3.32,3.34,3.32,3.34,522000
ES3.SI,20120410,3.32,3.32,3.31,3.31,41000
ES3.SI,20120409,3.31,3.32,3.31,3.32,17000
ES3.SI,20120408,3.31,3.32,3.31,3.32,215000
ES3.SI,20120405,3.33,3.33,3.31,3.31,79000
ES3.SI,20120404,3.34,3.35,3.33,3.35,12000
ES3.SI,20120403,3.35,3.35,3.33,3.35,215000
ES3.SI,20120402,3.33,3.35,3.32,3.35,35000
ES3.SI,20120401,3.35,3.35,3.34,3.34,133000
ES3.SI,20120328,3.33,3.33,3.32,3.33,78000
ES3.SI,20120327,3.31,3.33,3.31,3.33,131000
ES3.SI,20120326,3.30,3.31,3.29,3.31,61000
ES3.SI,20120325,3.30,3.31,3.29,3.31,67000
ES3.SI,20120322,3.28,3.30,3.28,3.29,103000
ES3.SI,20120321,3.28,3.29,3.28,3.29,43000
ES3.SI,20120320,3.27,3.28,3.27,3.28,49000
ES3.SI,20120319,3.29,3.29,3.27,3.29,38000
ES3.SI,20120318,3.28,3.29,3.28,3.28,132000
ES3.SI,20120315,3.32,3.32,3.30,3.30,119000
ES3.SI,20120314,3.31,3.31,3.30,3.30,73000
ES3.SI,20120313,3.32,3.32,3.30,3.30,62000
ES3.SI,20120311,3.31,3.32,3.30,3.32,40000
ES3.SI,20120308,3.31,3.31,3.30,3.30,143000
ES3.SI,20120307,3.30,3.31,3.29,3.31,67000
ES3.SI,20120306,3.31,3.31,3.28,3.30,182000
ES3.SI,20120305,3.25,3.27,3.25,3.27,105000
ES3.SI,20120304,3.28,3.28,3.25,3.25,104000
ES3.SI,20120301,3.28,3.29,3.27,3.28,48000
ES3.SI,20120229,3.29,3.29,3.28,3.29,234000
ES3.SI,20120228,3.28,3.28,3.28,3.28,19000
ES3.SI,20120227,3.26,3.29,3.26,3.26,160000
ES3.SI,20120226,3.32,3.32,3.30,3.30,90000
ES3.SI,20120223,3.29,3.31,3.29,3.31,80000
ES3.SI,20120222,3.32,3.32,3.28,3.28,782000
ES3.SI,20120220,3.31,3.32,3.31,3.31,153000
ES3.SI,20120219,3.30,3.32,3.30,3.30,318000
ES3.SI,20120216,3.30,3.31,3.29,3.29,170000
ES3.SI,20120215,3.31,3.32,3.30,3.30,125000
ES3.SI,20120214,3.30,3.34,3.30,3.33,207000
ES3.SI,20120209,3.28,3.30,3.28,3.29,223000
ES3.SI,20120208,3.28,3.28,3.27,3.27,118000
ES3.SI,20120207,3.30,3.30,3.29,3.29,55000
ES3.SI,20120206,3.30,3.31,3.29,3.30,132000
ES3.SI,20120205,3.32,3.34,3.31,3.31,227000
ES3.SI,20120202,3.31,3.32,3.30,3.32,91000
ES3.SI,20120201,3.34,3.34,3.33,3.33,30000
ES3.SI,20120131,3.32,3.34,3.32,3.33,95000
ES3.SI,20120130,3.34,3.34,3.32,3.33,81000
ES3.SI,20120129,3.33,3.35,3.32,3.34,123000
ES3.SI,20120126,3.31,3.32,3.30,3.32,90000
ES3.SI,20120125,3.28,3.30,3.28,3.30,372000
ES3.SI,20120124,3.29,3.29,3.27,3.27,56000
ES3.SI,20120123,3.28,3.28,3.27,3.27,66000
ES3.SI,20120122,3.27,3.28,3.27,3.28,120000
ES3.SI,20120119,3.26,3.27,3.26,3.26,366000
ES3.SI,20120118,3.27,3.28,3.25,3.26,143000
ES3.SI,20120117,3.29,3.29,3.25,3.27,111000
ES3.SI,20120116,3.25,3.27,3.24,3.25,99000
ES3.SI,20120115,3.26,3.27,3.24,3.25,102000
ES3.SI,20120112,3.27,3.28,3.26,3.26,88000
ES3.SI,20120111,3.28,3.30,3.28,3.30,212000
ES3.SI,20120110,3.22,3.27,3.22,3.27,361000
ES3.SI,20120109,3.27,3.27,3.26,3.26,32000
ES3.SI,20120108,3.27,3.29,3.27,3.27,256000
ES3.SI,20120105,3.27,3.28,3.27,3.27,130000
ES3.SI,20120104,3.26,3.28,3.26,3.27,202000
ES3.SI,20120103,3.22,3.27,3.22,3.26,389000
ES3.SI,20120101,3.23,3.23,3.21,3.22,251000
ES3.SI,20111229,3.22,3.24,3.22,3.23,370000
ES3.SI,20111228,3.21,3.23,3.21,3.22,75000
ES3.SI,20111227,3.22,3.23,3.19,3.21,467000
ES3.SI,20111225,3.20,3.21,3.20,3.21,7000
ES3.SI,20111222,3.22,3.22,3.20,3.21,43000
ES3.SI,20111221,3.22,3.22,3.20,3.22,36000
ES3.SI,20111220,3.22,3.22,3.20,3.22,85000
ES3.SI,20111219,3.22,3.23,3.21,3.22,143000
ES3.SI,20111218,3.20,3.21,3.20,3.20,76000
ES3.SI,20111215,3.20,3.21,3.20,3.21,168000
ES3.SI,20111214,3.18,3.21,3.18,3.21,361000
ES3.SI,20111213,3.19,3.19,3.18,3.19,309000
ES3.SI,20111212,3.17,3.19,3.17,3.19,156000
ES3.SI,20111211,3.17,3.19,3.16,3.16,81000
ES3.SI,20111208,3.15,3.17,3.15,3.16,354000
ES3.SI,20111207,3.12,3.13,3.12,3.13,36000
ES3.SI,20111206,3.11,3.14,3.11,3.13,88000
ES3.SI,20111205,3.13,3.13,3.11,3.11,24000
ES3.SI,20111204,3.14,3.14,3.12,3.13,171000
ES3.SI,20111201,3.11,3.14,3.11,3.13,404000
ES3.SI,20111130,3.07,3.09,3.06,3.09,83000
ES3.SI,20111129,3.05,3.06,3.05,3.06,34000
ES3.SI,20111128,3.06,3.06,3.05,3.05,40000
ES3.SI,20111127,3.04,3.06,3.04,3.06,70000
ES3.SI,20111124,3.04,3.04,3.04,3.04,26000
ES3.SI,20111123,3.02,3.03,3.02,3.03,97000
ES3.SI,20111122,3.03,3.03,3.00,3.01,140000
ES3.SI,20111121,3.01,3.02,3.00,3.01,442000
ES3.SI,20111120,3.00,3.01,3.00,3.00,119000
ES3.SI,20111117,2.99,3.00,2.99,3.00,41000
ES3.SI,20111116,3.02,3.02,2.99,2.99,163000
ES3.SI,20111115,3.05,3.05,3.02,3.02,187000
ES3.SI,20111113,3.06,3.06,3.04,3.05,91000
ES3.SI,20111110,3.05,3.06,3.04,3.06,68000
ES3.SI,20111109,3.06,3.06,3.04,3.06,146000
ES3.SI,20111108,3.08,3.08,3.06,3.07,55000
ES3.SI,20111107,3.07,3.07,3.06,3.06,171000
ES3.SI,20111106,3.08,3.08,3.07,3.08,213000
ES3.SI,20111103,3.08,3.10,3.08,3.08,113000
ES3.SI,20111102,3.08,3.08,3.06,3.07,60000
ES3.SI,20111101,3.08,3.08,3.08,3.08,38000
ES3.SI,20111031,3.08,3.09,3.08,3.08,26000
ES3.SI,20111030,3.10,3.10,3.08,3.08,121000
ES3.SI,20111026,3.09,3.11,3.09,3.10,124000
ES3.SI,20111025,3.08,3.11,3.08,3.11,292000
ES3.SI,20111024,3.09,3.11,3.09,3.10,186000
ES3.SI,20111023,3.09,3.10,3.06,3.09,48000
ES3.SI,20111020,3.10,3.10,3.10,3.10,8000
ES3.SI,20111019,3.10,3.11,3.10,3.11,103000
ES3.SI,20111018,3.10,3.11,3.09,3.10,61000
ES3.SI,20111017,3.10,3.11,3.10,3.10,71000
ES3.SI,20111016,3.08,3.10,3.07,3.10,46000
ES3.SI,20111013,3.08,3.08,3.07,3.08,68000
ES3.SI,20111012,3.07,3.08,3.06,3.08,91000
ES3.SI,20111011,3.08,3.09,3.07,3.09,114000
ES3.SI,20111010,3.14,3.14,3.11,3.11,107000
ES3.SI,20111009,3.15,3.15,3.12,3.13,70000
ES3.SI,20111006,3.14,3.16,3.13,3.16,205000
ES3.SI,20111005,3.12,3.13,3.11,3.13,12000
ES3.SI,20111004,3.12,3.12,3.11,3.11,20000
ES3.SI,20111003,3.12,3.14,3.11,3.14,170000
ES3.SI,20111002,3.11,3.11,3.09,3.10,52000
ES3.SI,20110929,3.11,3.12,3.11,3.11,12000
ES3.SI,20110928,3.10,3.11,3.10,3.11,16000
ES3.SI,20110927,3.10,3.10,3.09,3.10,42000
ES3.SI,20110926,3.11,3.13,3.11,3.12,57000
ES3.SI,20110925,3.09,3.11,3.09,3.10,97000
ES3.SI,20110922,3.12,3.13,3.11,3.13,32000
ES3.SI,20110921,3.13,3.13,3.10,3.12,100000
ES3.SI,20110920,3.12,3.13,3.11,3.13,90000
ES3.SI,20110919,3.12,3.12,3.10,3.12,293000
ES3.SI,20110918,3.12,3.13,3.11,3.11,504000
ES3.SI,20110915,3.10,3.13,3.10,3.11,348000
ES3.SI,20110914,3.06,3.08,3.05,3.08,50000
ES3.SI,20110913,3.06,3.09,3.06,3.09,239000
ES3.SI,20110912,3.05,3.05,3.05,3.05,237000
ES3.SI,20110911,3.07,3.07,3.06,3.06,93000
ES3.SI,20110908,3.07,3.07,3.05,3.06,94000
ES3.SI,20110907,3.03,3.03,3.02,3.02,28000
ES3.SI,20110906,3.06,3.06,3.02,3.03,154000
ES3.SI,20110905,3.08,3.08,3.07,3.07,19000
ES3.SI,20110904,3.06,3.09,3.05,3.07,109000
ES3.SI,20110901,3.06,3.06,3.05,3.06,30000
ES3.SI,20110831,3.07,3.07,3.05,3.06,60000
ES3.SI,20110830,3.08,3.11,3.08,3.10,78000
ES3.SI,20110829,3.08,3.09,3.08,3.08,17000
ES3.SI,20110828,3.10,3.10,3.08,3.08,40000
ES3.SI,20110825,3.08,3.09,3.08,3.09,142000
ES3.SI,20110824,3.10,3.11,3.10,3.10,151000
ES3.SI,20110823,3.08,3.09,3.07,3.09,65000
ES3.SI,20110822,3.10,3.12,3.10,3.12,135000
ES3.SI,20110818,3.12,3.12,3.10,3.11,80000
ES3.SI,20110817,3.10,3.12,3.10,3.11,357000
ES3.SI,20110816,3.11,3.11,3.09,3.09,100000
ES3.SI,20110815,3.10,3.12,3.10,3.11,96000
ES3.SI,20110814,3.08,3.10,3.08,3.10,77000
ES3.SI,20110811,3.08,3.09,3.08,3.09,60000
ES3.SI,20110809,3.11,3.11,3.08,3.08,583000
ES3.SI,20110808,3.10,3.12,3.10,3.10,93000
ES3.SI,20110807,3.08,3.12,3.08,3.10,247000
ES3.SI,20110804,3.05,3.09,3.05,3.08,276000
ES3.SI,20110803,3.06,3.08,3.06,3.08,92000
ES3.SI,20110802,3.03,3.08,3.03,3.08,881000
ES3.SI,20110801,3.07,3.07,3.04,3.06,114000
ES3.SI,20110731,3.07,3.09,3.07,3.09,490000
ES3.SI,20110728,3.07,3.08,3.05,3.05,131000
ES3.SI,20110727,3.04,3.08,3.04,3.06,492000
ES3.SI,20110726,3.03,3.05,3.02,3.04,124000
ES3.SI,20110725,3.01,3.04,3.01,3.04,264000
ES3.SI,20110724,3.05,3.05,3.01,3.02,293000
ES3.SI,20110721,3.07,3.08,3.06,3.07,274000
ES3.SI,20110720,3.07,3.09,3.07,3.07,389000
ES3.SI,20110719,3.07,3.08,3.04,3.06,398000
ES3.SI,20110718,3.03,3.08,3.03,3.05,742000
ES3.SI,20110717,3.04,3.05,3.03,3.04,558000
ES3.SI,20110714,3.01,3.04,3.01,3.04,402000
ES3.SI,20110713,3.03,3.03,3.01,3.01,354000
ES3.SI,20110712,2.99,3.04,2.99,3.03,619000
ES3.SI,20110711,2.98,3.01,2.98,3.01,322000
ES3.SI,20110710,3.00,3.01,2.96,2.96,541000
ES3.SI,20110707,3.00,3.02,2.99,3.02,526000
ES3.SI,20110706,2.99,3.01,2.99,3.01,365000
ES3.SI,20110705,2.99,3.01,2.90,3.00,452000
ES3.SI,20110704,2.96,2.99,2.96,2.99,591000
ES3.SI,20110703,2.92,2.96,2.92,2.96,493000
ES3.SI,20110630,2.91,2.96,2.91,2.95,377000
ES3.SI,20110629,2.90,2.92,2.90,2.90,334000
ES3.SI,20110628,2.87,2.90,2.87,2.90,238000
ES3.SI,20110627,2.87,2.87,2.86,2.87,229000
ES3.SI,20110626,2.87,2.89,2.86,2.87,281000
ES3.SI,20110623,2.87,2.88,2.87,2.87,252000
ES3.SI,20110622,2.90,2.90,2.88,2.88,268000
ES3.SI,20110621,2.91,2.92,2.90,2.90,844000
ES3.SI,20110620,2.91,2.91,2.89,2.91,106000
ES3.SI,20110619,2.90,2.91,2.88,2.88,191000
ES3.SI,20110616,2.85,2.87,2.84,2.87,84000
ES3.SI,20110615,2.85,2.85,2.84,2.84,19000
ES3.SI,20110614,2.86,2.86,2.84,2.85,22000
ES3.SI,20110613,2.84,2.85,2.83,2.85,66000
ES3.SI,20110612,2.85,2.85,2.83,2.85,152000
ES3.SI,20110609,2.82,2.82,2.80,2.80,39000
ES3.SI,20110608,2.84,2.84,2.82,2.83,57000
ES3.SI,20110607,2.80,2.82,2.80,2.81,25000
ES3.SI,20110606,2.77,2.80,2.77,2.78,95000
ES3.SI,20110605,2.80,2.80,2.77,2.77,300000
ES3.SI,20110602,2.84,2.84,2.81,2.81,172000
ES3.SI,20110601,2.84,2.84,2.81,2.83,43000
ES3.SI,20110531,2.86,2.86,2.84,2.84,139000
ES3.SI,20110530,2.85,2.86,2.85,2.86,22000
ES3.SI,20110529,2.84,2.87,2.82,2.86,81000
ES3.SI,20110526,2.84,2.84,2.82,2.84,322000
ES3.SI,20110525,2.84,2.87,2.84,2.84,65000
ES3.SI,20110524,2.87,2.87,2.84,2.84,287000
ES3.SI,20110523,2.87,2.90,2.87,2.88,348000
ES3.SI,20110522,2.85,2.86,2.84,2.86,105000
ES3.SI,20110519,2.86,2.86,2.83,2.85,362000
ES3.SI,20110518,2.90,2.91,2.89,2.89,118000
ES3.SI,20110517,2.95,2.95,2.90,2.90,150000
ES3.SI,20110516,2.90,2.94,2.90,2.94,722000
ES3.SI,20110515,2.95,2.95,2.91,2.91,289000
ES3.SI,20110512,2.96,2.96,2.93,2.94,182000
ES3.SI,20110511,2.96,2.96,2.95,2.96,267000
ES3.SI,20110510,2.98,2.98,2.96,2.96,78000
ES3.SI,20110509,2.98,2.99,2.98,2.98,119000
ES3.SI,20110508,3.00,3.00,2.97,2.98,373000
ES3.SI,20110505,3.05,3.05,3.03,3.05,41000
ES3.SI,20110504,3.05,3.05,3.04,3.05,119000
ES3.SI,20110503,3.02,3.03,3.02,3.03,220000
ES3.SI,20110501,3.02,3.03,3.01,3.01,18000
ES3.SI,20110428,3.03,3.03,3.02,3.02,270000
ES3.SI,20110427,3.01,3.02,3.00,3.00,202000
ES3.SI,20110426,3.00,3.00,3.00,3.00,4000
ES3.SI,20110425,3.00,3.01,2.99,2.99,21000
ES3.SI,20110424,3.03,3.03,2.99,2.99,172000
ES3.SI,20110421,3.01,3.02,3.01,3.02,6000
ES3.SI,20110420,3.03,3.03,3.02,3.03,62000
ES3.SI,20110419,3.02,3.03,3.02,3.03,105000
ES3.SI,20110418,3.01,3.01,3.00,3.00,98000
ES3.SI,20110417,3.01,3.01,2.99,3.01,246000
ES3.SI,20110414,3.01,3.02,3.01,3.02,52000
ES3.SI,20110413,2.99,3.00,2.97,3.00,1484000
ES3.SI,20110412,3.00,3.00,2.97,2.98,143000
ES3.SI,20110411,2.98,3.00,2.98,3.00,60000
ES3.SI,20110410,3.00,3.00,2.98,2.98,149000
ES3.SI,20110406,3.01,3.02,2.99,3.02,131000
ES3.SI,20110405,3.05,3.06,3.01,3.01,104000
ES3.SI,20110404,3.05,3.05,3.03,3.05,77000
ES3.SI,20110403,3.04,3.05,3.04,3.04,122000
ES3.SI,20110331,3.03,3.05,3.03,3.03,34000
ES3.SI,20110330,3.03,3.03,3.02,3.03,41000
ES3.SI,20110329,3.05,3.05,3.02,3.03,38000
ES3.SI,20110328,3.02,3.04,3.02,3.04,152000
ES3.SI,20110327,3.01,3.02,3.00,3.01,16000
ES3.SI,20110324,3.00,3.02,3.00,3.01,58000
ES3.SI,20110323,3.05,3.05,3.02,3.02,37000
ES3.SI,20110322,3.04,3.04,3.02,3.02,46000
ES3.SI,20110321,3.03,3.03,3.02,3.02,751000
ES3.SI,20110320,3.05,3.05,3.00,3.01,101000
ES3.SI,20110317,3.05,3.05,3.04,3.04,162000
ES3.SI,20110316,3.04,3.05,3.04,3.05,173000
ES3.SI,20110315,3.02,3.05,3.02,3.04,178000
ES3.SI,20110314,3.00,3.02,2.99,3.02,89000
ES3.SI,20110313,2.98,2.99,2.98,2.98,62000
ES3.SI,20110310,3.00,3.01,2.98,2.98,168000
ES3.SI,20110309,2.94,2.96,2.94,2.96,24000
ES3.SI,20110308,2.93,2.94,2.93,2.94,97000
ES3.SI,20110307,3.00,3.00,2.95,2.95,154000
ES3.SI,20110306,3.02,3.02,3.00,3.00,24000
ES3.SI,20110303,3.02,3.03,3.00,3.00,579000
ES3.SI,20110302,3.01,3.02,2.99,2.99,64000
ES3.SI,20110301,2.99,3.02,2.99,3.01,253000
ES3.SI,20110228,2.98,2.99,2.97,2.98,534000
ES3.SI,20110227,3.01,3.01,2.97,2.97,67000
ES3.SI,20110224,3.00,3.00,2.99,3.00,124000
ES3.SI,20110223,2.99,3.01,2.98,2.98,96000
ES3.SI,20110222,3.05,3.05,3.01,3.02,141000
ES3.SI,20110221,3.04,3.05,3.03,3.05,130000
ES3.SI,20110220,3.04,3.04,3.02,3.03,156000
ES3.SI,20110217,3.02,3.02,3.00,3.01,50000
ES3.SI,20110216,3.04,3.04,3.00,3.00,122000
ES3.SI,20110215,3.00,3.04,3.00,3.04,942000
ES3.SI,20110214,2.99,3.00,2.98,3.00,982000
ES3.SI,20110213,2.97,3.00,2.97,2.98,639000
ES3.SI,20110210,3.00,3.00,2.97,2.97,77000
ES3.SI,20110209,3.00,3.00,2.98,2.99,402000
ES3.SI,20110208,2.97,3.00,2.97,2.99,298000
ES3.SI,20110207,2.95,2.98,2.95,2.97,191000
ES3.SI,20110206,2.95,2.97,2.95,2.95,360000
ES3.SI,20110203,2.93,2.95,2.92,2.93,787000
ES3.SI,20110202,2.94,2.94,2.92,2.93,811000
ES3.SI,20110201,2.94,2.95,2.91,2.93,745000
ES3.SI,20110131,2.96,2.98,2.95,2.98,636000
ES3.SI,20110130,2.98,2.98,2.95,2.95,273000
ES3.SI,20110127,2.96,2.98,2.95,2.98,372000
ES3.SI,20110126,2.96,2.97,2.86,2.96,303000
ES3.SI,20110125,2.92,2.96,2.92,2.95,706000
ES3.SI,20110120,2.89,2.92,2.89,2.91,312000
ES3.SI,20110119,2.88,2.89,2.87,2.88,87000
ES3.SI,20110118,2.88,2.89,2.87,2.88,223000
ES3.SI,20110117,2.83,2.90,2.83,2.88,190000
ES3.SI,20110116,2.85,2.85,2.82,2.82,47000
ES3.SI,20110113,2.82,2.85,2.82,2.85,147000
ES3.SI,20110112,2.81,2.83,2.81,2.81,144000
ES3.SI,20110111,2.79,2.82,2.79,2.82,258000
ES3.SI,20110110,2.76,2.79,2.76,2.78,70000
ES3.SI,20110109,2.78,2.82,2.75,2.75,227000
ES3.SI,20110106,2.77,2.78,2.77,2.78,32000
ES3.SI,20110105,2.77,2.80,2.77,2.78,108000
ES3.SI,20110104,2.80,2.81,2.76,2.77,155000
ES3.SI,20110103,2.75,2.78,2.74,2.78,2028000
ES3.SI,20110102,2.73,2.73,2.73,2.73,000
