T35.SI,20120604,0.13,0.13,0.13,0.13,410000
T35.SI,20120603,0.13,0.13,0.12,0.12,140000
T35.SI,20120531,0.13,0.13,0.13,0.13,55000
T35.SI,20120530,0.13,0.13,0.12,0.12,250000
T35.SI,20120529,0.13,0.13,0.13,0.13,481000
T35.SI,20120528,0.13,0.13,0.13,0.13,50000
T35.SI,20120527,0.12,0.12,0.12,0.12,8000
T35.SI,20120524,0.13,0.13,0.13,0.13,000
T35.SI,20120523,0.13,0.13,0.13,0.13,563000
T35.SI,20120522,0.12,0.13,0.12,0.13,1327000
T35.SI,20120521,0.13,0.13,0.13,0.13,546000
T35.SI,20120520,0.13,0.13,0.12,0.12,294000
T35.SI,20120517,0.12,0.12,0.12,0.12,128000
T35.SI,20120516,0.12,0.12,0.12,0.12,260000
T35.SI,20120515,0.12,0.12,0.12,0.12,445000
T35.SI,20120514,0.12,0.12,0.12,0.12,186000
T35.SI,20120513,0.13,0.13,0.13,0.13,116000
T35.SI,20120510,0.12,0.13,0.12,0.13,30000
T35.SI,20120509,0.13,0.13,0.12,0.13,200000
T35.SI,20120508,0.13,0.13,0.13,0.13,000
T35.SI,20120507,0.12,0.13,0.12,0.13,72000
T35.SI,20120506,0.12,0.12,0.12,0.12,17000
T35.SI,20120503,0.13,0.13,0.13,0.13,000
T35.SI,20120502,0.13,0.13,0.13,0.13,657000
T35.SI,20120501,0.13,0.13,0.13,0.13,000
T35.SI,20120430,0.13,0.13,0.13,0.13,462000
T35.SI,20120429,0.13,0.13,0.13,0.13,633000
T35.SI,20120426,0.13,0.13,0.13,0.13,527000
T35.SI,20120425,0.13,0.13,0.13,0.13,000
T35.SI,20120424,0.13,0.13,0.13,0.13,90000
T35.SI,20120423,0.13,0.13,0.13,0.13,100000
T35.SI,20120422,0.13,0.13,0.13,0.13,100000
T35.SI,20120419,0.13,0.13,0.13,0.13,894000
T35.SI,20120418,0.13,0.13,0.13,0.13,400000
T35.SI,20120417,0.13,0.13,0.13,0.13,733000
T35.SI,20120416,0.13,0.13,0.13,0.13,710000
T35.SI,20120415,0.13,0.14,0.13,0.13,894000
T35.SI,20120412,0.13,0.14,0.13,0.13,3524000
T35.SI,20120411,0.13,0.13,0.13,0.13,245000
T35.SI,20120410,0.13,0.13,0.13,0.13,92000
T35.SI,20120409,0.13,0.13,0.13,0.13,40000
T35.SI,20120408,0.13,0.13,0.13,0.13,000
T35.SI,20120405,0.13,0.13,0.13,0.13,382000
T35.SI,20120404,0.13,0.13,0.13,0.13,000
T35.SI,20120403,0.13,0.13,0.13,0.13,70000
T35.SI,20120402,0.13,0.13,0.13,0.13,100000
T35.SI,20120401,0.13,0.13,0.13,0.13,101000
T35.SI,20120329,0.13,0.13,0.13,0.13,000
T35.SI,20120328,0.13,0.13,0.13,0.13,513000
T35.SI,20120327,0.13,0.13,0.13,0.13,505000
T35.SI,20120326,0.13,0.13,0.13,0.13,150000
T35.SI,20120325,0.13,0.13,0.13,0.13,90000
T35.SI,20120322,0.13,0.13,0.13,0.13,532000
T35.SI,20120321,0.13,0.13,0.13,0.13,300000
T35.SI,20120320,0.13,0.13,0.13,0.13,000
T35.SI,20120319,0.13,0.13,0.13,0.13,50000
T35.SI,20120318,0.13,0.13,0.13,0.13,120000
T35.SI,20120315,0.13,0.13,0.13,0.13,510000
T35.SI,20120314,0.13,0.13,0.13,0.13,362000
T35.SI,20120313,0.13,0.13,0.13,0.13,150000
T35.SI,20120312,0.13,0.13,0.13,0.13,410000
T35.SI,20120311,0.13,0.13,0.13,0.13,116000
T35.SI,20120308,0.13,0.13,0.13,0.13,52000
T35.SI,20120307,0.13,0.13,0.13,0.13,176000
T35.SI,20120306,0.13,0.13,0.13,0.13,46000
T35.SI,20120305,0.13,0.13,0.13,0.13,270000
T35.SI,20120304,0.13,0.13,0.13,0.13,494000
T35.SI,20120301,0.13,0.13,0.13,0.13,574000
T35.SI,20120229,0.14,0.14,0.13,0.13,262000
T35.SI,20120228,0.14,0.14,0.14,0.14,1629000
T35.SI,20120227,0.13,0.13,0.13,0.13,858000
T35.SI,20120226,0.13,0.13,0.13,0.13,10000
T35.SI,20120223,0.13,0.14,0.13,0.14,302000
T35.SI,20120222,0.14,0.14,0.13,0.13,946000
T35.SI,20120221,0.14,0.14,0.14,0.14,1205000
T35.SI,20120220,0.14,0.14,0.13,0.14,582000
T35.SI,20120219,0.13,0.14,0.13,0.14,173000
T35.SI,20120216,0.13,0.14,0.13,0.14,496000
T35.SI,20120215,0.13,0.13,0.13,0.13,122000
T35.SI,20120214,0.13,0.13,0.13,0.13,110000
T35.SI,20120213,0.13,0.13,0.13,0.13,000
T35.SI,20120212,0.13,0.13,0.13,0.13,000
T35.SI,20120209,0.13,0.13,0.13,0.13,970000
T35.SI,20120208,0.13,0.13,0.13,0.13,1400000
T35.SI,20120207,0.14,0.14,0.13,0.13,557000
T35.SI,20120206,0.14,0.14,0.13,0.14,593000
T35.SI,20120205,0.14,0.14,0.14,0.14,753000
T35.SI,20120202,0.14,0.14,0.14,0.14,1745000
T35.SI,20120201,0.14,0.14,0.14,0.14,13448000
T35.SI,20120131,0.14,0.14,0.14,0.14,180000
T35.SI,20120130,0.14,0.14,0.14,0.14,290000
T35.SI,20120129,0.13,0.14,0.13,0.14,687000
T35.SI,20120126,0.13,0.13,0.13,0.13,187000
T35.SI,20120125,0.13,0.14,0.13,0.13,198000
T35.SI,20120124,0.13,0.13,0.13,0.13,30000
T35.SI,20120123,0.13,0.13,0.13,0.13,625000
T35.SI,20120122,0.13,0.14,0.13,0.14,389000
T35.SI,20120119,0.13,0.13,0.13,0.13,547000
T35.SI,20120118,0.13,0.14,0.13,0.13,722000
T35.SI,20120117,0.13,0.13,0.13,0.13,330000
T35.SI,20120116,0.14,0.14,0.13,0.13,1551000
T35.SI,20120115,0.13,0.14,0.13,0.14,5981000
T35.SI,20120112,0.13,0.13,0.13,0.13,704000
T35.SI,20120111,0.13,0.14,0.13,0.13,2459000
T35.SI,20120110,0.13,0.13,0.13,0.13,893000
T35.SI,20120109,0.13,0.13,0.13,0.13,685000
T35.SI,20120108,0.13,0.13,0.13,0.13,1808000
T35.SI,20120105,0.13,0.14,0.13,0.13,2894000
T35.SI,20120104,0.13,0.13,0.13,0.13,781000
T35.SI,20120103,0.12,0.13,0.12,0.13,2742000
T35.SI,20120102,0.12,0.12,0.12,0.12,000
T35.SI,20120101,0.12,0.12,0.12,0.12,305000
T35.SI,20111229,0.12,0.12,0.12,0.12,145000
T35.SI,20111228,0.12,0.13,0.12,0.13,244000
T35.SI,20111227,0.12,0.12,0.12,0.12,50000
T35.SI,20111226,0.12,0.12,0.12,0.12,000
T35.SI,20111225,0.12,0.12,0.12,0.12,70000
T35.SI,20111222,0.12,0.13,0.12,0.12,80000
T35.SI,20111221,0.12,0.12,0.12,0.12,255000
T35.SI,20111220,0.12,0.12,0.12,0.12,210000
T35.SI,20111219,0.12,0.12,0.12,0.12,190000
T35.SI,20111218,0.12,0.12,0.12,0.12,50000
T35.SI,20111215,0.12,0.12,0.12,0.12,150000
T35.SI,20111214,0.12,0.12,0.12,0.12,230000
T35.SI,20111213,0.12,0.13,0.12,0.12,12342000
T35.SI,20111212,0.12,0.12,0.12,0.12,240000
T35.SI,20111211,0.12,0.12,0.12,0.12,250000
T35.SI,20111208,0.12,0.12,0.12,0.12,229000
T35.SI,20111207,0.12,0.12,0.12,0.12,155000
T35.SI,20111206,0.12,0.12,0.12,0.12,75000
T35.SI,20111205,0.12,0.12,0.12,0.12,60000
T35.SI,20111204,0.12,0.12,0.12,0.12,10000
T35.SI,20111201,0.12,0.12,0.12,0.12,286000
T35.SI,20111130,0.12,0.12,0.12,0.12,941000
T35.SI,20111129,0.12,0.12,0.12,0.12,200000
T35.SI,20111128,0.12,0.12,0.12,0.12,60000
T35.SI,20111127,0.12,0.12,0.12,0.12,101000
T35.SI,20111124,0.12,0.12,0.12,0.12,389000
T35.SI,20111123,0.12,0.12,0.12,0.12,797000
T35.SI,20111122,0.12,0.12,0.12,0.12,90000
T35.SI,20111121,0.12,0.12,0.12,0.12,154000
T35.SI,20111120,0.12,0.12,0.12,0.12,111000
T35.SI,20111117,0.12,0.12,0.12,0.12,115000
T35.SI,20111116,0.12,0.12,0.12,0.12,421000
T35.SI,20111115,0.12,0.12,0.12,0.12,221000
T35.SI,20111114,0.12,0.12,0.12,0.12,000
T35.SI,20111113,0.12,0.12,0.12,0.12,86000
T35.SI,20111110,0.12,0.12,0.12,0.12,000
T35.SI,20111109,0.12,0.12,0.12,0.12,123000
T35.SI,20111108,0.12,0.12,0.12,0.12,000
T35.SI,20111107,0.12,0.12,0.12,0.12,521000
T35.SI,20111106,0.12,0.12,0.12,0.12,330000
T35.SI,20111103,0.13,0.13,0.13,0.13,50000
T35.SI,20111102,0.12,0.12,0.12,0.12,217000
T35.SI,20111101,0.12,0.12,0.12,0.12,40000
T35.SI,20111031,0.12,0.12,0.12,0.12,141000
T35.SI,20111030,0.13,0.13,0.12,0.12,718000
T35.SI,20111027,0.13,0.13,0.13,0.13,000
T35.SI,20111026,0.13,0.13,0.13,0.13,248000
T35.SI,20111025,0.13,0.13,0.13,0.13,171000
T35.SI,20111024,0.13,0.13,0.13,0.13,833000
T35.SI,20111023,0.13,0.13,0.13,0.13,167000
T35.SI,20111020,0.13,0.13,0.13,0.13,568000
T35.SI,20111019,0.13,0.13,0.13,0.13,1142000
T35.SI,20111018,0.13,0.13,0.13,0.13,352000
T35.SI,20111017,0.13,0.13,0.13,0.13,673000
T35.SI,20111016,0.13,0.13,0.13,0.13,430000
T35.SI,20111013,0.13,0.13,0.13,0.13,139000
T35.SI,20111012,0.13,0.13,0.13,0.13,515000
T35.SI,20111011,0.13,0.13,0.13,0.13,767000
T35.SI,20111010,0.13,0.13,0.13,0.13,271000
T35.SI,20111009,0.13,0.13,0.13,0.13,597000
T35.SI,20111006,0.13,0.14,0.13,0.14,385000
T35.SI,20111005,0.13,0.14,0.13,0.13,1296000
T35.SI,20111004,0.14,0.14,0.13,0.13,2289000
T35.SI,20111003,0.14,0.14,0.14,0.14,1670000
T35.SI,20111002,0.14,0.14,0.14,0.14,1284000
T35.SI,20110929,0.14,0.14,0.14,0.14,845000
T35.SI,20110928,0.14,0.14,0.14,0.14,4841000
T35.SI,20110927,0.13,0.14,0.13,0.14,15925000
T35.SI,20110926,0.13,0.13,0.13,0.13,3238000
T35.SI,20110925,0.13,0.13,0.13,0.13,2431000
T35.SI,20110922,0.13,0.13,0.13,0.13,621000
T35.SI,20110921,0.13,0.13,0.13,0.13,339000
T35.SI,20110920,0.13,0.13,0.13,0.13,800000
T35.SI,20110919,0.13,0.13,0.13,0.13,848000
T35.SI,20110918,0.13,0.13,0.13,0.13,2621000
T35.SI,20110915,0.13,0.14,0.13,0.13,2356000
T35.SI,20110914,0.12,0.13,0.12,0.13,4764000
T35.SI,20110913,0.12,0.12,0.12,0.12,175000
T35.SI,20110912,0.12,0.12,0.12,0.12,900000
T35.SI,20110911,0.12,0.12,0.12,0.12,243000
T35.SI,20110908,0.12,0.12,0.12,0.12,138000
T35.SI,20110907,0.12,0.12,0.12,0.12,49000
T35.SI,20110906,0.12,0.12,0.12,0.12,100000
T35.SI,20110905,0.12,0.12,0.12,0.12,000
T35.SI,20110904,0.12,0.12,0.12,0.12,000
T35.SI,20110901,0.12,0.12,0.12,0.12,000
T35.SI,20110831,0.12,0.12,0.12,0.12,000
T35.SI,20110830,0.12,0.12,0.12,0.12,71000
T35.SI,20110829,0.12,0.12,0.12,0.12,000
T35.SI,20110828,0.12,0.12,0.12,0.12,000
T35.SI,20110825,0.12,0.12,0.12,0.12,000
T35.SI,20110824,0.12,0.12,0.12,0.12,100000
T35.SI,20110823,0.12,0.12,0.12,0.12,60000
T35.SI,20110822,0.12,0.12,0.12,0.12,330000
T35.SI,20110821,0.12,0.12,0.12,0.12,000
T35.SI,20110818,0.12,0.12,0.12,0.12,145000
T35.SI,20110817,0.12,0.12,0.12,0.12,830000
T35.SI,20110816,0.12,0.12,0.12,0.12,1000
T35.SI,20110815,0.12,0.12,0.12,0.12,125000
T35.SI,20110814,0.12,0.12,0.12,0.12,105000
T35.SI,20110811,0.12,0.12,0.12,0.12,102000
T35.SI,20110810,0.12,0.12,0.12,0.12,000
T35.SI,20110809,0.12,0.12,0.12,0.12,91000
T35.SI,20110808,0.12,0.12,0.12,0.12,198000
T35.SI,20110807,0.12,0.12,0.12,0.12,159000
T35.SI,20110804,0.12,0.12,0.12,0.12,50000
T35.SI,20110803,0.12,0.12,0.12,0.12,000
T35.SI,20110802,0.12,0.12,0.12,0.12,000
T35.SI,20110801,0.12,0.12,0.12,0.12,000
T35.SI,20110731,0.12,0.12,0.12,0.12,256000
T35.SI,20110728,0.12,0.12,0.12,0.12,60000
T35.SI,20110727,0.12,0.12,0.12,0.12,20000
T35.SI,20110726,0.12,0.12,0.12,0.12,10000
T35.SI,20110725,0.12,0.12,0.12,0.12,000
T35.SI,20110724,0.12,0.12,0.12,0.12,000
T35.SI,20110721,0.12,0.12,0.12,0.12,39000
T35.SI,20110720,0.12,0.12,0.12,0.12,222000
T35.SI,20110719,0.12,0.12,0.12,0.12,100000
T35.SI,20110718,0.12,0.12,0.12,0.12,69000
T35.SI,20110717,0.12,0.12,0.12,0.12,60000
T35.SI,20110714,0.12,0.12,0.12,0.12,23000
T35.SI,20110713,0.12,0.12,0.12,0.12,422000
T35.SI,20110712,0.12,0.12,0.12,0.12,228000
T35.SI,20110711,0.12,0.12,0.12,0.12,248000
T35.SI,20110710,0.12,0.12,0.12,0.12,10000
T35.SI,20110707,0.12,0.12,0.12,0.12,1400000
T35.SI,20110706,0.12,0.12,0.12,0.12,1061000
T35.SI,20110705,0.12,0.12,0.12,0.12,718000
T35.SI,20110704,0.12,0.12,0.12,0.12,99000
T35.SI,20110703,0.12,0.12,0.12,0.12,144000
T35.SI,20110630,0.12,0.12,0.11,0.12,86000
T35.SI,20110629,0.12,0.12,0.12,0.12,113000
T35.SI,20110628,0.11,0.12,0.11,0.12,107000
T35.SI,20110627,0.11,0.12,0.11,0.12,25000
T35.SI,20110626,0.11,0.11,0.11,0.11,116000
T35.SI,20110623,0.12,0.12,0.12,0.12,150000
T35.SI,20110622,0.11,0.12,0.11,0.12,105000
T35.SI,20110621,0.12,0.12,0.11,0.11,205000
T35.SI,20110620,0.11,0.11,0.11,0.11,206000
T35.SI,20110619,0.12,0.12,0.11,0.12,252000
T35.SI,20110616,0.11,0.12,0.11,0.12,452000
T35.SI,20110615,0.11,0.12,0.11,0.12,216000
T35.SI,20110614,0.12,0.12,0.11,0.12,81000
T35.SI,20110613,0.11,0.12,0.11,0.12,105000
T35.SI,20110612,0.12,0.12,0.12,0.12,32000
T35.SI,20110609,0.11,0.11,0.11,0.11,235000
T35.SI,20110608,0.12,0.12,0.11,0.11,1763000
T35.SI,20110607,0.12,0.12,0.11,0.12,562000
T35.SI,20110606,0.12,0.12,0.12,0.12,183000
T35.SI,20110605,0.12,0.12,0.12,0.12,50000
T35.SI,20110602,0.12,0.12,0.12,0.12,70000
T35.SI,20110601,0.12,0.12,0.12,0.12,000
T35.SI,20110531,0.12,0.12,0.12,0.12,229000
T35.SI,20110530,0.12,0.12,0.12,0.12,100000
T35.SI,20110529,0.12,0.12,0.12,0.12,70000
T35.SI,20110526,0.12,0.12,0.12,0.12,65000
T35.SI,20110525,0.11,0.12,0.11,0.12,65000
T35.SI,20110524,0.13,0.13,0.12,0.12,107000
T35.SI,20110523,0.12,0.12,0.12,0.12,200000
T35.SI,20110522,0.12,0.12,0.12,0.12,338000
T35.SI,20110519,0.12,0.12,0.12,0.12,495000
T35.SI,20110518,0.12,0.13,0.12,0.13,100000
T35.SI,20110517,0.12,0.12,0.12,0.12,718000
T35.SI,20110516,0.12,0.12,0.12,0.12,315000
T35.SI,20110515,0.13,0.13,0.12,0.12,1009000
T35.SI,20110512,0.13,0.13,0.12,0.12,341000
T35.SI,20110511,0.13,0.13,0.12,0.13,410000
T35.SI,20110510,0.13,0.13,0.12,0.13,537000
T35.SI,20110509,0.13,0.13,0.12,0.12,87000
T35.SI,20110508,0.13,0.13,0.13,0.13,1250000
T35.SI,20110505,0.13,0.13,0.12,0.12,823000
T35.SI,20110504,0.13,0.13,0.12,0.12,139000
T35.SI,20110503,0.13,0.13,0.13,0.13,130000
T35.SI,20110502,0.13,0.13,0.13,0.13,000
T35.SI,20110501,0.13,0.13,0.13,0.13,166000
T35.SI,20110428,0.13,0.13,0.13,0.13,184000
T35.SI,20110427,0.13,0.13,0.13,0.13,202000
T35.SI,20110426,0.13,0.13,0.13,0.13,291000
T35.SI,20110425,0.13,0.13,0.13,0.13,425000
T35.SI,20110424,0.12,0.13,0.12,0.13,226000
T35.SI,20110421,0.13,0.13,0.13,0.13,11000
T35.SI,20110420,0.13,0.13,0.13,0.13,60000
T35.SI,20110419,0.13,0.13,0.13,0.13,587000
T35.SI,20110418,0.13,0.13,0.13,0.13,474000
T35.SI,20110417,0.13,0.13,0.13,0.13,868000
T35.SI,20110414,0.13,0.13,0.13,0.13,500000
T35.SI,20110413,0.13,0.13,0.13,0.13,247000
T35.SI,20110412,0.13,0.14,0.13,0.13,3450000
T35.SI,20110411,0.13,0.14,0.13,0.13,3959000
T35.SI,20110410,0.13,0.13,0.13,0.13,701000
T35.SI,20110407,0.13,0.13,0.13,0.13,000
T35.SI,20110406,0.13,0.13,0.13,0.13,122000
T35.SI,20110405,0.13,0.13,0.13,0.13,90000
T35.SI,20110404,0.13,0.14,0.13,0.13,1826000
T35.SI,20110403,0.13,0.13,0.13,0.13,973000
T35.SI,20110331,0.13,0.13,0.13,0.13,101000
T35.SI,20110330,0.13,0.13,0.13,0.13,70000
T35.SI,20110329,0.13,0.13,0.13,0.13,44000
T35.SI,20110328,0.13,0.13,0.13,0.13,910000
T35.SI,20110327,0.13,0.13,0.13,0.13,122000
T35.SI,20110324,0.13,0.13,0.13,0.13,155000
T35.SI,20110323,0.13,0.13,0.13,0.13,140000
T35.SI,20110322,0.13,0.13,0.13,0.13,000
T35.SI,20110321,0.13,0.13,0.13,0.13,101000
T35.SI,20110320,0.13,0.13,0.13,0.13,105000
T35.SI,20110317,0.14,0.14,0.13,0.13,1801000
T35.SI,20110316,0.13,0.14,0.13,0.14,1300000
T35.SI,20110315,0.13,0.14,0.13,0.14,2968000
T35.SI,20110314,0.12,0.13,0.12,0.13,654000
T35.SI,20110313,0.12,0.12,0.12,0.12,400000
T35.SI,20110310,0.12,0.13,0.12,0.12,488000
T35.SI,20110309,0.12,0.12,0.12,0.12,269000
T35.SI,20110308,0.12,0.12,0.12,0.12,947000
T35.SI,20110307,0.12,0.12,0.12,0.12,782000
T35.SI,20110306,0.12,0.13,0.12,0.12,233000
T35.SI,20110303,0.12,0.13,0.12,0.12,1098000
T35.SI,20110302,0.13,0.13,0.12,0.12,748000
T35.SI,20110301,0.12,0.13,0.12,0.13,374000
T35.SI,20110228,0.13,0.13,0.13,0.13,456000
T35.SI,20110227,0.13,0.13,0.13,0.13,1366000
T35.SI,20110224,0.13,0.13,0.13,0.13,418000
T35.SI,20110223,0.13,0.13,0.13,0.13,1621000
T35.SI,20110222,0.14,0.14,0.13,0.13,1734000
T35.SI,20110221,0.13,0.14,0.13,0.14,2449000
T35.SI,20110220,0.13,0.13,0.13,0.13,1370000
T35.SI,20110217,0.13,0.13,0.13,0.13,832000
T35.SI,20110216,0.13,0.13,0.13,0.13,255000
T35.SI,20110215,0.14,0.14,0.13,0.14,2420000
T35.SI,20110214,0.14,0.14,0.13,0.14,4218000
T35.SI,20110213,0.14,0.14,0.14,0.14,694000
T35.SI,20110210,0.14,0.15,0.14,0.14,7333000
T35.SI,20110209,0.14,0.14,0.14,0.14,1524000
T35.SI,20110208,0.14,0.14,0.14,0.14,3324000
T35.SI,20110207,0.14,0.14,0.14,0.14,3101000
T35.SI,20110206,0.14,0.14,0.14,0.14,6914000
T35.SI,20110203,0.14,0.14,0.14,0.14,3138000
T35.SI,20110202,0.13,0.14,0.13,0.13,7504000
T35.SI,20110201,0.13,0.13,0.13,0.13,2716000
T35.SI,20110131,0.12,0.13,0.12,0.13,6617000
T35.SI,20110130,0.13,0.13,0.12,0.12,2865000
T35.SI,20110127,0.12,0.13,0.12,0.13,12205000
T35.SI,20110126,0.12,0.12,0.12,0.12,1718000
T35.SI,20110125,0.12,0.12,0.12,0.12,2636000
T35.SI,20110124,0.12,0.12,0.12,0.12,000
T35.SI,20110123,0.12,0.12,0.12,0.12,000
T35.SI,20110120,0.12,0.12,0.12,0.12,5336000
T35.SI,20110119,0.12,0.12,0.12,0.12,2669000
T35.SI,20110118,0.11,0.12,0.11,0.11,7132000
T35.SI,20110117,0.11,0.11,0.11,0.11,2872000
T35.SI,20110116,0.11,0.11,0.11,0.11,1112000
T35.SI,20110113,0.11,0.11,0.11,0.11,1736000
T35.SI,20110112,0.10,0.12,0.10,0.11,15527000
T35.SI,20110111,0.10,0.10,0.09,0.10,7593000
T35.SI,20110110,0.10,0.10,0.09,0.10,236000
T35.SI,20110109,0.10,0.10,0.09,0.09,150000
T35.SI,20110106,0.09,0.10,0.09,0.10,6285000
T35.SI,20110105,0.09,0.10,0.09,0.09,1890000
T35.SI,20110104,0.09,0.10,0.09,0.10,46000
T35.SI,20110103,0.10,0.10,0.10,0.10,130000
T35.SI,20110102,0.10,0.10,0.10,0.10,000
