558.SI,20120604,0.51,0.51,0.50,0.51,5009000
558.SI,20120603,0.49,0.50,0.49,0.50,459000
558.SI,20120531,0.49,0.49,0.49,0.49,627000
558.SI,20120530,0.48,0.49,0.48,0.49,1406000
558.SI,20120529,0.50,0.50,0.49,0.49,974000
558.SI,20120528,0.50,0.50,0.49,0.50,772000
558.SI,20120527,0.49,0.50,0.49,0.50,1268000
558.SI,20120524,0.49,0.49,0.49,0.49,000
558.SI,20120523,0.50,0.50,0.47,0.49,2528000
558.SI,20120522,0.48,0.51,0.48,0.50,5907000
558.SI,20120521,0.47,0.48,0.47,0.48,214000
558.SI,20120520,0.47,0.47,0.47,0.47,295000
558.SI,20120517,0.47,0.47,0.47,0.47,480000
558.SI,20120516,0.47,0.48,0.47,0.47,507000
558.SI,20120515,0.48,0.48,0.47,0.47,719000
558.SI,20120514,0.47,0.48,0.47,0.48,588000
558.SI,20120513,0.47,0.49,0.47,0.48,639000
558.SI,20120510,0.48,0.49,0.47,0.47,8081000
558.SI,20120509,0.45,0.47,0.45,0.47,2119000
558.SI,20120508,0.45,0.46,0.45,0.45,412000
558.SI,20120507,0.46,0.46,0.45,0.46,386000
558.SI,20120506,0.47,0.47,0.47,0.47,1125000
558.SI,20120503,0.47,0.47,0.47,0.47,600000
558.SI,20120502,0.47,0.47,0.47,0.47,174000
558.SI,20120501,0.47,0.47,0.47,0.47,000
558.SI,20120430,0.47,0.47,0.47,0.47,1008000
558.SI,20120429,0.47,0.48,0.47,0.47,585000
558.SI,20120426,0.47,0.48,0.47,0.47,1413000
558.SI,20120425,0.47,0.47,0.47,0.47,305000
558.SI,20120424,0.47,0.47,0.47,0.47,164000
558.SI,20120423,0.47,0.47,0.47,0.47,743000
558.SI,20120422,0.47,0.47,0.47,0.47,275000
558.SI,20120419,0.47,0.48,0.47,0.47,701000
558.SI,20120418,0.47,0.47,0.47,0.47,966000
558.SI,20120417,0.47,0.47,0.47,0.47,1835000
558.SI,20120416,0.46,0.47,0.46,0.47,1209000
558.SI,20120415,0.47,0.47,0.47,0.47,513000
558.SI,20120412,0.47,0.47,0.47,0.47,582000
558.SI,20120411,0.47,0.47,0.46,0.47,932000
558.SI,20120410,0.47,0.47,0.46,0.46,818000
558.SI,20120409,0.46,0.47,0.46,0.47,320000
558.SI,20120408,0.46,0.46,0.46,0.46,412000
558.SI,20120405,0.46,0.47,0.46,0.46,1471000
558.SI,20120404,0.47,0.47,0.46,0.46,518000
558.SI,20120403,0.46,0.47,0.46,0.46,1275000
558.SI,20120402,0.45,0.46,0.45,0.45,116000
558.SI,20120401,0.46,0.46,0.45,0.46,100000
558.SI,20120329,0.45,0.45,0.45,0.45,000
558.SI,20120328,0.46,0.46,0.45,0.45,124000
558.SI,20120327,0.45,0.46,0.45,0.45,517000
558.SI,20120326,0.45,0.46,0.44,0.45,436000
558.SI,20120325,0.45,0.46,0.45,0.45,382000
558.SI,20120322,0.45,0.46,0.44,0.46,548000
558.SI,20120321,0.45,0.46,0.45,0.45,307000
558.SI,20120320,0.45,0.46,0.44,0.44,412000
558.SI,20120319,0.45,0.45,0.44,0.45,449000
558.SI,20120318,0.45,0.45,0.44,0.45,360000
558.SI,20120315,0.45,0.45,0.44,0.44,262000
558.SI,20120314,0.44,0.45,0.44,0.45,749000
558.SI,20120313,0.44,0.45,0.44,0.44,327000
558.SI,20120312,0.45,0.45,0.44,0.44,962000
558.SI,20120311,0.45,0.45,0.44,0.45,514000
558.SI,20120308,0.44,0.45,0.44,0.44,305000
558.SI,20120307,0.44,0.44,0.44,0.44,669000
558.SI,20120306,0.44,0.45,0.44,0.44,836000
558.SI,20120305,0.44,0.45,0.44,0.45,959000
558.SI,20120304,0.45,0.45,0.44,0.44,2492000
558.SI,20120301,0.47,0.47,0.44,0.44,2689000
558.SI,20120229,0.46,0.47,0.46,0.46,443000
558.SI,20120228,0.46,0.46,0.46,0.46,445000
558.SI,20120227,0.47,0.47,0.46,0.46,742000
558.SI,20120226,0.46,0.47,0.46,0.47,1089000
558.SI,20120223,0.46,0.46,0.46,0.46,775000
558.SI,20120222,0.46,0.47,0.46,0.46,609000
558.SI,20120221,0.47,0.47,0.46,0.46,800000
558.SI,20120220,0.46,0.46,0.46,0.46,395000
558.SI,20120219,0.47,0.47,0.46,0.46,449000
558.SI,20120216,0.46,0.47,0.46,0.46,898000
558.SI,20120215,0.46,0.46,0.46,0.46,541000
558.SI,20120214,0.47,0.47,0.46,0.47,355000
558.SI,20120213,0.46,0.46,0.46,0.46,000
558.SI,20120212,0.46,0.46,0.46,0.46,000
558.SI,20120209,0.46,0.46,0.46,0.46,309000
558.SI,20120208,0.47,0.47,0.46,0.46,528000
558.SI,20120207,0.46,0.47,0.46,0.47,1052000
558.SI,20120206,0.46,0.46,0.46,0.46,817000
558.SI,20120205,0.46,0.47,0.46,0.46,1040000
558.SI,20120202,0.46,0.47,0.46,0.46,1049000
558.SI,20120201,0.47,0.47,0.46,0.46,1088000
558.SI,20120131,0.47,0.47,0.47,0.47,803000
558.SI,20120130,0.47,0.47,0.46,0.46,964000
558.SI,20120129,0.47,0.47,0.46,0.46,755000
558.SI,20120126,0.47,0.48,0.46,0.46,12752000
558.SI,20120125,0.44,0.47,0.44,0.47,4122000
558.SI,20120124,0.44,0.44,0.44,0.44,917000
558.SI,20120123,0.44,0.44,0.44,0.44,620000
558.SI,20120122,0.44,0.44,0.44,0.44,908000
558.SI,20120119,0.44,0.45,0.44,0.44,1054000
558.SI,20120118,0.44,0.44,0.44,0.44,1072000
558.SI,20120117,0.44,0.44,0.44,0.44,673000
558.SI,20120116,0.46,0.46,0.44,0.44,1950000
558.SI,20120115,0.45,0.46,0.45,0.46,1017000
558.SI,20120112,0.46,0.47,0.46,0.46,12146000
558.SI,20120111,0.44,0.46,0.43,0.46,5178000
558.SI,20120110,0.43,0.44,0.43,0.44,733000
558.SI,20120109,0.43,0.43,0.42,0.42,1639000
558.SI,20120108,0.43,0.43,0.43,0.43,1570000
558.SI,20120105,0.42,0.43,0.42,0.43,576000
558.SI,20120104,0.43,0.43,0.42,0.43,1007000
558.SI,20120103,0.42,0.43,0.41,0.42,2522000
558.SI,20120102,0.41,0.41,0.41,0.41,000
558.SI,20120101,0.42,0.42,0.41,0.41,295000
558.SI,20111229,0.41,0.42,0.41,0.42,92000
558.SI,20111228,0.42,0.43,0.41,0.42,518000
558.SI,20111227,0.41,0.42,0.41,0.42,430000
558.SI,20111226,0.41,0.41,0.41,0.41,000
558.SI,20111225,0.41,0.41,0.41,0.41,245000
558.SI,20111222,0.41,0.41,0.41,0.41,133000
558.SI,20111221,0.41,0.41,0.41,0.41,192000
558.SI,20111220,0.41,0.41,0.41,0.41,675000
558.SI,20111219,0.41,0.42,0.41,0.41,652000
558.SI,20111218,0.41,0.41,0.41,0.41,208000
558.SI,20111215,0.41,0.41,0.41,0.41,580000
558.SI,20111214,0.41,0.41,0.41,0.41,235000
558.SI,20111213,0.41,0.41,0.41,0.41,193000
558.SI,20111212,0.41,0.41,0.41,0.41,368000
558.SI,20111211,0.41,0.41,0.41,0.41,253000
558.SI,20111208,0.41,0.41,0.41,0.41,440000
558.SI,20111207,0.41,0.41,0.41,0.41,149000
558.SI,20111206,0.41,0.41,0.40,0.41,790000
558.SI,20111205,0.41,0.41,0.41,0.41,121000
558.SI,20111204,0.41,0.41,0.41,0.41,339000
558.SI,20111201,0.41,0.41,0.41,0.41,389000
558.SI,20111130,0.41,0.42,0.41,0.42,230000
558.SI,20111129,0.41,0.41,0.41,0.41,439000
558.SI,20111128,0.42,0.42,0.41,0.41,609000
558.SI,20111127,0.41,0.42,0.41,0.42,336000
558.SI,20111124,0.41,0.42,0.41,0.41,328000
558.SI,20111123,0.41,0.41,0.41,0.41,419000
558.SI,20111122,0.41,0.41,0.41,0.41,224000
558.SI,20111121,0.41,0.41,0.41,0.41,450000
558.SI,20111120,0.41,0.41,0.41,0.41,432000
558.SI,20111117,0.41,0.41,0.41,0.41,334000
558.SI,20111116,0.41,0.41,0.41,0.41,755000
558.SI,20111115,0.41,0.41,0.41,0.41,300000
558.SI,20111114,0.41,0.41,0.41,0.41,000
558.SI,20111113,0.41,0.41,0.41,0.41,220000
558.SI,20111110,0.41,0.41,0.41,0.41,692000
558.SI,20111109,0.41,0.41,0.41,0.41,1712000
558.SI,20111108,0.41,0.41,0.41,0.41,409000
558.SI,20111107,0.41,0.41,0.41,0.41,109000
558.SI,20111106,0.41,0.41,0.41,0.41,456000
558.SI,20111103,0.41,0.41,0.41,0.41,151000
558.SI,20111102,0.41,0.41,0.40,0.41,524000
558.SI,20111101,0.41,0.41,0.41,0.41,176000
558.SI,20111031,0.41,0.41,0.41,0.41,1180000
558.SI,20111030,0.41,0.41,0.41,0.41,644000
558.SI,20111027,0.41,0.41,0.41,0.41,000
558.SI,20111026,0.41,0.41,0.41,0.41,612000
558.SI,20111025,0.41,0.42,0.41,0.42,778000
558.SI,20111024,0.42,0.42,0.41,0.41,577000
558.SI,20111023,0.41,0.42,0.41,0.42,260000
558.SI,20111020,0.43,0.43,0.41,0.41,1829000
558.SI,20111019,0.43,0.44,0.43,0.43,6360000
558.SI,20111018,0.41,0.43,0.41,0.43,1682000
558.SI,20111017,0.41,0.42,0.41,0.41,452000
558.SI,20111016,0.42,0.42,0.41,0.41,430000
558.SI,20111013,0.41,0.43,0.41,0.42,713000
558.SI,20111012,0.43,0.43,0.41,0.42,1003000
558.SI,20111011,0.44,0.44,0.43,0.43,1034000
558.SI,20111010,0.44,0.44,0.43,0.44,1739000
558.SI,20111009,0.44,0.44,0.44,0.44,1347000
558.SI,20111006,0.44,0.44,0.44,0.44,1464000
558.SI,20111005,0.44,0.44,0.44,0.44,1006000
558.SI,20111004,0.43,0.44,0.43,0.44,1347000
558.SI,20111003,0.44,0.44,0.43,0.44,460000
558.SI,20111002,0.44,0.44,0.43,0.44,322000
558.SI,20110929,0.44,0.44,0.44,0.44,259000
558.SI,20110928,0.43,0.44,0.43,0.44,1656000
558.SI,20110927,0.44,0.44,0.43,0.43,3503000
558.SI,20110926,0.44,0.45,0.44,0.44,1483000
558.SI,20110925,0.44,0.44,0.44,0.44,655000
558.SI,20110922,0.44,0.44,0.44,0.44,995000
558.SI,20110921,0.45,0.45,0.44,0.44,3527000
558.SI,20110920,0.43,0.46,0.43,0.44,18183000
558.SI,20110919,0.41,0.43,0.41,0.43,4248000
558.SI,20110918,0.41,0.42,0.41,0.41,969000
558.SI,20110915,0.41,0.41,0.41,0.41,332000
558.SI,20110914,0.41,0.41,0.41,0.41,716000
558.SI,20110913,0.41,0.41,0.41,0.41,883000
558.SI,20110912,0.41,0.41,0.41,0.41,78000
558.SI,20110911,0.41,0.41,0.41,0.41,161000
558.SI,20110908,0.41,0.41,0.41,0.41,1944000
558.SI,20110907,0.40,0.40,0.40,0.40,382000
558.SI,20110906,0.40,0.40,0.40,0.40,468000
558.SI,20110905,0.41,0.41,0.40,0.41,475000
558.SI,20110904,0.41,0.41,0.40,0.40,188000
558.SI,20110901,0.41,0.41,0.40,0.41,509000
558.SI,20110831,0.41,0.41,0.40,0.41,990000
558.SI,20110830,0.40,0.40,0.40,0.40,174000
558.SI,20110829,0.40,0.41,0.40,0.40,437000
558.SI,20110828,0.40,0.41,0.40,0.40,969000
558.SI,20110825,0.40,0.40,0.40,0.40,676000
558.SI,20110824,0.41,0.41,0.40,0.40,675000
558.SI,20110823,0.40,0.41,0.40,0.41,1296000
558.SI,20110822,0.40,0.41,0.40,0.41,468000
558.SI,20110821,0.40,0.40,0.40,0.40,000
558.SI,20110818,0.41,0.41,0.40,0.40,511000
558.SI,20110817,0.41,0.42,0.41,0.41,3768000
558.SI,20110816,0.41,0.42,0.41,0.41,9540000
558.SI,20110815,0.40,0.41,0.38,0.41,2654000
558.SI,20110814,0.38,0.40,0.38,0.40,1826000
558.SI,20110811,0.40,0.40,0.38,0.38,3166000
558.SI,20110810,0.39,0.39,0.39,0.39,000
558.SI,20110809,0.39,0.40,0.39,0.39,848000
558.SI,20110808,0.40,0.40,0.39,0.40,401000
558.SI,20110807,0.41,0.41,0.40,0.40,1229000
558.SI,20110804,0.41,0.41,0.40,0.41,876000
558.SI,20110803,0.41,0.41,0.41,0.41,10467000
558.SI,20110802,0.38,0.40,0.38,0.40,2335000
558.SI,20110801,0.38,0.39,0.38,0.39,767000
558.SI,20110731,0.38,0.40,0.38,0.40,1060000
558.SI,20110728,0.38,0.38,0.38,0.38,728000
558.SI,20110727,0.38,0.38,0.38,0.38,1081000
558.SI,20110726,0.38,0.38,0.38,0.38,434000
558.SI,20110725,0.38,0.39,0.38,0.38,425000
558.SI,20110724,0.39,0.39,0.38,0.38,437000
558.SI,20110721,0.39,0.40,0.38,0.39,500000
558.SI,20110720,0.40,0.40,0.39,0.39,665000
558.SI,20110719,0.40,0.40,0.40,0.40,1731000
558.SI,20110718,0.40,0.40,0.39,0.40,623000
558.SI,20110717,0.39,0.40,0.39,0.40,319000
558.SI,20110714,0.40,0.40,0.39,0.40,407000
558.SI,20110713,0.41,0.41,0.40,0.41,1328000
558.SI,20110712,0.41,0.41,0.41,0.41,486000
558.SI,20110711,0.41,0.41,0.41,0.41,410000
558.SI,20110710,0.41,0.41,0.41,0.41,770000
558.SI,20110707,0.41,0.42,0.41,0.41,154000
558.SI,20110706,0.41,0.41,0.41,0.41,561000
558.SI,20110705,0.41,0.42,0.41,0.41,1092000
558.SI,20110704,0.41,0.42,0.41,0.41,1173000
558.SI,20110703,0.41,0.41,0.41,0.41,938000
558.SI,20110630,0.40,0.41,0.40,0.41,2019000
558.SI,20110629,0.40,0.41,0.39,0.39,545000
558.SI,20110628,0.39,0.41,0.39,0.40,523000
558.SI,20110627,0.40,0.40,0.40,0.40,290000
558.SI,20110626,0.40,0.40,0.40,0.40,259000
558.SI,20110623,0.40,0.40,0.40,0.40,238000
558.SI,20110622,0.40,0.41,0.39,0.40,793000
558.SI,20110621,0.40,0.40,0.40,0.40,493000
558.SI,20110620,0.40,0.40,0.40,0.40,563000
558.SI,20110619,0.40,0.40,0.40,0.40,340000
558.SI,20110616,0.40,0.40,0.40,0.40,384000
558.SI,20110615,0.40,0.40,0.40,0.40,561000
558.SI,20110614,0.40,0.40,0.40,0.40,331000
558.SI,20110613,0.39,0.40,0.39,0.40,808000
558.SI,20110612,0.39,0.40,0.38,0.40,735000
558.SI,20110609,0.39,0.39,0.38,0.38,101000
558.SI,20110608,0.40,0.40,0.39,0.39,362000
558.SI,20110607,0.39,0.40,0.39,0.40,322000
558.SI,20110606,0.39,0.40,0.38,0.39,930000
558.SI,20110605,0.38,0.39,0.38,0.38,533000
558.SI,20110602,0.40,0.40,0.39,0.40,892000
558.SI,20110601,0.40,0.41,0.40,0.40,244000
558.SI,20110531,0.40,0.41,0.40,0.41,973000
558.SI,20110530,0.40,0.40,0.39,0.40,1615000
558.SI,20110529,0.38,0.40,0.38,0.39,809000
558.SI,20110526,0.38,0.39,0.38,0.39,733000
558.SI,20110525,0.38,0.39,0.38,0.38,848000
558.SI,20110524,0.38,0.38,0.38,0.38,824000
558.SI,20110523,0.38,0.39,0.38,0.38,1647000
558.SI,20110522,0.39,0.39,0.38,0.38,799000
558.SI,20110519,0.36,0.38,0.36,0.38,2155000
558.SI,20110518,0.36,0.38,0.36,0.37,2336000
558.SI,20110517,0.34,0.36,0.34,0.35,4352000
558.SI,20110516,0.33,0.34,0.32,0.34,1166000
558.SI,20110515,0.34,0.35,0.33,0.33,779000
558.SI,20110512,0.34,0.34,0.34,0.34,1030000
558.SI,20110511,0.35,0.35,0.34,0.34,1181000
558.SI,20110510,0.35,0.35,0.34,0.35,951000
558.SI,20110509,0.35,0.35,0.35,0.35,1350000
558.SI,20110508,0.37,0.37,0.34,0.35,2717000
558.SI,20110505,0.38,0.38,0.37,0.38,1389000
558.SI,20110504,0.40,0.40,0.37,0.38,3091000
558.SI,20110503,0.41,0.43,0.40,0.42,8276000
558.SI,20110502,0.44,0.44,0.44,0.44,000
558.SI,20110501,0.47,0.47,0.41,0.41,11334000
558.SI,20110428,0.47,0.47,0.47,0.47,5991000
558.SI,20110427,0.50,0.50,0.47,0.47,10729000
558.SI,20110426,0.49,0.50,0.49,0.49,1134000
558.SI,20110425,0.48,0.49,0.48,0.49,422000
558.SI,20110424,0.49,0.49,0.48,0.48,998000
558.SI,20110421,0.49,0.49,0.49,0.49,2116000
558.SI,20110420,0.49,0.49,0.48,0.49,726000
558.SI,20110419,0.49,0.50,0.49,0.49,1831000
558.SI,20110418,0.49,0.49,0.49,0.49,1101000
558.SI,20110417,0.49,0.50,0.49,0.49,1339000
558.SI,20110414,0.49,0.50,0.49,0.49,7356000
558.SI,20110413,0.48,0.49,0.48,0.49,2674000
558.SI,20110412,0.48,0.49,0.47,0.48,1759000
558.SI,20110411,0.48,0.49,0.47,0.48,1810000
558.SI,20110410,0.48,0.48,0.47,0.47,1219000
558.SI,20110407,0.48,0.48,0.48,0.48,000
558.SI,20110406,0.48,0.49,0.47,0.48,2250000
558.SI,20110405,0.49,0.49,0.47,0.48,3089000
558.SI,20110404,0.49,0.49,0.49,0.49,2260000
558.SI,20110403,0.49,0.50,0.49,0.49,6833000
558.SI,20110331,0.48,0.49,0.48,0.48,1095000
558.SI,20110330,0.49,0.49,0.48,0.49,1433000
558.SI,20110329,0.49,0.49,0.48,0.49,2671000
558.SI,20110328,0.49,0.50,0.48,0.49,4936000
558.SI,20110327,0.48,0.49,0.47,0.48,8367000
558.SI,20110324,0.47,0.48,0.47,0.47,2063000
558.SI,20110323,0.48,0.49,0.47,0.47,4342000
558.SI,20110322,0.48,0.49,0.47,0.49,6407000
558.SI,20110321,0.48,0.49,0.47,0.48,3663000
558.SI,20110320,0.48,0.49,0.47,0.47,4573000
558.SI,20110317,0.47,0.48,0.47,0.48,7724000
558.SI,20110316,0.48,0.48,0.47,0.47,9748000
558.SI,20110315,0.49,0.49,0.48,0.49,7348000
558.SI,20110314,0.49,0.49,0.48,0.49,15840000
558.SI,20110313,0.51,0.51,0.48,0.49,10180000
558.SI,20110310,0.52,0.52,0.51,0.51,2408000
558.SI,20110309,0.52,0.53,0.51,0.51,12751000
558.SI,20110308,0.49,0.51,0.48,0.51,3998000
558.SI,20110307,0.50,0.50,0.49,0.49,2416000
558.SI,20110306,0.49,0.50,0.49,0.50,5337000
558.SI,20110303,0.49,0.49,0.48,0.49,1418000
558.SI,20110302,0.49,0.49,0.48,0.49,2284000
558.SI,20110301,0.50,0.50,0.49,0.49,5826000
558.SI,20110228,0.48,0.49,0.47,0.48,1925000
558.SI,20110227,0.49,0.50,0.47,0.47,3064000
558.SI,20110224,0.49,0.50,0.49,0.50,3770000
558.SI,20110223,0.50,0.50,0.48,0.49,3612000
558.SI,20110222,0.50,0.51,0.49,0.50,11242000
558.SI,20110221,0.49,0.50,0.48,0.49,7327000
558.SI,20110220,0.48,0.50,0.48,0.48,7061000
558.SI,20110217,0.47,0.48,0.47,0.47,3714000
558.SI,20110216,0.48,0.49,0.47,0.47,5010000
558.SI,20110215,0.49,0.50,0.48,0.49,6171000
558.SI,20110214,0.48,0.49,0.48,0.48,4981000
558.SI,20110213,0.48,0.49,0.48,0.48,3002000
558.SI,20110210,0.49,0.50,0.47,0.47,4462000
558.SI,20110209,0.50,0.50,0.49,0.50,5650000
558.SI,20110208,0.49,0.51,0.48,0.50,28119000
558.SI,20110207,0.47,0.49,0.47,0.48,5416000
558.SI,20110206,0.49,0.49,0.47,0.48,3286000
558.SI,20110203,0.48,0.49,0.47,0.48,2881000
558.SI,20110202,0.49,0.50,0.47,0.47,23698000
558.SI,20110201,0.47,0.49,0.47,0.48,14873000
558.SI,20110131,0.47,0.47,0.46,0.47,3182000
558.SI,20110130,0.47,0.47,0.46,0.47,2257000
558.SI,20110127,0.47,0.47,0.46,0.47,4109000
558.SI,20110126,0.49,0.49,0.46,0.47,5609000
558.SI,20110125,0.46,0.49,0.46,0.48,7019000
558.SI,20110124,0.46,0.46,0.46,0.46,000
558.SI,20110123,0.46,0.46,0.46,0.46,000
558.SI,20110120,0.44,0.47,0.44,0.46,10725000
558.SI,20110119,0.44,0.44,0.43,0.43,3523000
558.SI,20110118,0.43,0.44,0.43,0.43,6153000
558.SI,20110117,0.43,0.44,0.42,0.43,4206000
558.SI,20110116,0.42,0.43,0.42,0.43,2428000
558.SI,20110113,0.43,0.44,0.41,0.43,3924000
558.SI,20110112,0.42,0.44,0.42,0.43,12284000
558.SI,20110111,0.40,0.42,0.40,0.41,8203000
558.SI,20110110,0.40,0.41,0.40,0.40,6041000
558.SI,20110109,0.40,0.40,0.40,0.40,1959000
558.SI,20110106,0.40,0.41,0.40,0.40,2482000
558.SI,20110105,0.39,0.41,0.39,0.39,4908000
558.SI,20110104,0.41,0.41,0.38,0.39,4605000
558.SI,20110103,0.38,0.41,0.38,0.41,38957000
558.SI,20110102,0.38,0.38,0.38,0.38,000
