EH5.SI,20120605,0.625,0.625,0.625,0.625,12000
EH5.SI,20120604,0.61,0.62,0.61,0.62,7000
EH5.SI,20120603,0.62,0.62,0.62,0.62,20000
EH5.SI,20120531,0.61,0.61,0.61,0.61,15000
EH5.SI,20120530,0.62,0.62,0.62,0.62,000
EH5.SI,20120529,0.62,0.62,0.62,0.62,38000
EH5.SI,20120528,0.62,0.62,0.62,0.62,000
EH5.SI,20120527,0.62,0.62,0.60,0.62,35000
EH5.SI,20120524,0.62,0.62,0.62,0.62,000
EH5.SI,20120523,0.60,0.62,0.60,0.62,43000
EH5.SI,20120522,0.61,0.62,0.61,0.61,32000
EH5.SI,20120521,0.60,0.63,0.60,0.63,57000
EH5.SI,20120520,0.64,0.64,0.60,0.63,32000
EH5.SI,20120517,0.60,0.60,0.60,0.60,20000
EH5.SI,20120516,0.60,0.60,0.60,0.60,28000
EH5.SI,20120515,0.60,0.60,0.60,0.60,113000
EH5.SI,20120514,0.60,0.60,0.59,0.59,85000
EH5.SI,20120513,0.61,0.61,0.60,0.60,124000
EH5.SI,20120510,0.62,0.62,0.61,0.61,95000
EH5.SI,20120509,0.62,0.62,0.62,0.62,31000
EH5.SI,20120508,0.62,0.62,0.62,0.62,19000
EH5.SI,20120507,0.61,0.62,0.61,0.62,89000
EH5.SI,20120506,0.61,0.61,0.61,0.61,000
EH5.SI,20120503,0.61,0.61,0.61,0.61,5000
EH5.SI,20120502,0.61,0.62,0.61,0.62,15000
EH5.SI,20120501,0.62,0.62,0.62,0.62,000
EH5.SI,20120430,0.62,0.62,0.62,0.62,000
EH5.SI,20120429,0.62,0.62,0.62,0.62,12000
EH5.SI,20120426,0.62,0.62,0.62,0.62,38000
EH5.SI,20120425,0.60,0.60,0.56,0.60,188000
EH5.SI,20120424,0.59,0.59,0.58,0.58,60000
EH5.SI,20120423,0.58,0.58,0.58,0.58,23000
EH5.SI,20120422,0.59,0.59,0.59,0.59,10000
EH5.SI,20120419,0.59,0.59,0.59,0.59,10000
EH5.SI,20120418,0.59,0.59,0.59,0.59,75000
EH5.SI,20120417,0.59,0.59,0.59,0.59,17000
EH5.SI,20120416,0.56,0.60,0.56,0.60,7000
EH5.SI,20120415,0.58,0.61,0.58,0.61,52000
EH5.SI,20120412,0.60,0.60,0.60,0.60,000
EH5.SI,20120411,0.60,0.60,0.60,0.60,000
EH5.SI,20120410,0.59,0.60,0.59,0.60,168000
EH5.SI,20120409,0.59,0.59,0.59,0.59,000
EH5.SI,20120408,0.59,0.59,0.59,0.59,10000
EH5.SI,20120405,0.60,0.61,0.60,0.61,102000
EH5.SI,20120404,0.60,0.60,0.58,0.58,92000
EH5.SI,20120403,0.60,0.60,0.59,0.60,70000
EH5.SI,20120402,0.58,0.60,0.58,0.60,103000
EH5.SI,20120401,0.58,0.58,0.58,0.58,18000
EH5.SI,20120329,0.59,0.59,0.59,0.59,000
EH5.SI,20120328,0.59,0.59,0.59,0.59,000
EH5.SI,20120327,0.59,0.59,0.59,0.59,16000
EH5.SI,20120326,0.59,0.59,0.59,0.59,000
EH5.SI,20120325,0.59,0.59,0.59,0.59,4000
EH5.SI,20120322,0.59,0.59,0.59,0.59,39000
EH5.SI,20120321,0.59,0.59,0.59,0.59,22000
EH5.SI,20120320,0.58,0.58,0.58,0.58,33000
EH5.SI,20120319,0.59,0.59,0.59,0.59,000
EH5.SI,20120318,0.59,0.59,0.59,0.59,000
EH5.SI,20120315,0.57,0.59,0.57,0.59,18000
EH5.SI,20120314,0.59,0.59,0.59,0.59,000
EH5.SI,20120313,0.59,0.59,0.59,0.59,000
EH5.SI,20120312,0.59,0.59,0.59,0.59,000
EH5.SI,20120311,0.59,0.59,0.59,0.59,000
EH5.SI,20120308,0.59,0.59,0.59,0.59,000
EH5.SI,20120307,0.58,0.59,0.58,0.59,77000
EH5.SI,20120306,0.60,0.60,0.60,0.60,000
EH5.SI,20120305,0.58,0.60,0.57,0.60,46000
EH5.SI,20120304,0.57,0.60,0.56,0.60,101000
EH5.SI,20120301,0.60,0.60,0.60,0.60,2000
EH5.SI,20120229,0.59,0.60,0.59,0.60,33000
EH5.SI,20120228,0.57,0.59,0.57,0.58,200000
EH5.SI,20120227,0.60,0.60,0.60,0.60,3000
EH5.SI,20120226,0.57,0.57,0.57,0.57,22000
EH5.SI,20120223,0.60,0.60,0.60,0.60,000
EH5.SI,20120222,0.60,0.60,0.60,0.60,000
EH5.SI,20120221,0.60,0.60,0.60,0.60,13000
EH5.SI,20120220,0.57,0.57,0.57,0.57,20000
EH5.SI,20120219,0.56,0.56,0.55,0.55,43000
EH5.SI,20120216,0.56,0.56,0.56,0.56,000
EH5.SI,20120215,0.56,0.56,0.56,0.56,21000
EH5.SI,20120214,0.56,0.56,0.56,0.56,10000
EH5.SI,20120213,0.56,0.56,0.56,0.56,000
EH5.SI,20120212,0.56,0.56,0.56,0.56,000
EH5.SI,20120209,0.56,0.56,0.56,0.56,000
EH5.SI,20120208,0.56,0.56,0.56,0.56,000
EH5.SI,20120207,0.56,0.56,0.56,0.56,000
EH5.SI,20120206,0.54,0.56,0.53,0.56,33000
EH5.SI,20120205,0.54,0.55,0.54,0.55,2000
EH5.SI,20120202,0.55,0.55,0.55,0.55,20000
EH5.SI,20120201,0.55,0.55,0.55,0.55,000
EH5.SI,20120131,0.55,0.55,0.55,0.55,40000
EH5.SI,20120130,0.56,0.56,0.56,0.56,84000
EH5.SI,20120129,0.55,0.56,0.55,0.56,119000
EH5.SI,20120126,0.55,0.55,0.55,0.55,000
EH5.SI,20120125,0.55,0.55,0.55,0.55,90000
EH5.SI,20120124,0.55,0.55,0.55,0.55,5000
EH5.SI,20120123,0.52,0.52,0.52,0.52,10000
EH5.SI,20120122,0.52,0.52,0.52,0.52,5000
EH5.SI,20120119,0.56,0.56,0.55,0.55,162000
EH5.SI,20120118,0.56,0.56,0.55,0.56,151000
EH5.SI,20120117,0.55,0.56,0.55,0.56,65000
EH5.SI,20120116,0.55,0.55,0.55,0.55,60000
EH5.SI,20120115,0.55,0.55,0.55,0.55,000
EH5.SI,20120112,0.56,0.56,0.55,0.55,75000
EH5.SI,20120111,0.56,0.56,0.55,0.55,134000
EH5.SI,20120110,0.55,0.55,0.54,0.55,75000
EH5.SI,20120109,0.52,0.52,0.52,0.52,50000
EH5.SI,20120108,0.53,0.53,0.53,0.53,000
EH5.SI,20120105,0.53,0.53,0.53,0.53,000
EH5.SI,20120104,0.53,0.53,0.53,0.53,85000
EH5.SI,20120103,0.56,0.56,0.52,0.52,47000
EH5.SI,20120102,0.53,0.53,0.53,0.53,000
EH5.SI,20120101,0.53,0.53,0.53,0.53,89000
EH5.SI,20111229,0.53,0.53,0.53,0.53,000
EH5.SI,20111228,0.53,0.53,0.53,0.53,10000
EH5.SI,20111227,0.54,0.54,0.54,0.54,10000
EH5.SI,20111226,0.54,0.54,0.54,0.54,000
EH5.SI,20111225,0.54,0.54,0.54,0.54,107000
EH5.SI,20111222,0.54,0.54,0.54,0.54,98000
EH5.SI,20111221,0.50,0.50,0.50,0.50,000
EH5.SI,20111220,0.50,0.50,0.50,0.50,19000
EH5.SI,20111219,0.49,0.49,0.49,0.49,000
EH5.SI,20111218,0.49,0.49,0.49,0.49,10000
EH5.SI,20111215,0.49,0.52,0.49,0.52,2000
EH5.SI,20111214,0.52,0.52,0.52,0.52,000
EH5.SI,20111213,0.52,0.52,0.52,0.52,000
EH5.SI,20111212,0.52,0.52,0.52,0.52,000
EH5.SI,20111211,0.52,0.52,0.52,0.52,2000
EH5.SI,20111208,0.52,0.52,0.52,0.52,000
EH5.SI,20111207,0.52,0.52,0.52,0.52,000
EH5.SI,20111206,0.52,0.52,0.52,0.52,000
EH5.SI,20111205,0.52,0.52,0.52,0.52,000
EH5.SI,20111204,0.52,0.52,0.52,0.52,000
EH5.SI,20111201,0.52,0.52,0.52,0.52,000
EH5.SI,20111130,0.52,0.52,0.52,0.52,000
EH5.SI,20111129,0.52,0.52,0.52,0.52,000
EH5.SI,20111128,0.52,0.52,0.52,0.52,000
EH5.SI,20111127,0.51,0.52,0.51,0.52,68000
EH5.SI,20111124,0.50,0.50,0.50,0.50,35000
EH5.SI,20111123,0.50,0.50,0.50,0.50,40000
EH5.SI,20111122,0.50,0.50,0.50,0.50,000
EH5.SI,20111121,0.50,0.50,0.50,0.50,21000
EH5.SI,20111120,0.50,0.50,0.50,0.50,6000
EH5.SI,20111117,0.51,0.51,0.51,0.51,000
EH5.SI,20111116,0.50,0.51,0.50,0.51,62000
EH5.SI,20111115,0.50,0.50,0.50,0.50,10000
EH5.SI,20111114,0.50,0.50,0.50,0.50,000
EH5.SI,20111113,0.50,0.50,0.50,0.50,70000
EH5.SI,20111110,0.50,0.50,0.50,0.50,60000
EH5.SI,20111109,0.50,0.51,0.50,0.51,72000
EH5.SI,20111108,0.51,0.51,0.51,0.51,000
EH5.SI,20111107,0.50,0.51,0.50,0.51,162000
EH5.SI,20111106,0.51,0.51,0.51,0.51,000
EH5.SI,20111103,0.51,0.51,0.51,0.51,000
EH5.SI,20111102,0.50,0.51,0.50,0.51,52000
EH5.SI,20111101,0.50,0.52,0.50,0.52,101000
EH5.SI,20111031,0.50,0.50,0.50,0.50,5000
EH5.SI,20111030,0.50,0.50,0.50,0.50,50000
EH5.SI,20111027,0.50,0.50,0.50,0.50,000
EH5.SI,20111026,0.50,0.50,0.50,0.50,40000
EH5.SI,20111025,0.51,0.51,0.50,0.51,112000
EH5.SI,20111024,0.51,0.51,0.51,0.51,000
EH5.SI,20111023,0.51,0.51,0.51,0.51,000
EH5.SI,20111020,0.51,0.51,0.51,0.51,000
EH5.SI,20111019,0.51,0.51,0.51,0.51,62000
EH5.SI,20111018,0.51,0.51,0.50,0.50,124000
EH5.SI,20111017,0.51,0.51,0.51,0.51,000
EH5.SI,20111016,0.51,0.51,0.51,0.51,97000
EH5.SI,20111013,0.51,0.51,0.51,0.51,11000
EH5.SI,20111012,0.52,0.52,0.51,0.51,10000
EH5.SI,20111011,0.51,0.52,0.51,0.52,252000
EH5.SI,20111010,0.51,0.52,0.51,0.52,216000
EH5.SI,20111009,0.50,0.50,0.50,0.50,62000
EH5.SI,20111006,0.52,0.52,0.52,0.52,15000
EH5.SI,20111005,0.51,0.52,0.51,0.52,50000
EH5.SI,20111004,0.50,0.50,0.50,0.50,55000
EH5.SI,20111003,0.50,0.51,0.50,0.51,31000
EH5.SI,20111002,0.51,0.51,0.51,0.51,000
EH5.SI,20110929,0.51,0.51,0.51,0.51,18000
EH5.SI,20110928,0.51,0.51,0.51,0.51,11000
EH5.SI,20110927,0.51,0.51,0.51,0.51,000
EH5.SI,20110926,0.51,0.51,0.51,0.51,15000
EH5.SI,20110925,0.51,0.51,0.51,0.51,000
EH5.SI,20110922,0.51,0.51,0.51,0.51,000
EH5.SI,20110921,0.51,0.51,0.51,0.51,81000
EH5.SI,20110920,0.50,0.50,0.50,0.50,000
EH5.SI,20110919,0.50,0.50,0.50,0.50,5000
EH5.SI,20110918,0.50,0.50,0.50,0.50,123000
EH5.SI,20110915,0.50,0.50,0.50,0.50,168000
EH5.SI,20110914,0.50,0.50,0.50,0.50,000
EH5.SI,20110913,0.50,0.50,0.50,0.50,000
EH5.SI,20110912,0.50,0.50,0.50,0.50,10000
EH5.SI,20110911,0.50,0.50,0.50,0.50,11000
EH5.SI,20110908,0.50,0.50,0.50,0.50,000
EH5.SI,20110907,0.50,0.50,0.50,0.50,44000
EH5.SI,20110906,0.50,0.50,0.50,0.50,000
EH5.SI,20110905,0.50,0.50,0.50,0.50,000
EH5.SI,20110904,0.50,0.50,0.50,0.50,15000
EH5.SI,20110901,0.50,0.50,0.50,0.50,35000
EH5.SI,20110831,0.50,0.50,0.50,0.50,116000
EH5.SI,20110830,0.50,0.51,0.50,0.51,123000
EH5.SI,20110829,0.50,0.52,0.50,0.52,13000
EH5.SI,20110828,0.53,0.53,0.53,0.53,000
EH5.SI,20110825,0.53,0.53,0.53,0.53,000
EH5.SI,20110824,0.53,0.53,0.53,0.53,000
EH5.SI,20110823,0.53,0.53,0.53,0.53,000
EH5.SI,20110822,0.50,0.53,0.50,0.53,116000
EH5.SI,20110821,0.50,0.50,0.50,0.50,000
EH5.SI,20110818,0.50,0.50,0.50,0.50,000
EH5.SI,20110817,0.50,0.50,0.50,0.50,000
EH5.SI,20110816,0.50,0.50,0.50,0.50,000
EH5.SI,20110815,0.50,0.50,0.49,0.50,53000
EH5.SI,20110814,0.50,0.50,0.50,0.50,000
EH5.SI,20110811,0.50,0.50,0.50,0.50,000
EH5.SI,20110810,0.50,0.50,0.50,0.50,000
EH5.SI,20110809,0.50,0.50,0.50,0.50,120000
EH5.SI,20110808,0.49,0.49,0.49,0.49,000
EH5.SI,20110807,0.49,0.49,0.49,0.49,000
EH5.SI,20110804,0.49,0.49,0.49,0.49,000
EH5.SI,20110803,0.49,0.49,0.49,0.49,10000
EH5.SI,20110802,0.49,0.49,0.49,0.49,000
EH5.SI,20110801,0.49,0.49,0.49,0.49,1000
EH5.SI,20110731,0.49,0.49,0.49,0.49,000
EH5.SI,20110728,0.50,0.50,0.49,0.49,22000
EH5.SI,20110727,0.53,0.53,0.53,0.53,000
EH5.SI,20110726,0.50,0.53,0.47,0.53,330000
EH5.SI,20110725,0.50,0.50,0.50,0.50,000
EH5.SI,20110724,0.50,0.50,0.50,0.50,000
EH5.SI,20110721,0.50,0.50,0.50,0.50,1000
EH5.SI,20110720,0.50,0.50,0.50,0.50,5000
EH5.SI,20110719,0.49,0.49,0.49,0.49,1000
EH5.SI,20110718,0.50,0.50,0.50,0.50,104000
EH5.SI,20110717,0.51,0.51,0.51,0.51,000
EH5.SI,20110714,0.52,0.52,0.51,0.51,41000
EH5.SI,20110713,0.50,0.50,0.50,0.50,000
EH5.SI,20110712,0.50,0.50,0.50,0.50,000
EH5.SI,20110711,0.50,0.50,0.50,0.50,000
EH5.SI,20110710,0.50,0.50,0.50,0.50,146000
EH5.SI,20110707,0.50,0.50,0.50,0.50,15000
EH5.SI,20110706,0.49,0.49,0.49,0.49,120000
EH5.SI,20110705,0.49,0.49,0.49,0.49,39000
EH5.SI,20110704,0.49,0.49,0.49,0.49,000
EH5.SI,20110703,0.49,0.49,0.49,0.49,000
EH5.SI,20110630,0.48,0.49,0.47,0.49,132000
EH5.SI,20110629,0.48,0.49,0.48,0.49,21000
EH5.SI,20110628,0.49,0.49,0.49,0.49,000
EH5.SI,20110627,0.49,0.49,0.49,0.49,000
EH5.SI,20110626,0.49,0.49,0.49,0.49,50000
EH5.SI,20110623,0.49,0.49,0.49,0.49,000
EH5.SI,20110622,0.49,0.49,0.49,0.49,000
EH5.SI,20110621,0.48,0.49,0.48,0.49,16000
EH5.SI,20110620,0.47,0.47,0.47,0.47,000
EH5.SI,20110619,0.47,0.47,0.47,0.47,000
EH5.SI,20110616,0.47,0.47,0.47,0.47,000
EH5.SI,20110615,0.47,0.47,0.47,0.47,21000
EH5.SI,20110614,0.48,0.48,0.48,0.48,000
EH5.SI,20110613,0.48,0.48,0.48,0.48,000
EH5.SI,20110612,0.48,0.48,0.48,0.48,000
EH5.SI,20110609,0.48,0.48,0.48,0.48,45000
EH5.SI,20110608,0.49,0.49,0.49,0.49,000
EH5.SI,20110607,0.47,0.49,0.47,0.49,156000
EH5.SI,20110606,0.49,0.49,0.49,0.49,000
EH5.SI,20110605,0.49,0.49,0.49,0.49,36000
EH5.SI,20110602,0.49,0.49,0.49,0.49,14000
EH5.SI,20110601,0.48,0.48,0.48,0.48,20000
EH5.SI,20110531,0.48,0.48,0.48,0.48,90000
EH5.SI,20110530,0.48,0.48,0.48,0.48,29000
EH5.SI,20110529,0.48,0.48,0.48,0.48,30000
EH5.SI,20110526,0.48,0.48,0.48,0.48,20000
EH5.SI,20110525,0.48,0.48,0.48,0.48,10000
EH5.SI,20110524,0.48,0.48,0.48,0.48,10000
EH5.SI,20110523,0.48,0.50,0.48,0.50,11000
EH5.SI,20110522,0.47,0.48,0.47,0.48,9000
EH5.SI,20110519,0.49,0.49,0.49,0.49,000
EH5.SI,20110518,0.49,0.49,0.48,0.49,5000
EH5.SI,20110517,0.51,0.51,0.51,0.51,000
EH5.SI,20110516,0.51,0.51,0.51,0.51,000
EH5.SI,20110515,0.50,0.51,0.50,0.51,8000
EH5.SI,20110512,0.52,0.52,0.52,0.52,000
EH5.SI,20110511,0.52,0.52,0.52,0.52,000
EH5.SI,20110510,0.52,0.52,0.52,0.52,26000
EH5.SI,20110509,0.52,0.52,0.52,0.52,000
EH5.SI,20110508,0.52,0.52,0.52,0.52,16000
EH5.SI,20110505,0.52,0.52,0.52,0.52,000
EH5.SI,20110504,0.52,0.52,0.52,0.52,10000
EH5.SI,20110503,0.54,0.54,0.54,0.54,000
EH5.SI,20110502,0.54,0.54,0.54,0.54,000
EH5.SI,20110501,0.52,0.52,0.52,0.52,5000
EH5.SI,20110428,0.54,0.54,0.54,0.54,000
EH5.SI,20110427,0.54,0.54,0.54,0.54,000
EH5.SI,20110426,0.54,0.54,0.52,0.54,79000
EH5.SI,20110425,0.53,0.53,0.53,0.53,154000
EH5.SI,20110424,0.55,0.55,0.55,0.55,000
EH5.SI,20110421,0.55,0.55,0.55,0.55,000
EH5.SI,20110420,0.55,0.55,0.55,0.55,000
EH5.SI,20110419,0.55,0.55,0.55,0.55,000
EH5.SI,20110418,0.54,0.55,0.54,0.55,35000
EH5.SI,20110417,0.54,0.54,0.54,0.54,000
EH5.SI,20110414,0.54,0.54,0.54,0.54,20000
EH5.SI,20110413,0.55,0.55,0.55,0.55,39000
EH5.SI,20110412,0.55,0.55,0.55,0.55,000
EH5.SI,20110411,0.53,0.55,0.53,0.55,29000
EH5.SI,20110410,0.54,0.54,0.54,0.54,000
EH5.SI,20110407,0.54,0.54,0.54,0.54,000
EH5.SI,20110406,0.54,0.54,0.54,0.54,93000
EH5.SI,20110405,0.54,0.55,0.54,0.55,58000
EH5.SI,20110404,0.55,0.55,0.55,0.55,000
EH5.SI,20110403,0.55,0.55,0.55,0.55,000
EH5.SI,20110331,0.55,0.55,0.55,0.55,000
EH5.SI,20110330,0.55,0.55,0.55,0.55,000
EH5.SI,20110329,0.55,0.55,0.55,0.55,000
EH5.SI,20110328,0.55,0.56,0.55,0.55,56000
EH5.SI,20110327,0.53,0.55,0.53,0.55,11000
EH5.SI,20110324,0.55,0.55,0.55,0.55,20000
EH5.SI,20110323,0.54,0.55,0.54,0.55,334000
EH5.SI,20110322,0.51,0.51,0.51,0.51,000
EH5.SI,20110321,0.50,0.51,0.50,0.51,156000
EH5.SI,20110320,0.54,0.54,0.50,0.50,149000
EH5.SI,20110317,0.50,0.50,0.50,0.50,000
EH5.SI,20110316,0.50,0.50,0.50,0.50,000
EH5.SI,20110315,0.50,0.50,0.50,0.50,125000
EH5.SI,20110314,0.50,0.50,0.50,0.50,42000
EH5.SI,20110313,0.50,0.50,0.50,0.50,000
EH5.SI,20110310,0.49,0.50,0.49,0.50,60000
EH5.SI,20110309,0.50,0.50,0.50,0.50,22000
EH5.SI,20110308,0.50,0.50,0.50,0.50,155000
EH5.SI,20110307,0.49,0.49,0.49,0.49,000
EH5.SI,20110306,0.50,0.50,0.50,0.50,100000
EH5.SI,20110303,0.49,0.49,0.49,0.49,000
EH5.SI,20110302,0.49,0.50,0.49,0.49,135000
EH5.SI,20110301,0.50,0.51,0.50,0.50,129000
EH5.SI,20110228,0.50,0.50,0.50,0.50,60000
EH5.SI,20110227,0.50,0.50,0.49,0.49,533000
EH5.SI,20110224,0.48,0.49,0.47,0.49,31000
EH5.SI,20110223,0.48,0.48,0.48,0.48,50000
EH5.SI,20110222,0.48,0.48,0.48,0.48,000
EH5.SI,20110221,0.48,0.48,0.48,0.48,2000
EH5.SI,20110220,0.47,0.47,0.47,0.47,000
EH5.SI,20110217,0.47,0.48,0.47,0.47,109000
EH5.SI,20110216,0.47,0.47,0.47,0.47,5000
EH5.SI,20110215,0.48,0.48,0.48,0.48,2000
EH5.SI,20110214,0.47,0.48,0.47,0.47,50000
EH5.SI,20110213,0.48,0.48,0.48,0.48,20000
EH5.SI,20110210,0.48,0.48,0.47,0.47,30000
EH5.SI,20110209,0.49,0.49,0.48,0.49,221000
EH5.SI,20110208,0.48,0.49,0.48,0.49,44000
EH5.SI,20110207,0.46,0.49,0.46,0.49,48000
EH5.SI,20110206,0.50,0.50,0.50,0.50,000
EH5.SI,20110203,0.50,0.50,0.49,0.50,122000
EH5.SI,20110202,0.50,0.50,0.50,0.50,50000
EH5.SI,20110201,0.50,0.50,0.50,0.50,000
EH5.SI,20110131,0.50,0.50,0.49,0.50,212000
EH5.SI,20110130,0.50,0.50,0.50,0.50,421000
EH5.SI,20110127,0.50,0.50,0.50,0.50,198000
EH5.SI,20110126,0.48,0.50,0.48,0.50,49000
EH5.SI,20110125,0.47,0.47,0.46,0.47,77000
EH5.SI,20110124,0.47,0.47,0.47,0.47,000
EH5.SI,20110123,0.47,0.47,0.47,0.47,000
EH5.SI,20110120,0.47,0.47,0.47,0.47,000
EH5.SI,20110119,0.47,0.47,0.47,0.47,13000
EH5.SI,20110118,0.47,0.47,0.47,0.47,257000
EH5.SI,20110117,0.47,0.47,0.47,0.47,32000
EH5.SI,20110116,0.47,0.47,0.47,0.47,57000
EH5.SI,20110113,0.47,0.47,0.47,0.47,101000
EH5.SI,20110112,0.48,0.48,0.48,0.48,000
EH5.SI,20110111,0.47,0.48,0.47,0.48,17000
EH5.SI,20110110,0.47,0.48,0.47,0.48,6000
EH5.SI,20110109,0.47,0.48,0.47,0.48,35000
EH5.SI,20110106,0.47,0.48,0.46,0.48,33000
EH5.SI,20110105,0.47,0.47,0.47,0.47,10000
EH5.SI,20110104,0.49,0.49,0.49,0.49,000
EH5.SI,20110103,0.50,0.50,0.49,0.49,33000
EH5.SI,20110102,0.50,0.50,0.50,0.50,000
EH5.SI,20101230,0.52,0.52,0.50,0.50,15000
EH5.SI,20101229,0.58,0.60,0.57,0.60,223000
EH5.SI,20101228,0.57,0.60,0.57,0.60,54000
EH5.SI,20101227,0.61,0.62,0.60,0.60,125000
EH5.SI,20101226,0.61,0.61,0.61,0.61,000
EH5.SI,20101223,0.61,0.61,0.60,0.61,75000
EH5.SI,20101222,0.61,0.61,0.61,0.61,36000
EH5.SI,20101221,0.62,0.62,0.61,0.62,60000
EH5.SI,20101220,0.62,0.62,0.61,0.62,76000
EH5.SI,20101219,0.62,0.62,0.62,0.62,9000
EH5.SI,20101216,0.58,0.62,0.58,0.62,6000
EH5.SI,20101215,0.60,0.60,0.60,0.60,000
EH5.SI,20101214,0.60,0.60,0.60,0.60,000
EH5.SI,20101213,0.60,0.60,0.59,0.60,16000
EH5.SI,20101212,0.61,0.62,0.61,0.61,43000
EH5.SI,20101209,0.60,0.62,0.60,0.62,167000
EH5.SI,20101208,0.56,0.58,0.56,0.58,25000
EH5.SI,20101207,0.57,0.57,0.57,0.57,000
EH5.SI,20101206,0.57,0.57,0.57,0.57,000
EH5.SI,20101205,0.57,0.57,0.57,0.57,000
EH5.SI,20101202,0.55,0.57,0.55,0.57,29000
EH5.SI,20101201,0.56,0.56,0.56,0.56,50000
EH5.SI,20101130,0.56,0.56,0.56,0.56,000
EH5.SI,20101129,0.56,0.56,0.56,0.56,13000
EH5.SI,20101128,0.56,0.56,0.56,0.56,2000
EH5.SI,20101125,0.56,0.56,0.56,0.56,85000
EH5.SI,20101124,0.55,0.56,0.55,0.56,95000
EH5.SI,20101123,0.56,0.56,0.56,0.56,174000
EH5.SI,20101122,0.56,0.56,0.56,0.56,10000
EH5.SI,20101121,0.56,0.56,0.56,0.56,104000
EH5.SI,20101118,0.55,0.56,0.55,0.56,61000
EH5.SI,20101117,0.54,0.56,0.54,0.56,20000
EH5.SI,20101114,0.54,0.54,0.54,0.54,2000
EH5.SI,20101109,0.55,0.55,0.54,0.54,50000
EH5.SI,20101108,0.54,0.54,0.54,0.54,20000
EH5.SI,20101104,0.55,0.55,0.55,0.55,2000
EH5.SI,20101103,0.54,0.54,0.54,0.54,20000
EH5.SI,20101027,0.55,0.55,0.55,0.55,12000
EH5.SI,20101025,0.55,0.55,0.55,0.55,5000
EH5.SI,20101019,0.54,0.54,0.54,0.54,1000
EH5.SI,20101018,0.54,0.54,0.54,0.54,18000
EH5.SI,20101014,0.54,0.54,0.54,0.54,15000
EH5.SI,20101013,0.54,0.55,0.54,0.55,6000
EH5.SI,20101010,0.55,0.55,0.54,0.55,84000
EH5.SI,20101007,0.55,0.55,0.55,0.55,10000
EH5.SI,20101006,0.53,0.55,0.53,0.55,51000
EH5.SI,20101005,0.54,0.54,0.54,0.54,10000
EH5.SI,20101004,0.53,0.54,0.53,0.54,34000
EH5.SI,20101003,0.56,0.56,0.54,0.54,30000
EH5.SI,20100927,0.56,0.56,0.56,0.56,4000
EH5.SI,20100926,0.55,0.55,0.55,0.55,32000
EH5.SI,20100923,0.55,0.55,0.54,0.55,39000
EH5.SI,20100922,0.56,0.56,0.55,0.55,32000
EH5.SI,20100921,0.57,0.57,0.56,0.56,55000
EH5.SI,20100920,0.56,0.56,0.56,0.56,65000
EH5.SI,20100919,0.56,0.57,0.55,0.57,21000
EH5.SI,20100916,0.58,0.58,0.56,0.57,225000
EH5.SI,20100915,0.58,0.58,0.56,0.58,69000
EH5.SI,20100914,0.58,0.58,0.57,0.58,171000
EH5.SI,20100913,0.56,0.62,0.56,0.59,556000
EH5.SI,20100908,0.55,0.56,0.55,0.56,36000
EH5.SI,20100902,0.56,0.56,0.56,0.56,1000
EH5.SI,20100901,0.56,0.56,0.56,0.56,10000
EH5.SI,20100831,0.56,0.57,0.56,0.57,242000
EH5.SI,20100829,0.56,0.56,0.54,0.56,73000
EH5.SI,20100826,0.51,0.55,0.51,0.55,66000
EH5.SI,20100823,0.56,0.57,0.56,0.57,12000
EH5.SI,20100822,0.55,0.56,0.55,0.56,24000
EH5.SI,20100818,0.58,0.58,0.58,0.58,5000
EH5.SI,20100817,0.57,0.57,0.57,0.57,47000
EH5.SI,20100816,0.56,0.56,0.56,0.56,40000
EH5.SI,20100812,0.55,0.55,0.55,0.55,20000
EH5.SI,20100811,0.52,0.54,0.52,0.54,13000
EH5.SI,20100810,0.57,0.57,0.57,0.57,1000
EH5.SI,20100808,0.58,0.58,0.58,0.58,1000
EH5.SI,20100805,0.56,0.56,0.55,0.55,166000
EH5.SI,20100804,0.59,0.59,0.58,0.58,54000
EH5.SI,20100803,0.59,0.59,0.58,0.59,119000
EH5.SI,20100802,0.59,0.59,0.56,0.58,216000
EH5.SI,20100729,0.59,0.59,0.59,0.59,21000
EH5.SI,20100728,0.61,0.61,0.60,0.61,21000
EH5.SI,20100727,0.60,0.61,0.59,0.60,417000
EH5.SI,20100726,0.61,0.61,0.60,0.60,196000
EH5.SI,20100725,0.60,0.60,0.60,0.60,60000
EH5.SI,20100722,0.59,0.60,0.59,0.60,329000
EH5.SI,20100721,0.60,0.60,0.59,0.59,48000
EH5.SI,20100719,0.59,0.59,0.58,0.59,56000
EH5.SI,20100718,0.60,0.60,0.60,0.60,90000
EH5.SI,20100715,0.60,0.61,0.60,0.61,55000
EH5.SI,20100714,0.61,0.61,0.60,0.61,74000
EH5.SI,20100713,0.61,0.61,0.61,0.61,35000
EH5.SI,20100708,0.61,0.61,0.61,0.61,55000
EH5.SI,20100707,0.60,0.61,0.60,0.61,50000
EH5.SI,20100706,0.62,0.62,0.62,0.62,17000
EH5.SI,20100705,0.62,0.62,0.62,0.62,116000
EH5.SI,20100704,0.63,0.63,0.63,0.63,50000
EH5.SI,20100701,0.62,0.62,0.62,0.62,1000
EH5.SI,20100630,0.61,0.61,0.61,0.61,15000
EH5.SI,20100629,0.60,0.60,0.60,0.60,15000
EH5.SI,20100624,0.62,0.62,0.62,0.62,243000
EH5.SI,20100623,0.62,0.62,0.62,0.62,2203000
EH5.SI,20100622,0.62,0.62,0.62,0.62,22000
EH5.SI,20100621,0.62,0.62,0.62,0.62,445000
EH5.SI,20100620,0.62,0.62,0.62,0.62,61000
EH5.SI,20100617,0.62,0.62,0.62,0.62,11000
EH5.SI,20100616,0.62,0.62,0.62,0.62,52000
EH5.SI,20100615,0.62,0.62,0.62,0.62,70000
EH5.SI,20100614,0.62,0.62,0.62,0.62,126000
EH5.SI,20100613,0.62,0.62,0.62,0.62,64000
EH5.SI,20100610,0.63,0.63,0.62,0.62,83000
EH5.SI,20100609,0.63,0.64,0.61,0.62,1088000
EH5.SI,20100608,0.69,0.69,0.63,0.64,296000
EH5.SI,20100607,0.68,0.69,0.68,0.69,93000
EH5.SI,20100606,0.69,0.69,0.69,0.69,55000
EH5.SI,20100603,0.68,0.69,0.68,0.69,102000
EH5.SI,20100602,0.69,0.70,0.67,0.70,234000
EH5.SI,20100601,0.69,0.69,0.69,0.69,10000
EH5.SI,20100531,0.69,0.69,0.69,0.69,75000
EH5.SI,20100530,0.70,0.70,0.69,0.69,155000
EH5.SI,20100527,0.71,0.71,0.70,0.70,440000
EH5.SI,20100526,0.71,0.71,0.71,0.71,852000
EH5.SI,20100525,0.71,0.71,0.71,0.71,82000
EH5.SI,20100524,0.70,0.71,0.70,0.71,117000
EH5.SI,20100523,0.69,0.70,0.69,0.70,354000
EH5.SI,20100520,0.70,0.70,0.70,0.70,216000
EH5.SI,20100519,0.70,0.70,0.70,0.70,72000
EH5.SI,20100518,0.69,0.70,0.69,0.70,41000
EH5.SI,20100516,0.70,0.70,0.68,0.69,143000
EH5.SI,20100513,0.69,0.70,0.69,0.70,186000
EH5.SI,20100512,0.69,0.70,0.69,0.69,65000
EH5.SI,20100511,0.71,0.72,0.71,0.71,171000
EH5.SI,20100510,0.72,0.73,0.71,0.73,172000
EH5.SI,20100509,0.68,0.71,0.68,0.70,76000
EH5.SI,20100506,0.68,0.70,0.68,0.69,27000
EH5.SI,20100505,0.70,0.71,0.69,0.70,166000
EH5.SI,20100504,0.70,0.75,0.70,0.71,184000
EH5.SI,20100503,0.75,0.75,0.74,0.75,124000
EH5.SI,20100429,0.77,0.77,0.75,0.75,143000
EH5.SI,20100428,0.77,0.77,0.77,0.77,115000
EH5.SI,20100427,0.78,0.79,0.77,0.77,677000
EH5.SI,20100426,0.73,0.79,0.73,0.78,918000
EH5.SI,20100425,0.69,0.73,0.69,0.73,626000
EH5.SI,20100421,0.67,0.69,0.67,0.68,541000
EH5.SI,20100420,0.67,0.67,0.66,0.67,145000
EH5.SI,20100419,0.68,0.68,0.65,0.65,194000
EH5.SI,20100418,0.68,0.68,0.64,0.68,563000
EH5.SI,20100415,0.66,0.67,0.66,0.67,338000
EH5.SI,20100414,0.65,0.66,0.64,0.66,275000
EH5.SI,20100413,0.64,0.64,0.64,0.64,25000
EH5.SI,20100412,0.67,0.67,0.65,0.65,141000
EH5.SI,20100411,0.65,0.66,0.65,0.66,129000
EH5.SI,20100408,0.64,0.67,0.64,0.67,201000
EH5.SI,20100407,0.63,0.65,0.63,0.65,287000
EH5.SI,20100406,0.63,0.63,0.62,0.63,209000
EH5.SI,20100405,0.60,0.63,0.60,0.62,318000
EH5.SI,20100404,0.58,0.60,0.58,0.60,245000
EH5.SI,20100401,0.58,0.58,0.57,0.58,292000
EH5.SI,20100331,0.59,0.59,0.57,0.58,250000
EH5.SI,20100330,0.60,0.61,0.60,0.60,150000
EH5.SI,20100329,0.60,0.60,0.60,0.60,259000
EH5.SI,20100328,0.60,0.60,0.59,0.60,139000
EH5.SI,20100325,0.57,0.59,0.57,0.58,457000
EH5.SI,20100324,0.53,0.56,0.53,0.56,302000
EH5.SI,20100323,0.50,0.52,0.50,0.52,301000
EH5.SI,20100322,0.50,0.50,0.49,0.49,129000
EH5.SI,20100318,0.46,0.47,0.46,0.47,70000
EH5.SI,20100317,0.47,0.47,0.47,0.47,93000
EH5.SI,20100316,0.45,0.47,0.45,0.47,63000
EH5.SI,20100315,0.46,0.46,0.44,0.45,405000
EH5.SI,20100314,0.46,0.46,0.46,0.46,16000
EH5.SI,20100311,0.46,0.46,0.46,0.46,10000
EH5.SI,20100310,0.47,0.47,0.46,0.46,135000
EH5.SI,20100309,0.47,0.47,0.47,0.47,20000
EH5.SI,20100308,0.47,0.47,0.47,0.47,8000
EH5.SI,20100307,0.44,0.46,0.44,0.46,68000
EH5.SI,20100304,0.44,0.45,0.44,0.45,17000
EH5.SI,20100303,0.46,0.46,0.46,0.46,43000
EH5.SI,20100302,0.44,0.45,0.44,0.45,62000
EH5.SI,20100301,0.46,0.46,0.44,0.45,118000
EH5.SI,20100228,0.43,0.44,0.42,0.44,156000
EH5.SI,20100224,0.44,0.44,0.43,0.44,11000
EH5.SI,20100223,0.46,0.46,0.44,0.44,40000
EH5.SI,20100221,0.44,0.45,0.44,0.44,129000
EH5.SI,20100218,0.44,0.44,0.44,0.44,5000
EH5.SI,20100216,0.43,0.45,0.43,0.45,89000
EH5.SI,20100215,0.44,0.44,0.44,0.44,145000
EH5.SI,20100214,0.44,0.44,0.44,0.44,20000
EH5.SI,20100211,0.44,0.44,0.44,0.44,55000
EH5.SI,20100210,0.45,0.45,0.45,0.45,280000
EH5.SI,20100209,0.46,0.46,0.42,0.46,69000
EH5.SI,20100208,0.46,0.46,0.46,0.46,70000
EH5.SI,20100207,0.46,0.46,0.46,0.46,53000
EH5.SI,20100202,0.46,0.46,0.46,0.46,22000
EH5.SI,20100201,0.44,0.46,0.44,0.46,126000
EH5.SI,20100128,0.43,0.44,0.43,0.43,175000
EH5.SI,20100127,0.43,0.43,0.43,0.43,131000
EH5.SI,20100126,0.42,0.42,0.42,0.42,30000
EH5.SI,20100125,0.43,0.43,0.43,0.43,100000
EH5.SI,20100124,0.43,0.43,0.41,0.42,230000
EH5.SI,20100121,0.41,0.41,0.41,0.41,20000
EH5.SI,20100120,0.41,0.41,0.41,0.41,136000
EH5.SI,20100119,0.41,0.41,0.41,0.41,113000
EH5.SI,20100118,0.41,0.41,0.41,0.41,25000
EH5.SI,20100117,0.41,0.41,0.41,0.41,17000
EH5.SI,20100114,0.41,0.41,0.41,0.41,18000
EH5.SI,20100113,0.40,0.41,0.40,0.41,71000
EH5.SI,20100112,0.40,0.40,0.38,0.40,261000
EH5.SI,20100111,0.40,0.40,0.40,0.40,33000
EH5.SI,20100110,0.40,0.40,0.40,0.40,30000
EH5.SI,20100107,0.40,0.40,0.40,0.40,81000
EH5.SI,20100106,0.40,0.40,0.40,0.40,5000
EH5.SI,20100105,0.40,0.40,0.40,0.40,80000
EH5.SI,20100104,0.39,0.40,0.39,0.40,126000
EH5.SI,20100103,0.40,0.40,0.39,0.40,175000
