U11.SI,20120604,20.81,20.99,20.59,20.92,3509000
U11.SI,20120603,21.17,21.17,20.98,21.00,3344000
U11.SI,20120531,21.58,21.59,21.26,21.42,9327000
U11.SI,20120530,21.03,21.20,20.51,21.20,3381000
U11.SI,20120529,21.30,21.56,21.24,21.28,1801000
U11.SI,20120528,21.44,21.46,21.30,21.30,1014000
U11.SI,20120527,21.50,21.66,21.25,21.43,1760000
U11.SI,20120524,21.67,21.67,21.67,21.67,000
U11.SI,20120523,21.70,22.00,21.42,21.67,3127000
U11.SI,20120522,21.93,22.05,21.82,21.82,1838000
U11.SI,20120521,22.05,22.09,21.91,22.00,3112000
U11.SI,20120520,22.00,22.10,21.87,22.10,1798000
U11.SI,20120517,22.01,22.04,21.99,22.02,1117000
U11.SI,20120516,22.09,22.09,21.90,22.01,1749000
U11.SI,20120515,21.99,22.00,21.91,22.00,3234000
U11.SI,20120514,21.76,21.84,21.71,21.79,1746000
U11.SI,20120513,21.75,21.77,21.52,21.74,1365000
U11.SI,20120510,21.95,21.98,21.72,21.86,2053000
U11.SI,20120509,21.92,22.00,21.91,22.00,2061000
U11.SI,20120508,21.53,21.80,21.53,21.80,3029000
U11.SI,20120507,21.71,21.75,21.53,21.53,1968000
U11.SI,20120506,21.50,21.56,21.38,21.55,1971000
U11.SI,20120503,22.00,22.08,21.65,21.80,2306000
U11.SI,20120502,21.34,22.00,21.23,21.35,3019000
U11.SI,20120501,21.35,21.35,21.35,21.35,000
U11.SI,20120430,21.30,21.40,21.25,21.35,3622000
U11.SI,20120429,21.06,21.39,21.02,21.39,1740000
U11.SI,20120426,21.00,21.10,20.92,21.08,2191000
U11.SI,20120425,20.66,20.91,20.64,20.91,2405000
U11.SI,20120424,20.64,20.73,20.41,20.60,2535000
U11.SI,20120423,20.84,20.85,20.50,20.58,1788000
U11.SI,20120422,20.83,20.88,20.58,20.78,2447000
U11.SI,20120419,20.63,20.88,20.63,20.88,2667000
U11.SI,20120418,20.72,20.76,20.60,20.72,2040000
U11.SI,20120417,20.40,20.73,20.35,20.73,3370000
U11.SI,20120416,20.19,20.40,20.15,20.35,1338000
U11.SI,20120415,20.31,20.37,20.23,20.23,1223000
U11.SI,20120412,20.55,20.66,20.37,20.37,1451000
U11.SI,20120411,20.53,20.70,20.49,20.68,2056000
U11.SI,20120410,20.48,20.60,20.31,20.36,1315000
U11.SI,20120409,20.45,20.59,20.40,20.54,916000
U11.SI,20120408,20.29,20.51,20.29,20.45,1434000
U11.SI,20120405,20.64,20.70,20.48,20.54,1237000
U11.SI,20120404,20.57,20.64,20.40,20.45,1126000
U11.SI,20120403,20.48,20.79,20.31,20.77,3138000
U11.SI,20120402,20.11,20.40,20.10,20.39,1699000
U11.SI,20120401,20.30,20.33,20.10,20.10,1144000
U11.SI,20120329,20.38,20.38,20.38,20.38,000
U11.SI,20120328,20.65,20.65,20.38,20.38,3075000
U11.SI,20120327,20.09,20.58,20.05,20.58,5059000
U11.SI,20120326,19.78,20.05,19.78,20.05,2540000
U11.SI,20120325,19.94,19.95,19.75,19.80,2256000
U11.SI,20120322,19.98,19.98,19.77,19.77,3957000
U11.SI,20120321,19.80,19.95,19.78,19.93,1859000
U11.SI,20120320,19.88,19.97,19.78,19.81,2815000
U11.SI,20120319,19.89,19.94,19.78,19.89,1635000
U11.SI,20120318,19.70,19.84,19.62,19.81,2341000
U11.SI,20120315,19.80,19.99,19.70,19.90,4271000
U11.SI,20120314,19.72,19.80,19.64,19.71,986000
U11.SI,20120313,19.81,19.87,19.63,19.63,1299000
U11.SI,20120312,19.74,19.90,19.74,19.85,1300000
U11.SI,20120311,19.71,19.88,19.64,19.81,1541000
U11.SI,20120308,19.76,19.84,19.69,19.79,2686000
U11.SI,20120307,19.71,19.76,19.70,19.73,1557000
U11.SI,20120306,19.73,19.80,19.70,19.71,2892000
U11.SI,20120305,19.40,19.63,19.39,19.57,2826000
U11.SI,20120304,19.22,19.34,19.16,19.28,2657000
U11.SI,20120301,19.10,19.28,19.10,19.15,3641000
U11.SI,20120229,19.40,19.48,19.08,19.08,5084000
U11.SI,20120228,19.23,19.35,19.20,19.20,1281000
U11.SI,20120227,19.58,19.68,19.18,19.22,2462000
U11.SI,20120226,19.70,19.73,19.65,19.65,1868000
U11.SI,20120223,19.57,19.64,19.48,19.64,2769000
U11.SI,20120222,19.48,19.55,19.41,19.46,2385000
U11.SI,20120221,19.50,19.52,19.43,19.52,3613000
U11.SI,20120220,19.39,19.44,19.30,19.35,1183000
U11.SI,20120219,19.25,19.37,19.25,19.34,947000
U11.SI,20120216,19.40,19.40,19.30,19.32,1401000
U11.SI,20120215,19.42,19.42,19.32,19.37,2346000
U11.SI,20120214,19.22,19.44,19.16,19.40,3323000
U11.SI,20120213,19.04,19.04,19.04,19.04,000
U11.SI,20120212,19.04,19.04,19.04,19.04,000
U11.SI,20120209,19.09,19.09,18.98,19.04,1589000
U11.SI,20120208,19.11,19.11,18.96,19.04,1313000
U11.SI,20120207,19.24,19.24,18.96,19.11,2063000
U11.SI,20120206,19.24,19.27,19.01,19.09,2089000
U11.SI,20120205,19.04,19.29,18.98,19.27,5640000
U11.SI,20120202,18.84,18.90,18.75,18.87,3548000
U11.SI,20120201,18.88,18.88,18.79,18.85,5452000
U11.SI,20120131,18.72,18.88,18.72,18.88,5254000
U11.SI,20120130,18.81,18.87,18.72,18.72,4981000
U11.SI,20120129,18.81,18.83,18.77,18.80,2668000
U11.SI,20120126,19.02,19.03,18.80,18.86,2484000
U11.SI,20120125,18.97,19.13,18.91,19.02,1758000
U11.SI,20120124,18.85,18.95,18.75,18.93,1848000
U11.SI,20120123,18.74,18.85,18.63,18.80,3500000
U11.SI,20120122,18.71,18.85,18.63,18.63,4342000
U11.SI,20120119,19.04,19.04,18.74,18.76,2804000
U11.SI,20120118,18.92,19.01,18.77,18.78,3709000
U11.SI,20120117,18.96,19.04,18.90,18.92,3178000
U11.SI,20120116,18.86,19.00,18.85,18.96,4069000
U11.SI,20120115,19.00,19.00,18.74,18.78,5681000
U11.SI,20120112,19.37,19.38,19.13,19.22,3692000
U11.SI,20120111,19.53,19.54,19.29,19.37,2397000
U11.SI,20120110,19.35,19.59,19.32,19.54,2511000
U11.SI,20120109,19.60,19.61,19.28,19.33,2840000
U11.SI,20120108,19.85,19.89,19.63,19.64,1428000
U11.SI,20120105,19.94,19.94,19.76,19.80,1180000
U11.SI,20120104,20.00,20.00,19.72,19.95,1234000
U11.SI,20120103,19.90,19.96,19.83,19.92,1379000
U11.SI,20120102,19.81,19.81,19.81,19.81,000
U11.SI,20120101,19.70,19.81,19.61,19.81,2541000
U11.SI,20111229,19.88,19.89,19.18,19.82,1105000
U11.SI,20111228,19.83,19.89,19.80,19.88,767000
U11.SI,20111227,19.73,19.86,19.67,19.82,672000
U11.SI,20111226,19.73,19.73,19.73,19.73,000
U11.SI,20111225,19.66,19.73,19.54,19.73,535000
U11.SI,20111222,19.77,19.84,19.60,19.73,1597000
U11.SI,20111221,19.60,19.84,19.60,19.84,1714000
U11.SI,20111220,19.88,19.89,19.67,19.67,1913000
U11.SI,20111219,19.70,19.83,19.70,19.76,1603000
U11.SI,20111218,19.70,19.80,19.63,19.69,1461000
U11.SI,20111215,19.80,19.80,19.59,19.79,1842000
U11.SI,20111214,19.80,19.82,19.66,19.79,1216000
U11.SI,20111213,19.56,19.75,19.51,19.74,2329000
U11.SI,20111212,19.45,19.60,19.31,19.35,1640000
U11.SI,20111211,19.80,19.92,19.43,19.43,1932000
U11.SI,20111208,19.38,19.74,19.38,19.73,4674000
U11.SI,20111207,19.39,19.40,19.15,19.30,1451000
U11.SI,20111206,18.98,19.31,18.92,19.27,3067000
U11.SI,20111205,18.87,18.93,18.81,18.91,1097000
U11.SI,20111204,18.82,18.96,18.64,18.82,2016000
U11.SI,20111201,18.80,18.99,18.72,18.77,6359000
U11.SI,20111130,18.68,18.78,18.40,18.71,4085000
U11.SI,20111129,18.31,18.60,18.31,18.58,4885000
U11.SI,20111128,18.15,18.31,18.04,18.26,3414000
U11.SI,20111127,18.15,18.16,18.05,18.05,1341000
U11.SI,20111124,18.10,18.15,17.95,18.09,1361000
U11.SI,20111123,17.93,18.04,17.90,18.03,4251000
U11.SI,20111122,17.87,17.90,17.75,17.75,2683000
U11.SI,20111121,17.97,18.00,17.85,17.87,1574000
U11.SI,20111120,17.99,18.00,17.89,17.91,1403000
U11.SI,20111117,17.90,18.02,17.89,17.97,1768000
U11.SI,20111116,18.15,18.19,17.98,18.03,2491000
U11.SI,20111115,18.24,18.29,18.21,18.25,2687000
U11.SI,20111114,18.28,18.28,18.28,18.28,000
U11.SI,20111113,18.22,18.35,18.14,18.28,1904000
U11.SI,20111110,18.04,18.35,18.01,18.30,3463000
U11.SI,20111109,18.20,18.30,18.17,18.30,2568000
U11.SI,20111108,18.21,18.36,18.13,18.30,2417000
U11.SI,20111107,18.28,18.36,18.25,18.25,1449000
U11.SI,20111106,18.33,18.39,18.30,18.31,1098000
U11.SI,20111103,18.33,18.38,18.27,18.36,2427000
U11.SI,20111102,18.10,18.22,18.07,18.18,2210000
U11.SI,20111101,18.40,18.45,18.22,18.27,3898000
U11.SI,20111031,18.42,18.44,18.30,18.41,1576000
U11.SI,20111030,18.40,18.48,18.31,18.34,2856000
U11.SI,20111027,18.58,18.58,18.58,18.58,000
U11.SI,20111026,18.38,18.58,18.38,18.58,1730000
U11.SI,20111025,18.42,18.62,18.39,18.40,1681000
U11.SI,20111024,18.56,18.62,18.51,18.52,2728000
U11.SI,20111023,18.45,18.74,18.42,18.60,2771000
U11.SI,20111020,18.62,18.65,18.55,18.55,3488000
U11.SI,20111019,18.96,18.98,18.68,18.73,3045000
U11.SI,20111018,18.91,19.04,18.83,18.85,3153000
U11.SI,20111017,18.95,18.97,18.80,18.82,2982000
U11.SI,20111016,18.90,19.00,18.89,18.89,1862000
U11.SI,20111013,19.01,19.22,19.00,19.00,1870000
U11.SI,20111012,19.04,19.12,19.00,19.06,1521000
U11.SI,20111011,19.30,19.30,19.03,19.13,3017000
U11.SI,20111010,19.62,19.69,19.43,19.52,1412000
U11.SI,20111009,19.80,19.80,19.57,19.58,1753000
U11.SI,20111006,19.78,19.84,19.73,19.84,1154000
U11.SI,20111005,19.75,19.77,19.66,19.75,989000
U11.SI,20111004,19.76,19.79,19.62,19.64,1039000
U11.SI,20111003,19.71,19.80,19.71,19.78,855000
U11.SI,20111002,19.71,19.76,19.65,19.75,832000
U11.SI,20110929,19.77,19.77,19.62,19.65,1948000
U11.SI,20110928,19.61,19.72,19.56,19.72,1486000
U11.SI,20110927,19.60,19.67,19.56,19.60,1700000
U11.SI,20110926,19.70,19.83,19.69,19.76,2473000
U11.SI,20110925,19.57,19.66,19.33,19.66,2329000
U11.SI,20110922,19.65,19.70,19.62,19.66,1958000
U11.SI,20110921,19.63,19.63,19.57,19.61,1679000
U11.SI,20110920,19.66,19.70,19.59,19.63,1483000
U11.SI,20110919,19.77,19.77,19.61,19.63,1495000
U11.SI,20110918,19.75,19.80,19.65,19.80,2073000
U11.SI,20110915,19.60,19.75,19.57,19.70,2247000
U11.SI,20110914,19.44,19.48,19.37,19.40,1279000
U11.SI,20110913,19.28,19.47,19.23,19.47,2034000
U11.SI,20110912,19.18,19.18,19.00,19.11,1810000
U11.SI,20110911,19.14,19.22,19.10,19.16,1773000
U11.SI,20110908,19.15,19.24,19.03,19.05,3499000
U11.SI,20110907,18.99,19.10,18.95,18.98,1545000
U11.SI,20110906,18.90,19.02,18.84,18.99,1562000
U11.SI,20110905,19.17,19.19,19.01,19.02,698000
U11.SI,20110904,19.05,19.23,19.04,19.09,1448000
U11.SI,20110901,19.17,19.26,19.09,19.09,4595000
U11.SI,20110831,19.60,19.63,19.16,19.18,3080000
U11.SI,20110830,19.72,19.87,19.72,19.78,2420000
U11.SI,20110829,19.74,19.80,19.71,19.75,822000
U11.SI,20110828,19.77,19.77,19.66,19.75,929000
U11.SI,20110825,19.75,19.78,19.62,19.68,1484000
U11.SI,20110824,20.00,20.05,19.76,19.76,1591000
U11.SI,20110823,19.67,20.00,19.60,19.98,1979000
U11.SI,20110822,19.92,20.04,19.88,19.89,1534000
U11.SI,20110821,19.98,19.98,19.98,19.98,000
U11.SI,20110818,20.20,20.23,19.95,19.98,1607000
U11.SI,20110817,20.11,20.20,20.05,20.20,1098000
U11.SI,20110816,20.18,20.21,20.10,20.16,1316000
U11.SI,20110815,20.15,20.22,20.11,20.18,3359000
U11.SI,20110814,19.84,20.00,19.84,19.98,1130000
U11.SI,20110811,20.00,20.10,19.85,19.90,1730000
U11.SI,20110810,20.10,20.10,20.10,20.10,000
U11.SI,20110809,19.83,20.13,19.83,20.10,2278000
U11.SI,20110808,20.10,20.12,19.95,19.95,1355000
U11.SI,20110807,20.11,20.15,19.95,20.00,1223000
U11.SI,20110804,19.71,20.00,19.71,19.98,1535000
U11.SI,20110803,19.96,20.00,19.84,19.89,1551000
U11.SI,20110802,19.89,20.00,19.75,20.00,1980000
U11.SI,20110801,19.40,20.00,19.40,20.00,4959000
U11.SI,20110731,19.70,19.90,19.70,19.90,2705000
U11.SI,20110728,19.85,19.86,19.50,19.50,1365000
U11.SI,20110727,19.60,19.81,19.58,19.76,2823000
U11.SI,20110726,19.32,19.48,19.25,19.48,1385000
U11.SI,20110725,19.28,19.56,19.18,19.42,1759000
U11.SI,20110724,19.24,19.34,19.03,19.18,1362000
U11.SI,20110721,19.60,19.63,19.31,19.44,1748000
U11.SI,20110720,19.66,19.69,19.37,19.54,2832000
U11.SI,20110719,19.80,19.80,19.45,19.59,1747000
U11.SI,20110718,19.55,19.88,19.53,19.78,2911000
U11.SI,20110717,19.49,19.55,19.47,19.55,2076000
U11.SI,20110714,19.40,19.50,19.33,19.39,1934000
U11.SI,20110713,19.43,19.53,19.27,19.44,1595000
U11.SI,20110712,19.08,19.50,19.08,19.49,3359000
U11.SI,20110711,19.05,19.26,18.89,19.26,1715000
U11.SI,20110710,19.25,19.25,18.92,18.97,1494000
U11.SI,20110707,19.24,19.40,19.13,19.40,2018000
U11.SI,20110706,19.28,19.38,19.13,19.38,2949000
U11.SI,20110705,19.30,19.30,19.11,19.15,1596000
U11.SI,20110704,18.84,19.16,18.77,19.16,3666000
U11.SI,20110703,18.80,18.80,18.61,18.79,1308000
U11.SI,20110630,18.46,18.80,18.36,18.66,4810000
U11.SI,20110629,18.42,18.62,18.36,18.40,2126000
U11.SI,20110628,17.96,18.42,17.96,18.42,1927000
U11.SI,20110627,18.11,18.22,18.05,18.07,1482000
U11.SI,20110626,18.24,18.32,18.17,18.22,1908000
U11.SI,20110623,18.00,18.25,17.98,18.25,1030000
U11.SI,20110622,18.10,18.35,18.10,18.10,2122000
U11.SI,20110621,18.40,18.50,18.32,18.50,1501000
U11.SI,20110620,18.22,18.35,18.17,18.35,1545000
U11.SI,20110619,18.35,18.35,18.03,18.10,1768000
U11.SI,20110616,17.70,18.07,17.64,18.00,2565000
U11.SI,20110615,17.80,17.85,17.51,17.71,2044000
U11.SI,20110614,17.80,17.90,17.70,17.88,1831000
U11.SI,20110613,17.45,17.89,17.42,17.89,2121000
U11.SI,20110612,17.62,17.73,17.44,17.70,1890000
U11.SI,20110609,17.33,17.49,17.20,17.32,1613000
U11.SI,20110608,17.26,17.44,17.23,17.44,2314000
U11.SI,20110607,16.93,17.18,16.93,17.17,2256000
U11.SI,20110606,17.17,17.17,16.91,16.91,1878000
U11.SI,20110605,17.06,17.18,16.96,16.97,2104000
U11.SI,20110602,17.46,17.49,17.25,17.26,2097000
U11.SI,20110601,17.38,17.69,17.24,17.69,3400000
U11.SI,20110531,17.40,17.65,17.40,17.50,2265000
U11.SI,20110530,17.36,17.60,17.36,17.44,1064000
U11.SI,20110529,17.42,17.47,17.31,17.36,2179000
U11.SI,20110526,17.54,17.66,17.40,17.41,2028000
U11.SI,20110525,17.33,17.48,17.29,17.36,1620000
U11.SI,20110524,17.65,17.65,17.31,17.33,2156000
U11.SI,20110523,17.70,17.82,17.60,17.80,1646000
U11.SI,20110522,17.41,17.48,17.30,17.41,1774000
U11.SI,20110519,17.67,17.76,17.43,17.43,5675000
U11.SI,20110518,18.30,18.35,17.97,17.97,3346000
U11.SI,20110517,18.20,18.30,18.00,18.00,3365000
U11.SI,20110516,18.17,18.50,18.17,18.31,2300000
U11.SI,20110515,18.46,18.46,18.05,18.10,1385000
U11.SI,20110512,18.61,18.62,18.24,18.30,2541000
U11.SI,20110511,18.30,18.60,18.24,18.60,2525000
U11.SI,20110510,18.28,18.38,18.20,18.20,1277000
U11.SI,20110509,18.25,18.51,18.25,18.33,1626000
U11.SI,20110508,18.39,18.41,18.17,18.20,2617000
U11.SI,20110505,19.24,19.25,18.99,19.00,2240000
U11.SI,20110504,19.41,19.46,19.30,19.31,1747000
U11.SI,20110503,19.30,19.42,19.21,19.42,1760000
U11.SI,20110502,19.19,19.19,19.19,19.19,000
U11.SI,20110501,18.98,19.25,18.97,19.25,5780000
U11.SI,20110428,18.68,19.00,18.60,19.00,4364000
U11.SI,20110427,18.50,18.60,18.40,18.58,1230000
U11.SI,20110426,18.46,18.48,18.34,18.48,1154000
U11.SI,20110425,18.30,18.37,18.22,18.31,1217000
U11.SI,20110424,18.49,18.56,18.21,18.21,1367000
U11.SI,20110421,18.50,18.59,18.45,18.49,917000
U11.SI,20110420,18.63,18.66,18.54,18.55,1829000
U11.SI,20110419,18.60,18.63,18.51,18.58,1981000
U11.SI,20110418,18.27,18.38,18.21,18.38,2155000
U11.SI,20110417,18.26,18.45,18.24,18.30,3079000
U11.SI,20110414,18.35,18.50,18.33,18.50,2326000
U11.SI,20110413,18.21,18.37,18.16,18.31,1054000
U11.SI,20110412,18.25,18.31,18.18,18.25,1504000
U11.SI,20110411,18.10,18.43,18.10,18.43,1660000
U11.SI,20110410,18.18,18.23,18.10,18.10,1690000
U11.SI,20110407,18.36,18.36,18.36,18.36,000
U11.SI,20110406,18.25,18.64,18.22,18.36,1666000
U11.SI,20110405,18.61,18.61,18.34,18.39,1373000
U11.SI,20110404,18.53,18.64,18.47,18.64,4498000
U11.SI,20110403,18.39,18.51,18.26,18.28,1847000
U11.SI,20110331,18.49,18.49,18.25,18.35,3889000
U11.SI,20110330,18.51,18.63,18.29,18.34,1363000
U11.SI,20110329,18.56,18.57,18.47,18.57,738000
U11.SI,20110328,18.32,18.56,18.24,18.56,2419000
U11.SI,20110327,18.32,18.32,18.10,18.10,1882000
U11.SI,20110324,18.11,18.22,18.11,18.17,736000
U11.SI,20110323,18.26,18.38,18.16,18.18,1552000
U11.SI,20110322,18.13,18.38,18.13,18.37,937000
U11.SI,20110321,18.30,18.42,18.21,18.23,1237000
U11.SI,20110320,18.57,18.59,18.10,18.10,1615000
U11.SI,20110317,18.50,18.55,18.43,18.55,1587000
U11.SI,20110316,18.47,18.50,18.38,18.50,1391000
U11.SI,20110315,18.21,18.48,18.19,18.47,3724000
U11.SI,20110314,17.89,18.02,17.84,18.01,1507000
U11.SI,20110313,17.60,17.78,17.60,17.70,755000
U11.SI,20110310,17.80,17.94,17.71,17.72,1000000
U11.SI,20110309,17.51,17.94,17.51,17.94,1587000
U11.SI,20110308,17.55,17.59,17.46,17.47,3112000
U11.SI,20110307,18.12,18.12,17.70,17.70,2517000
U11.SI,20110306,18.18,18.18,18.00,18.15,1453000
U11.SI,20110303,18.09,18.20,17.98,18.15,2564000
U11.SI,20110302,18.09,18.14,17.97,18.06,2342000
U11.SI,20110301,17.71,18.05,17.71,18.05,4953000
U11.SI,20110228,17.95,18.05,17.93,18.00,2482000
U11.SI,20110227,18.05,18.18,17.89,17.91,1510000
U11.SI,20110224,18.39,18.39,17.82,18.11,2067000
U11.SI,20110223,18.36,18.42,18.20,18.40,1841000
U11.SI,20110222,18.30,18.42,18.28,18.40,2624000
U11.SI,20110221,18.05,18.34,18.05,18.25,2896000
U11.SI,20110220,17.82,17.96,17.70,17.96,1869000
U11.SI,20110217,17.60,17.75,17.56,17.65,1897000
U11.SI,20110216,17.66,17.66,17.51,17.58,1613000
U11.SI,20110215,17.61,17.71,17.49,17.68,1447000
U11.SI,20110214,17.57,17.62,17.51,17.61,1274000
U11.SI,20110213,17.48,17.65,17.40,17.55,1321000
U11.SI,20110210,17.70,17.74,17.51,17.52,1710000
U11.SI,20110209,17.40,17.58,17.40,17.56,2043000
U11.SI,20110208,17.45,17.67,17.45,17.62,1616000
U11.SI,20110207,17.47,17.53,17.31,17.53,1546000
U11.SI,20110206,17.56,17.56,17.43,17.47,958000
U11.SI,20110203,17.48,17.53,17.26,17.46,1343000
U11.SI,20110202,17.50,17.60,17.26,17.35,2042000
U11.SI,20110201,17.38,17.40,17.17,17.40,1428000
U11.SI,20110131,17.30,17.38,17.27,17.34,5043000
U11.SI,20110130,17.28,17.35,17.13,17.20,1947000
U11.SI,20110127,17.22,17.40,17.22,17.40,2899000
U11.SI,20110126,17.40,17.45,17.07,17.22,3348000
U11.SI,20110125,17.16,17.40,17.16,17.40,3073000
U11.SI,20110124,16.96,16.96,16.96,16.96,000
U11.SI,20110123,16.96,16.96,16.96,16.96,000
U11.SI,20110120,17.00,17.08,16.88,16.96,3594000
U11.SI,20110119,16.85,16.97,16.75,16.85,3123000
U11.SI,20110118,16.76,17.03,16.62,16.63,4536000
U11.SI,20110117,16.35,16.75,16.33,16.75,3545000
U11.SI,20110116,16.25,16.32,16.09,16.18,2622000
U11.SI,20110113,16.15,16.35,16.02,16.34,3644000
U11.SI,20110112,15.74,16.03,15.64,16.00,3170000
U11.SI,20110111,15.35,15.75,15.34,15.75,2576000
U11.SI,20110110,15.28,15.42,15.27,15.40,2008000
U11.SI,20110109,15.30,15.39,15.15,15.16,3898000
U11.SI,20110106,15.45,15.64,15.34,15.41,2219000
U11.SI,20110105,15.75,15.76,15.63,15.63,1497000
U11.SI,20110104,15.69,15.74,15.57,15.72,2022000
U11.SI,20110103,15.30,15.57,15.30,15.55,1584000
U11.SI,20110102,15.36,15.36,15.36,15.36,000
