U06.SI,20120604,3.08,3.12,3.08,3.10,362000
U06.SI,20120603,3.05,3.08,3.05,3.08,261000
U06.SI,20120531,3.03,3.06,3.03,3.06,408000
U06.SI,20120530,3.03,3.04,3.03,3.03,202000
U06.SI,20120529,3.03,3.06,3.03,3.05,930000
U06.SI,20120528,3.02,3.02,2.98,3.01,148000
U06.SI,20120527,3.03,3.03,3.01,3.02,46000
U06.SI,20120524,3.04,3.04,3.04,3.04,000
U06.SI,20120523,3.02,3.04,3.01,3.04,245000
U06.SI,20120522,3.05,3.05,3.01,3.02,318000
U06.SI,20120521,3.05,3.05,3.04,3.05,39000
U06.SI,20120520,3.06,3.07,3.04,3.05,87000
U06.SI,20120517,3.06,3.07,3.05,3.05,48000
U06.SI,20120516,3.06,3.06,3.05,3.06,24000
U06.SI,20120515,3.06,3.07,3.05,3.05,83000
U06.SI,20120514,3.07,3.09,3.07,3.07,164000
U06.SI,20120513,3.11,3.11,3.05,3.07,344000
U06.SI,20120510,3.02,3.11,3.02,3.10,748000
U06.SI,20120509,3.00,3.10,3.00,3.03,8467000
U06.SI,20120508,2.99,3.02,2.99,2.99,71000
U06.SI,20120507,3.01,3.01,2.99,2.99,16000
U06.SI,20120506,3.02,3.02,2.97,3.00,17000
U06.SI,20120503,3.01,3.02,3.00,3.02,38000
U06.SI,20120502,3.00,3.03,3.00,3.01,33000
U06.SI,20120501,3.01,3.01,3.01,3.01,000
U06.SI,20120430,3.03,3.03,3.01,3.01,67000
U06.SI,20120429,2.99,3.02,2.99,3.02,45000
U06.SI,20120426,3.00,3.01,3.00,3.00,72000
U06.SI,20120425,2.99,3.00,2.97,3.00,73000
U06.SI,20120424,2.99,3.01,2.98,3.00,55000
U06.SI,20120423,2.98,3.00,2.97,2.97,24000
U06.SI,20120422,3.00,3.01,3.00,3.00,89000
U06.SI,20120419,2.98,3.02,2.98,3.01,21000
U06.SI,20120418,3.00,3.00,2.98,2.99,36000
U06.SI,20120417,3.03,3.04,3.01,3.01,56000
U06.SI,20120416,2.99,3.04,2.98,3.02,56000
U06.SI,20120415,3.05,3.05,2.99,3.01,56000
U06.SI,20120412,3.02,3.05,3.02,3.05,65000
U06.SI,20120411,3.04,3.05,3.03,3.05,84000
U06.SI,20120410,3.00,3.05,3.00,3.05,100000
U06.SI,20120409,3.00,3.04,3.00,3.04,98000
U06.SI,20120408,2.96,3.05,2.96,3.05,87000
U06.SI,20120405,3.03,3.05,3.00,3.02,51000
U06.SI,20120404,3.02,3.05,3.02,3.03,20000
U06.SI,20120403,3.05,3.07,3.03,3.03,62000
U06.SI,20120402,3.00,3.05,3.00,3.05,89000
U06.SI,20120401,3.03,3.03,3.00,3.00,35000
U06.SI,20120329,3.05,3.05,3.05,3.05,000
U06.SI,20120328,3.04,3.05,3.02,3.05,111000
U06.SI,20120327,3.04,3.08,3.03,3.05,165000
U06.SI,20120326,3.00,3.05,3.00,3.05,210000
U06.SI,20120325,2.99,3.02,2.99,3.01,145000
U06.SI,20120322,2.99,3.02,2.98,3.00,66000
U06.SI,20120321,3.00,3.02,2.99,2.99,80000
U06.SI,20120320,2.97,3.00,2.97,2.99,43000
U06.SI,20120319,2.99,3.02,2.97,3.00,56000
U06.SI,20120318,3.00,3.02,2.97,2.97,143000
U06.SI,20120315,2.93,3.05,2.93,3.00,1079000
U06.SI,20120314,2.90,2.92,2.90,2.92,180000
U06.SI,20120313,2.88,2.90,2.87,2.88,52000
U06.SI,20120312,2.88,2.91,2.88,2.91,48000
U06.SI,20120311,2.92,2.92,2.89,2.89,37000
U06.SI,20120308,2.90,2.91,2.90,2.91,225000
U06.SI,20120307,2.89,2.92,2.89,2.89,135000
U06.SI,20120306,2.87,2.89,2.86,2.88,84000
U06.SI,20120305,2.85,2.88,2.85,2.87,112000
U06.SI,20120304,2.86,2.88,2.82,2.84,199000
U06.SI,20120301,2.89,2.90,2.86,2.89,21000
U06.SI,20120229,2.90,2.90,2.85,2.90,23000
U06.SI,20120228,2.90,2.91,2.88,2.88,64000
U06.SI,20120227,2.89,2.91,2.89,2.91,177000
U06.SI,20120226,2.91,2.91,2.88,2.88,34000
U06.SI,20120223,2.90,2.91,2.90,2.90,16000
U06.SI,20120222,2.90,2.90,2.88,2.90,36000
U06.SI,20120221,2.91,2.93,2.91,2.91,18000
U06.SI,20120220,2.95,2.97,2.94,2.94,335000
U06.SI,20120219,2.85,2.95,2.85,2.95,867000
U06.SI,20120216,2.85,2.86,2.85,2.85,516000
U06.SI,20120215,2.86,2.87,2.84,2.85,139000
U06.SI,20120214,2.85,2.88,2.85,2.85,832000
U06.SI,20120213,2.83,2.83,2.83,2.83,000
U06.SI,20120212,2.83,2.83,2.83,2.83,000
U06.SI,20120209,2.82,2.83,2.80,2.83,48000
U06.SI,20120208,2.79,2.82,2.79,2.81,31000
U06.SI,20120207,2.80,2.81,2.79,2.79,259000
U06.SI,20120206,2.82,2.82,2.80,2.80,89000
U06.SI,20120205,2.84,2.84,2.80,2.80,92000
U06.SI,20120202,2.83,2.84,2.82,2.83,42000
U06.SI,20120201,2.81,2.81,2.78,2.79,188000
U06.SI,20120131,2.81,2.84,2.80,2.81,98000
U06.SI,20120130,2.82,2.82,2.79,2.79,92000
U06.SI,20120129,2.81,2.81,2.80,2.81,155000
U06.SI,20120126,2.81,2.82,2.80,2.80,73000
U06.SI,20120125,2.81,2.81,2.80,2.80,95000
U06.SI,20120124,2.82,2.82,2.80,2.81,111000
U06.SI,20120123,2.83,2.83,2.81,2.81,60000
U06.SI,20120122,2.84,2.84,2.82,2.83,64000
U06.SI,20120119,2.83,2.87,2.83,2.85,10291000
U06.SI,20120118,2.80,2.82,2.78,2.81,76000
U06.SI,20120117,2.81,2.83,2.79,2.82,40000
U06.SI,20120116,2.83,2.85,2.79,2.81,211000
U06.SI,20120115,2.83,2.85,2.82,2.84,39000
U06.SI,20120112,2.87,2.87,2.87,2.87,6000
U06.SI,20120111,2.86,2.87,2.84,2.87,84000
U06.SI,20120110,2.82,2.85,2.82,2.85,121000
U06.SI,20120109,2.80,2.85,2.80,2.83,139000
U06.SI,20120108,2.87,2.88,2.85,2.85,88000
U06.SI,20120105,2.86,2.87,2.84,2.86,38000
U06.SI,20120104,2.88,2.88,2.84,2.85,110000
U06.SI,20120103,2.87,2.88,2.87,2.87,35000
U06.SI,20120102,2.85,2.85,2.85,2.85,000
U06.SI,20120101,2.84,2.89,2.84,2.85,104000
U06.SI,20111229,2.87,2.88,2.87,2.88,42000
U06.SI,20111228,2.90,2.90,2.86,2.86,52000
U06.SI,20111227,2.87,2.89,2.85,2.88,39000
U06.SI,20111226,2.85,2.85,2.85,2.85,000
U06.SI,20111225,2.85,2.85,2.84,2.85,167000
U06.SI,20111222,2.85,2.90,2.85,2.85,573000
U06.SI,20111221,2.86,2.86,2.84,2.84,36000
U06.SI,20111220,2.87,2.87,2.84,2.86,108000
U06.SI,20111219,2.83,2.85,2.83,2.85,38000
U06.SI,20111218,2.83,2.89,2.83,2.84,129000
U06.SI,20111215,2.81,2.83,2.81,2.82,62000
U06.SI,20111214,2.83,2.83,2.80,2.80,73000
U06.SI,20111213,2.81,2.82,2.80,2.81,109000
U06.SI,20111212,2.84,2.84,2.80,2.80,41000
U06.SI,20111211,2.84,2.85,2.81,2.85,27000
U06.SI,20111208,2.81,2.86,2.79,2.83,272000
U06.SI,20111207,2.81,2.81,2.80,2.81,71000
U06.SI,20111206,2.79,2.81,2.77,2.79,425000
U06.SI,20111205,2.74,2.79,2.74,2.77,69000
U06.SI,20111204,2.80,2.80,2.74,2.74,57000
U06.SI,20111201,2.78,2.80,2.76,2.76,47000
U06.SI,20111130,2.80,2.80,2.76,2.77,13000
U06.SI,20111129,2.80,2.80,2.78,2.80,244000
U06.SI,20111128,2.79,2.80,2.78,2.78,41000
U06.SI,20111127,2.75,2.77,2.75,2.77,123000
U06.SI,20111124,2.77,2.77,2.75,2.76,41000
U06.SI,20111123,2.75,2.75,2.75,2.75,000
U06.SI,20111122,2.78,2.78,2.75,2.75,50000
U06.SI,20111121,2.79,2.79,2.77,2.79,30000
U06.SI,20111120,2.77,2.80,2.77,2.80,68000
U06.SI,20111117,2.75,2.77,2.75,2.77,238000
U06.SI,20111116,2.75,2.76,2.75,2.75,157000
U06.SI,20111115,2.73,2.79,2.73,2.75,90000
U06.SI,20111114,2.74,2.74,2.74,2.74,000
U06.SI,20111113,2.76,2.77,2.74,2.74,85000
U06.SI,20111110,2.76,2.79,2.76,2.78,213000
U06.SI,20111109,2.76,2.81,2.76,2.77,139000
U06.SI,20111108,2.76,2.76,2.74,2.76,97000
U06.SI,20111107,2.77,2.80,2.77,2.77,103000
U06.SI,20111106,2.78,2.79,2.73,2.77,130000
U06.SI,20111103,2.81,2.83,2.78,2.82,30000
U06.SI,20111102,2.79,2.81,2.79,2.80,39000
U06.SI,20111101,2.79,2.80,2.78,2.79,33000
U06.SI,20111031,2.78,2.79,2.78,2.79,8000
U06.SI,20111030,2.79,2.81,2.79,2.79,65000
U06.SI,20111027,2.81,2.81,2.81,2.81,000
U06.SI,20111026,2.84,2.84,2.81,2.81,12000
U06.SI,20111025,2.81,2.83,2.80,2.82,54000
U06.SI,20111024,2.84,2.85,2.81,2.81,46000
U06.SI,20111023,2.83,2.85,2.82,2.83,68000
U06.SI,20111020,2.81,2.85,2.79,2.81,38000
U06.SI,20111019,2.82,2.84,2.81,2.81,62000
U06.SI,20111018,2.83,2.88,2.83,2.83,56000
U06.SI,20111017,2.85,2.89,2.82,2.84,215000
U06.SI,20111016,2.81,2.84,2.80,2.82,165000
U06.SI,20111013,2.82,2.82,2.81,2.81,14000
U06.SI,20111012,2.82,2.83,2.82,2.83,212000
U06.SI,20111011,2.82,2.83,2.80,2.82,134000
U06.SI,20111010,2.85,2.85,2.81,2.82,38000
U06.SI,20111009,2.83,2.83,2.80,2.82,34000
U06.SI,20111006,2.85,2.85,2.82,2.83,62000
U06.SI,20111005,2.85,2.86,2.82,2.82,52000
U06.SI,20111004,2.89,2.89,2.84,2.85,13000
U06.SI,20111003,2.90,2.91,2.85,2.85,75000
U06.SI,20111002,2.88,2.88,2.85,2.85,95000
U06.SI,20110929,2.92,2.93,2.88,2.88,119000
U06.SI,20110928,2.90,2.92,2.88,2.90,155000
U06.SI,20110927,2.93,2.93,2.90,2.93,144000
U06.SI,20110926,2.95,2.95,2.94,2.95,99000
U06.SI,20110925,2.98,3.00,2.93,2.97,128000
U06.SI,20110922,2.80,2.98,2.78,2.97,1611000
U06.SI,20110921,2.80,2.80,2.75,2.78,127000
U06.SI,20110920,2.78,2.80,2.75,2.78,233000
U06.SI,20110919,2.77,2.90,2.77,2.78,353000
U06.SI,20110918,2.75,2.77,2.75,2.77,76000
U06.SI,20110915,2.73,2.77,2.73,2.75,128000
U06.SI,20110914,2.71,2.75,2.71,2.73,126000
U06.SI,20110913,2.72,2.73,2.69,2.70,200000
U06.SI,20110912,2.62,2.72,2.62,2.71,177000
U06.SI,20110911,2.61,2.63,2.61,2.62,49000
U06.SI,20110908,2.61,2.61,2.60,2.61,25000
U06.SI,20110907,2.62,2.64,2.61,2.61,28000
U06.SI,20110906,2.61,2.62,2.61,2.61,71000
U06.SI,20110905,2.60,2.63,2.60,2.61,95000
U06.SI,20110904,2.61,2.61,2.60,2.61,32000
U06.SI,20110901,2.60,2.61,2.60,2.61,44000
U06.SI,20110831,2.60,2.60,2.60,2.60,47000
U06.SI,20110830,2.60,2.60,2.60,2.60,48000
U06.SI,20110829,2.59,2.60,2.59,2.60,19000
U06.SI,20110828,2.58,2.61,2.58,2.61,105000
U06.SI,20110825,2.55,2.59,2.55,2.58,104000
U06.SI,20110824,2.54,2.58,2.53,2.56,109000
U06.SI,20110823,2.56,2.57,2.52,2.53,86000
U06.SI,20110822,2.55,2.61,2.55,2.59,99000
U06.SI,20110821,2.56,2.56,2.56,2.56,000
U06.SI,20110818,2.53,2.58,2.53,2.56,30000
U06.SI,20110817,2.54,2.56,2.53,2.54,22000
U06.SI,20110816,2.56,2.56,2.53,2.53,45000
U06.SI,20110815,2.57,2.58,2.55,2.55,62000
U06.SI,20110814,2.56,2.59,2.56,2.59,15000
U06.SI,20110811,2.56,2.57,2.55,2.55,17000
U06.SI,20110810,2.56,2.56,2.56,2.56,000
U06.SI,20110809,2.57,2.60,2.50,2.56,134000
U06.SI,20110808,2.59,2.60,2.53,2.56,2893000
U06.SI,20110807,2.60,2.61,2.58,2.58,38000
U06.SI,20110804,2.58,2.64,2.58,2.58,68000
U06.SI,20110803,2.57,2.62,2.56,2.57,151000
U06.SI,20110802,2.62,2.62,2.56,2.58,179000
U06.SI,20110801,2.67,2.67,2.64,2.65,25000
U06.SI,20110731,2.64,2.67,2.63,2.67,39000
U06.SI,20110728,2.67,2.68,2.64,2.64,114000
U06.SI,20110727,2.70,2.70,2.67,2.67,35000
U06.SI,20110726,2.67,2.70,2.67,2.68,24000
U06.SI,20110725,2.66,2.68,2.66,2.66,17000
U06.SI,20110724,2.69,2.71,2.66,2.66,22000
U06.SI,20110721,2.77,2.77,2.63,2.69,39000
U06.SI,20110720,2.79,2.79,2.58,2.78,57000
U06.SI,20110719,2.78,2.80,2.75,2.79,56000
U06.SI,20110718,2.73,2.76,2.72,2.76,74000
U06.SI,20110717,2.74,2.74,2.71,2.74,100000
U06.SI,20110714,2.75,2.75,2.70,2.71,36000
U06.SI,20110713,2.72,2.75,2.70,2.74,90000
U06.SI,20110712,2.66,2.75,2.66,2.74,100000
U06.SI,20110711,2.64,2.68,2.64,2.68,92000
U06.SI,20110710,2.64,2.64,2.60,2.60,55000
U06.SI,20110707,2.59,2.64,2.59,2.63,57000
U06.SI,20110706,2.58,2.59,2.58,2.58,13000
U06.SI,20110705,2.62,2.62,2.59,2.59,7000
U06.SI,20110704,2.61,2.65,2.59,2.59,18000
U06.SI,20110703,2.56,2.62,2.56,2.62,93000
U06.SI,20110630,2.57,2.58,2.55,2.56,97000
U06.SI,20110629,2.57,2.57,2.57,2.57,000
U06.SI,20110628,2.56,2.58,2.56,2.57,74000
U06.SI,20110627,2.58,2.58,2.53,2.53,73000
U06.SI,20110626,2.58,2.58,2.58,2.58,4000
U06.SI,20110623,2.51,2.58,2.51,2.58,43000
U06.SI,20110622,2.51,2.53,2.51,2.51,47000
U06.SI,20110621,2.54,2.54,2.50,2.50,67000
U06.SI,20110620,2.56,2.56,2.53,2.53,14000
U06.SI,20110619,2.49,2.55,2.49,2.55,31000
U06.SI,20110616,2.52,2.54,2.46,2.46,192000
U06.SI,20110615,2.50,2.58,2.50,2.52,23000
U06.SI,20110614,2.57,2.57,2.53,2.53,5000
U06.SI,20110613,2.56,2.59,2.56,2.58,22000
U06.SI,20110612,2.58,2.58,2.53,2.56,41000
U06.SI,20110609,2.56,2.56,2.52,2.55,16000
U06.SI,20110608,2.57,2.57,2.49,2.51,92000
U06.SI,20110607,2.55,2.57,2.55,2.55,14000
U06.SI,20110606,2.52,2.52,2.52,2.52,2000
U06.SI,20110605,2.51,2.52,2.51,2.51,11000
U06.SI,20110602,2.52,2.52,2.52,2.52,23000
U06.SI,20110601,2.51,2.55,2.51,2.52,10000
U06.SI,20110531,2.51,2.51,2.51,2.51,13000
U06.SI,20110530,2.50,2.54,2.50,2.54,10000
U06.SI,20110529,2.50,2.51,2.50,2.51,31000
U06.SI,20110526,2.50,2.51,2.49,2.51,26000
U06.SI,20110525,2.52,2.52,2.50,2.50,23000
U06.SI,20110524,2.53,2.55,2.52,2.52,30000
U06.SI,20110523,2.59,2.60,2.56,2.56,16000
U06.SI,20110522,2.50,2.60,2.50,2.60,15000
U06.SI,20110519,2.42,2.49,2.42,2.49,35000
U06.SI,20110518,2.54,2.54,2.49,2.50,67000
U06.SI,20110517,2.61,2.62,2.53,2.53,16000
U06.SI,20110516,2.62,2.62,2.60,2.62,68000
U06.SI,20110515,2.73,2.73,2.69,2.70,33000
U06.SI,20110512,2.72,2.73,2.70,2.73,28000
U06.SI,20110511,2.75,2.76,2.73,2.76,15000
U06.SI,20110510,2.78,2.78,2.76,2.76,351000
U06.SI,20110509,2.79,2.79,2.76,2.77,257000
U06.SI,20110508,2.79,2.79,2.78,2.78,6000
U06.SI,20110505,2.79,2.80,2.78,2.79,83000
U06.SI,20110504,2.80,2.80,2.78,2.79,11000
U06.SI,20110503,2.79,2.80,2.77,2.80,43000
U06.SI,20110502,2.78,2.78,2.78,2.78,000
U06.SI,20110501,2.78,2.78,2.73,2.77,52000
U06.SI,20110428,2.80,2.80,2.71,2.73,35000
U06.SI,20110427,2.79,2.80,2.79,2.80,84000
U06.SI,20110426,2.79,2.79,2.78,2.79,19000
U06.SI,20110425,2.77,2.79,2.77,2.79,61000
U06.SI,20110424,2.76,2.78,2.76,2.77,9000
