U13.SI,20120603,4.24,4.25,4.24,4.25,8000
U13.SI,20120604,4.25,4.25,4.25,4.25,000
U13.SI,20120603,4.24,4.25,4.24,4.25,8000
U13.SI,20120531,4.24,4.24,4.24,4.24,4000
U13.SI,20120530,4.26,4.28,4.24,4.28,11000
U13.SI,20120529,4.29,4.30,4.29,4.30,6000
U13.SI,20120528,4.28,4.32,4.28,4.30,18000
U13.SI,20120527,4.23,4.23,4.23,4.23,000
U13.SI,20120524,4.23,4.23,4.23,4.23,000
U13.SI,20120523,4.24,4.24,4.23,4.23,12000
U13.SI,20120522,4.27,4.27,4.27,4.27,000
U13.SI,20120521,4.27,4.27,4.27,4.27,000
U13.SI,20120520,4.25,4.27,4.25,4.27,7000
U13.SI,20120517,4.35,4.35,4.35,4.35,2000
U13.SI,20120516,4.40,4.40,4.40,4.40,3000
U13.SI,20120515,4.38,4.38,4.38,4.38,000
U13.SI,20120514,4.26,4.38,4.26,4.38,17000
U13.SI,20120513,4.26,4.26,4.26,4.26,000
U13.SI,20120510,4.26,4.26,4.22,4.26,11000
U13.SI,20120509,4.21,4.26,4.21,4.26,9000
U13.SI,20120508,4.26,4.26,4.26,4.26,8000
U13.SI,20120507,4.22,4.22,4.22,4.22,000
U13.SI,20120506,4.22,4.22,4.22,4.22,9000
U13.SI,20120503,4.40,4.44,4.40,4.41,8000
U13.SI,20120502,4.39,4.40,4.39,4.35,8000
U13.SI,20120501,4.35,4.35,4.35,4.35,000
U13.SI,20120430,4.34,4.35,4.34,4.35,2000
U13.SI,20120429,4.33,4.33,4.33,4.33,2000
U13.SI,20120426,4.33,4.38,4.28,4.28,26000
U13.SI,20120425,4.33,4.33,4.33,4.33,000
U13.SI,20120424,4.33,4.33,4.33,4.33,1000
U13.SI,20120423,4.33,4.33,4.33,4.33,11000
U13.SI,20120422,4.33,4.33,4.33,4.33,1000
U13.SI,20120419,4.30,4.30,4.30,4.30,1000
U13.SI,20120418,4.30,4.30,4.30,4.30,3000
U13.SI,20120417,4.32,4.32,4.31,4.31,7000
U13.SI,20120416,4.34,4.34,4.34,4.34,000
U13.SI,20120415,4.33,4.34,4.33,4.34,9000
U13.SI,20120412,4.33,4.33,4.33,4.33,000
U13.SI,20120411,4.30,4.33,4.30,4.33,13000
U13.SI,20120410,4.34,4.34,4.34,4.34,000
U13.SI,20120409,4.34,4.34,4.34,4.34,000
U13.SI,20120408,4.34,4.34,4.34,4.34,000
U13.SI,20120405,4.34,4.34,4.34,4.34,1000
U13.SI,20120404,4.21,4.21,4.20,4.20,4000
U13.SI,20120403,4.27,4.28,4.27,4.28,9000
U13.SI,20120402,4.10,4.21,4.10,4.21,6000
U13.SI,20120401,4.30,4.30,4.30,4.30,000
U13.SI,20120329,4.30,4.30,4.30,4.30,000
U13.SI,20120328,4.30,4.30,4.30,4.30,000
U13.SI,20120327,4.26,4.30,4.26,4.30,24000
U13.SI,20120326,4.21,4.21,4.21,4.21,000
U13.SI,20120325,4.21,4.21,4.21,4.21,1000
U13.SI,20120322,4.25,4.25,4.25,4.25,1000
U13.SI,20120321,4.25,4.25,4.25,4.25,9000
U13.SI,20120320,4.20,4.23,4.20,4.23,3000
U13.SI,20120319,4.22,4.22,4.22,4.22,7000
U13.SI,20120318,4.23,4.23,4.18,4.18,4000
U13.SI,20120315,4.23,4.23,4.23,4.23,2000
U13.SI,20120314,4.20,4.23,4.20,4.23,6000
U13.SI,20120313,4.20,4.20,4.20,4.20,3000
U13.SI,20120312,4.20,4.20,4.20,4.20,10000
U13.SI,20120311,4.12,4.12,4.12,4.12,000
U13.SI,20120308,4.12,4.12,4.12,4.12,000
U13.SI,20120307,4.12,4.12,4.12,4.12,6000
U13.SI,20120306,4.20,4.20,4.20,4.20,000
U13.SI,20120305,4.20,4.20,4.20,4.20,000
U13.SI,20120304,4.20,4.20,4.20,4.20,000
U13.SI,20120301,4.20,4.20,4.20,4.20,3000
U13.SI,20120229,4.18,4.20,4.18,4.20,3000
U13.SI,20120228,4.20,4.20,4.20,4.20,000
U13.SI,20120227,4.18,4.20,4.18,4.20,8000
U13.SI,20120226,4.10,4.18,4.10,4.18,14000
U13.SI,20120223,4.00,4.00,4.00,4.00,000
U13.SI,20120222,3.98,4.00,3.97,4.00,8000
U13.SI,20120221,3.98,4.00,3.98,4.00,17000
U13.SI,20120220,3.92,3.95,3.90,3.95,36000
U13.SI,20120219,3.93,3.93,3.93,3.93,000
U13.SI,20120216,3.93,3.93,3.93,3.93,5000
U13.SI,20120215,3.94,3.94,3.94,3.94,000
U13.SI,20120214,3.94,3.94,3.94,3.94,000
U13.SI,20120213,3.94,3.94,3.94,3.94,000
U13.SI,20120212,3.94,3.94,3.94,3.94,000
U13.SI,20120209,3.94,3.95,3.94,3.94,3000
U13.SI,20120208,3.92,3.92,3.92,3.92,000
U13.SI,20120207,3.92,3.92,3.92,3.92,000
U13.SI,20120206,3.92,3.92,3.92,3.92,000
U13.SI,20120205,3.93,3.93,3.92,3.92,8000
U13.SI,20120202,3.96,3.96,3.96,3.96,000
U13.SI,20120201,3.96,3.96,3.96,3.96,000
U13.SI,20120131,4.00,4.00,3.96,3.96,2000
U13.SI,20120130,3.85,3.92,3.85,3.92,18000
U13.SI,20120129,3.88,3.88,3.88,3.88,16000
U13.SI,20120126,3.88,3.88,3.88,3.88,000
U13.SI,20120125,3.88,3.88,3.88,3.88,000
U13.SI,20120124,3.88,3.88,3.88,3.88,14000
U13.SI,20120123,3.88,3.88,3.88,3.88,000
U13.SI,20120122,3.88,3.88,3.88,3.88,000
U13.SI,20120119,3.88,3.88,3.88,3.88,000
U13.SI,20120118,3.88,3.88,3.88,3.88,000
U13.SI,20120117,3.88,3.88,3.88,3.88,000
U13.SI,20120116,3.88,3.88,3.88,3.88,000
U13.SI,20120115,3.88,3.88,3.88,3.88,000
U13.SI,20120112,3.88,3.88,3.88,3.88,000
U13.SI,20120111,3.88,3.88,3.88,3.88,000
U13.SI,20120110,3.88,3.88,3.88,3.88,1000
U13.SI,20120109,3.83,3.83,3.83,3.83,000
U13.SI,20120108,3.83,3.83,3.83,3.83,4000
U13.SI,20120105,3.88,3.88,3.88,3.88,000
U13.SI,20120104,3.88,3.88,3.88,3.88,000
U13.SI,20120103,3.88,3.88,3.88,3.88,000
U13.SI,20120102,3.88,3.88,3.88,3.88,000
U13.SI,20120101,3.88,3.88,3.88,3.88,000
U13.SI,20111229,3.88,3.88,3.88,3.88,000
U13.SI,20111228,3.88,3.88,3.88,3.88,000
U13.SI,20111227,3.88,3.88,3.88,3.88,1000
U13.SI,20111226,3.78,3.78,3.78,3.78,000
U13.SI,20111225,3.78,3.78,3.78,3.78,000
U13.SI,20111222,3.78,3.78,3.78,3.78,000
U13.SI,20111221,3.78,3.78,3.78,3.78,000
U13.SI,20111220,3.78,3.78,3.78,3.78,000
U13.SI,20111219,3.78,3.78,3.78,3.78,1000
U13.SI,20111218,3.72,3.72,3.72,3.72,000
U13.SI,20111215,3.72,3.72,3.72,3.72,000
U13.SI,20111214,3.72,3.72,3.72,3.72,000
U13.SI,20111213,3.72,3.72,3.72,3.72,10000
U13.SI,20111212,3.72,3.72,3.72,3.72,5000
U13.SI,20111211,3.75,3.75,3.75,3.75,000
U13.SI,20111208,3.75,3.75,3.75,3.75,000
U13.SI,20111207,3.75,3.75,3.75,3.75,000
U13.SI,20111206,3.75,3.75,3.75,3.75,000
U13.SI,20111205,3.75,3.75,3.75,3.75,000
U13.SI,20111204,3.75,3.75,3.75,3.75,10000
U13.SI,20111201,3.68,3.68,3.68,3.68,000
U13.SI,20111130,3.68,3.68,3.68,3.68,5000
U13.SI,20111129,3.75,3.75,3.75,3.75,000
U13.SI,20111128,3.70,3.75,3.70,3.75,40000
U13.SI,20111127,3.68,3.70,3.68,3.70,17000
U13.SI,20111124,3.65,3.66,3.65,3.66,7000
U13.SI,20111123,3.62,3.62,3.62,3.62,3000
U13.SI,20111122,3.61,3.61,3.61,3.61,3000
U13.SI,20111121,3.60,3.60,3.60,3.60,000
U13.SI,20111120,3.64,3.64,3.60,3.60,5000
U13.SI,20111117,3.61,3.61,3.61,3.61,3000
U13.SI,20111116,3.62,3.62,3.61,3.62,4000
U13.SI,20111115,3.67,3.67,3.66,3.66,8000
U13.SI,20111114,3.63,3.63,3.63,3.63,000
U13.SI,20111113,3.62,3.63,3.62,3.63,3000
U13.SI,20111110,3.61,3.67,3.60,3.67,10000
U13.SI,20111109,3.65,3.65,3.65,3.65,000
U13.SI,20111108,3.65,3.65,3.65,3.65,000
U13.SI,20111107,3.65,3.65,3.65,3.65,000
U13.SI,20111106,3.65,3.65,3.65,3.65,2000
U13.SI,20111103,3.59,3.59,3.59,3.59,000
U13.SI,20111102,3.59,3.59,3.59,3.59,000
U13.SI,20111101,3.59,3.59,3.59,3.59,1000
U13.SI,20111031,3.69,3.69,3.69,3.69,000
U13.SI,20111030,3.69,3.69,3.69,3.69,1000
U13.SI,20111027,3.69,3.69,3.69,3.69,000
U13.SI,20111026,3.69,3.69,3.69,3.69,3000
U13.SI,20111025,3.64,3.64,3.64,3.64,000
U13.SI,20111024,3.64,3.64,3.64,3.64,000
U13.SI,20111023,3.64,3.64,3.64,3.64,000
U13.SI,20111020,3.64,3.64,3.64,3.64,000
U13.SI,20111019,3.64,3.64,3.64,3.64,000
U13.SI,20111018,3.64,3.64,3.64,3.64,000
U13.SI,20111017,3.64,3.64,3.64,3.64,000
U13.SI,20111016,3.64,3.64,3.64,3.64,000
U13.SI,20111013,3.75,3.75,3.64,3.64,11000
U13.SI,20111012,3.64,3.64,3.58,3.58,4000
U13.SI,20111011,3.64,3.64,3.64,3.64,000
U13.SI,20111010,3.64,3.64,3.64,3.64,000
U13.SI,20111009,3.64,3.64,3.64,3.64,000
U13.SI,20111006,3.60,3.64,3.60,3.64,6000
U13.SI,20111005,3.60,3.60,3.60,3.60,6000
U13.SI,20111004,3.57,3.58,3.57,3.58,17000
U13.SI,20111003,3.58,3.58,3.58,3.58,000
U13.SI,20111002,3.58,3.58,3.58,3.58,000
U13.SI,20110929,3.58,3.58,3.58,3.58,000
U13.SI,20110928,3.58,3.58,3.58,3.58,000
U13.SI,20110927,3.58,3.58,3.58,3.58,000
U13.SI,20110926,3.58,3.58,3.58,3.58,5000
U13.SI,20110925,3.57,3.57,3.57,3.57,3000
U13.SI,20110922,3.56,3.56,3.56,3.56,000
U13.SI,20110921,3.56,3.56,3.56,3.56,000
U13.SI,20110920,3.55,3.56,3.55,3.56,8000
U13.SI,20110919,3.53,3.53,3.53,3.53,2000
U13.SI,20110918,3.53,3.53,3.53,3.53,6000
U13.SI,20110915,3.56,3.56,3.56,3.56,8000
U13.SI,20110914,3.55,3.55,3.55,3.55,000
U13.SI,20110913,3.55,3.55,3.55,3.55,000
U13.SI,20110912,3.55,3.55,3.55,3.55,000
U13.SI,20110911,3.55,3.55,3.55,3.55,000
U13.SI,20110908,3.55,3.55,3.55,3.55,6000
U13.SI,20110907,3.54,3.54,3.54,3.54,000
U13.SI,20110906,3.54,3.54,3.54,3.54,4000
U13.SI,20110905,3.53,3.53,3.53,3.53,5000
U13.SI,20110904,3.54,3.54,3.54,3.54,000
U13.SI,20110901,3.54,3.54,3.54,3.54,2000
U13.SI,20110831,3.50,3.51,3.50,3.51,6000
U13.SI,20110830,3.50,3.50,3.50,3.50,5000
U13.SI,20110829,3.51,3.51,3.51,3.51,000
U13.SI,20110828,3.50,3.51,3.50,3.51,25000
U13.SI,20110825,3.51,3.51,3.47,3.47,2000
U13.SI,20110824,3.55,3.55,3.55,3.55,000
U13.SI,20110823,3.51,3.55,3.51,3.55,22000
U13.SI,20110822,3.46,3.46,3.46,3.46,1000
U13.SI,20110821,3.49,3.49,3.49,3.49,000
U13.SI,20110818,3.49,3.49,3.49,3.49,3000
U13.SI,20110817,3.49,3.49,3.49,3.49,000
U13.SI,20110816,3.49,3.49,3.49,3.49,000
U13.SI,20110815,3.49,3.49,3.49,3.49,000
U13.SI,20110814,3.49,3.49,3.49,3.49,000
U13.SI,20110811,3.49,3.49,3.49,3.49,000
U13.SI,20110810,3.49,3.49,3.49,3.49,000
U13.SI,20110809,3.49,3.49,3.49,3.49,3000
U13.SI,20110808,3.53,3.53,3.53,3.53,000
U13.SI,20110807,3.53,3.53,3.53,3.53,3000
U13.SI,20110804,3.50,3.51,3.50,3.51,18000
U13.SI,20110803,3.60,3.60,3.60,3.60,000
U13.SI,20110802,3.60,3.60,3.60,3.60,1000
U13.SI,20110801,3.55,3.55,3.50,3.54,18000
U13.SI,20110731,3.51,3.51,3.51,3.51,5000
U13.SI,20110728,3.50,3.50,3.50,3.50,000
U13.SI,20110727,3.50,3.50,3.50,3.50,000
U13.SI,20110726,3.50,3.50,3.50,3.50,000
U13.SI,20110725,3.50,3.50,3.50,3.50,21000
U13.SI,20110724,3.48,3.48,3.48,3.48,4000
U13.SI,20110721,3.50,3.50,3.50,3.50,000
U13.SI,20110720,3.47,3.51,3.47,3.50,60000
U13.SI,20110719,3.41,3.41,3.41,3.41,000
U13.SI,20110718,3.41,3.41,3.41,3.41,000
U13.SI,20110717,3.41,3.41,3.41,3.41,5000
U13.SI,20110714,3.41,3.41,3.41,3.41,5000
U13.SI,20110713,3.41,3.41,3.41,3.41,10000
U13.SI,20110712,3.41,3.41,3.41,3.41,000
U13.SI,20110711,3.41,3.41,3.41,3.41,000
U13.SI,20110710,3.40,3.41,3.40,3.41,6000
U13.SI,20110707,3.42,3.42,3.42,3.42,000
U13.SI,20110706,3.44,3.44,3.42,3.42,74000
U13.SI,20110705,3.40,3.43,3.40,3.42,105000
U13.SI,20110704,3.38,3.42,3.38,3.42,11000
U13.SI,20110703,3.40,3.40,3.40,3.40,7000
U13.SI,20110630,3.40,3.40,3.40,3.40,8000
U13.SI,20110629,3.40,3.40,3.40,3.40,5000
U13.SI,20110628,3.39,3.39,3.39,3.39,000
U13.SI,20110627,3.39,3.39,3.39,3.39,000
U13.SI,20110626,3.39,3.39,3.39,3.39,000
U13.SI,20110623,3.39,3.39,3.39,3.39,000
U13.SI,20110622,3.39,3.39,3.39,3.39,000
U13.SI,20110621,3.39,3.39,3.39,3.39,000
U13.SI,20110620,3.39,3.39,3.39,3.39,000
U13.SI,20110619,3.36,3.40,3.36,3.39,20000
U13.SI,20110616,3.39,3.39,3.39,3.39,000
U13.SI,20110615,3.39,3.39,3.39,3.39,000
U13.SI,20110614,3.39,3.39,3.39,3.39,9000
U13.SI,20110613,3.45,3.45,3.45,3.45,5000
U13.SI,20110612,3.36,3.36,3.36,3.36,000
U13.SI,20110609,3.36,3.36,3.36,3.36,000
U13.SI,20110608,3.36,3.36,3.36,3.36,000
U13.SI,20110607,3.36,3.36,3.36,3.36,000
U13.SI,20110606,3.36,3.36,3.36,3.36,000
U13.SI,20110605,3.36,3.36,3.36,3.36,000
U13.SI,20110602,3.36,3.36,3.36,3.36,2000
U13.SI,20110601,3.34,3.34,3.34,3.34,000
U13.SI,20110531,3.34,3.34,3.34,3.34,1000
U13.SI,20110530,3.45,3.45,3.45,3.45,000
U13.SI,20110529,3.45,3.45,3.45,3.45,000
U13.SI,20110526,3.45,3.45,3.45,3.45,000
U13.SI,20110525,3.45,3.45,3.45,3.45,000
U13.SI,20110524,3.45,3.45,3.45,3.45,000
U13.SI,20110523,3.45,3.45,3.45,3.45,6000
U13.SI,20110522,3.34,3.34,3.34,3.34,000
U13.SI,20110519,3.34,3.34,3.34,3.34,000
U13.SI,20110518,3.34,3.34,3.34,3.34,000
U13.SI,20110517,3.34,3.34,3.34,3.34,000
U13.SI,20110516,3.34,3.34,3.34,3.34,000
U13.SI,20110515,3.34,3.34,3.34,3.34,000
U13.SI,20110512,3.34,3.34,3.34,3.34,5000
U13.SI,20110511,3.36,3.36,3.36,3.36,3000
U13.SI,20110510,3.48,3.48,3.48,3.48,000
U13.SI,20110509,3.48,3.48,3.48,3.48,000
U13.SI,20110508,3.48,3.48,3.48,3.48,3000
U13.SI,20110505,3.50,3.50,3.50,3.50,5000
U13.SI,20110504,3.50,3.50,3.50,3.50,1000
U13.SI,20110503,3.55,3.55,3.55,3.55,000
U13.SI,20110502,3.55,3.55,3.55,3.55,000
U13.SI,20110501,3.55,3.55,3.55,3.55,000
U13.SI,20110428,3.55,3.55,3.55,3.55,000
U13.SI,20110427,3.55,3.55,3.55,3.55,000
U13.SI,20110426,3.55,3.55,3.55,3.55,20000
U13.SI,20110425,3.50,3.55,3.50,3.55,10000
U13.SI,20110424,3.49,3.49,3.49,3.49,3000
U13.SI,20110421,3.46,3.46,3.46,3.46,000
U13.SI,20110420,3.46,3.46,3.46,3.46,000
U13.SI,20110419,3.46,3.46,3.46,3.46,7000
U13.SI,20110418,3.46,3.46,3.46,3.46,000
U13.SI,20110417,3.46,3.46,3.46,3.46,1000
U13.SI,20110414,3.50,3.50,3.50,3.50,4000
U13.SI,20110413,3.50,3.50,3.50,3.50,000
U13.SI,20110412,3.50,3.50,3.50,3.50,000
U13.SI,20110411,3.50,3.50,3.50,3.50,000
U13.SI,20110410,3.50,3.50,3.50,3.50,000
U13.SI,20110407,3.50,3.50,3.50,3.50,000
U13.SI,20110406,3.50,3.50,3.50,3.50,000
U13.SI,20110405,3.50,3.50,3.50,3.50,000
U13.SI,20110404,3.55,3.55,3.50,3.50,3000
U13.SI,20110403,3.46,3.46,3.46,3.46,5000
U13.SI,20110331,3.42,3.42,3.42,3.42,5000
U13.SI,20110330,3.40,3.40,3.40,3.40,000
U13.SI,20110329,3.40,3.40,3.40,3.40,000
U13.SI,20110328,3.40,3.40,3.40,3.40,000
U13.SI,20110327,3.40,3.40,3.40,3.40,000
U13.SI,20110324,3.40,3.40,3.40,3.40,000
U13.SI,20110323,3.40,3.40,3.40,3.40,1000
U13.SI,20110322,3.45,3.45,3.45,3.45,000
U13.SI,20110321,3.45,3.45,3.45,3.45,000
U13.SI,20110320,3.45,3.45,3.45,3.45,000
U13.SI,20110317,3.45,3.45,3.45,3.45,000
U13.SI,20110316,3.45,3.45,3.45,3.45,000
U13.SI,20110315,3.45,3.45,3.45,3.45,27000
U13.SI,20110314,3.45,3.45,3.45,3.45,000
U13.SI,20110313,3.45,3.45,3.45,3.45,000
U13.SI,20110310,3.45,3.45,3.45,3.45,1000
U13.SI,20110309,3.42,3.42,3.42,3.42,1000
U13.SI,20110308,3.40,3.40,3.40,3.40,000
U13.SI,20110307,3.40,3.40,3.40,3.40,000
U13.SI,20110306,3.42,3.42,3.42,3.42,11000
U13.SI,20110303,3.42,3.42,3.40,3.40,4000
U13.SI,20110302,3.41,3.41,3.38,3.38,11000
U13.SI,20110301,3.40,3.40,3.40,3.40,000
U13.SI,20110228,3.34,3.40,3.34,3.40,9000
U13.SI,20110227,3.41,3.41,3.41,3.41,000
U13.SI,20110224,3.41,3.41,3.41,3.41,2000
U13.SI,20110223,3.41,3.41,3.41,3.41,000
U13.SI,20110222,3.41,3.41,3.41,3.41,6000
U13.SI,20110221,3.41,3.41,3.41,3.41,000
U13.SI,20110220,3.41,3.41,3.41,3.41,5000
U13.SI,20110217,3.40,3.40,3.40,3.40,000
U13.SI,20110216,3.40,3.40,3.40,3.40,000
U13.SI,20110215,3.40,3.40,3.40,3.40,000
U13.SI,20110214,3.40,3.40,3.40,3.40,20000
U13.SI,20110213,3.36,3.40,3.36,3.40,6000
U13.SI,20110210,3.35,3.35,3.35,3.35,3000
U13.SI,20110209,3.35,3.35,3.35,3.35,2000
U13.SI,20110208,3.35,3.35,3.35,3.35,000
U13.SI,20110207,3.35,3.35,3.35,3.35,000
U13.SI,20110206,3.35,3.35,3.35,3.35,1000
U13.SI,20110203,3.34,3.34,3.34,3.34,3000
U13.SI,20110202,3.35,3.35,3.34,3.34,12000
U13.SI,20110201,3.33,3.33,3.33,3.33,000
U13.SI,20110131,3.33,3.33,3.33,3.33,000
U13.SI,20110130,3.33,3.33,3.33,3.33,000
U13.SI,20110127,3.33,3.33,3.33,3.33,000
U13.SI,20110126,3.26,3.33,3.26,3.33,10000
U13.SI,20110125,3.25,3.25,3.25,3.25,000
U13.SI,20110124,3.25,3.25,3.25,3.25,000
U13.SI,20110123,3.25,3.25,3.25,3.25,000
U13.SI,20110120,3.25,3.25,3.25,3.25,000
U13.SI,20110119,3.25,3.25,3.25,3.25,1000
U13.SI,20110118,3.23,3.23,3.23,3.23,000
U13.SI,20110117,3.23,3.23,3.23,3.23,000
U13.SI,20110116,3.23,3.23,3.23,3.23,2000
U13.SI,20110113,3.15,3.15,3.15,3.15,000
U13.SI,20110112,3.15,3.15,3.15,3.15,000
U13.SI,20110111,3.15,3.15,3.15,3.15,000
U13.SI,20110110,3.15,3.15,3.15,3.15,000
U13.SI,20110109,3.15,3.15,3.15,3.15,000
U13.SI,20110106,3.15,3.15,3.15,3.15,000
U13.SI,20110105,3.15,3.15,3.15,3.15,000
U13.SI,20110104,3.15,3.15,3.15,3.15,000
U13.SI,20110103,3.15,3.15,3.15,3.15,000
U13.SI,20110102,3.15,3.15,3.15,3.15,000
U13.SI,20101230,3.15,3.15,3.15,3.15,000
U13.SI,20101229,3.15,3.15,3.15,3.15,000
U13.SI,20101228,3.15,3.15,3.15,3.15,000
U13.SI,20101227,3.15,3.15,3.15,3.15,000
U13.SI,20101226,3.15,3.15,3.15,3.15,000
U13.SI,20101223,3.15,3.15,3.15,3.15,000
U13.SI,20101222,3.15,3.15,3.15,3.15,000
U13.SI,20101221,3.15,3.15,3.15,3.15,000
U13.SI,20101220,3.15,3.15,3.15,3.15,3000
U13.SI,20101219,3.16,3.16,3.16,3.16,1000
U13.SI,20101216,3.30,3.30,3.30,3.30,000
U13.SI,20101215,3.30,3.30,3.30,3.30,000
U13.SI,20101214,3.30,3.30,3.30,3.30,2000
U13.SI,20101213,3.15,3.20,3.15,3.20,7000
U13.SI,20101212,3.13,3.13,3.13,3.13,000
U13.SI,20101209,3.13,3.13,3.13,3.13,000
U13.SI,20101208,3.13,3.13,3.13,3.13,3000
U13.SI,20101207,3.20,3.20,3.20,3.20,000
U13.SI,20101206,3.20,3.20,3.20,3.20,000
U13.SI,20101205,3.20,3.20,3.20,3.20,000
U13.SI,20101202,3.20,3.20,3.20,3.20,000
U13.SI,20101201,3.20,3.20,3.20,3.20,000
U13.SI,20101130,3.20,3.20,3.20,3.20,000
U13.SI,20101129,3.16,3.20,3.16,3.20,5000
U13.SI,20101128,3.17,3.17,3.17,3.17,2000
U13.SI,20101125,3.17,3.17,3.17,3.17,000
U13.SI,20101124,3.17,3.17,3.17,3.17,000
U13.SI,20101123,3.17,3.17,3.17,3.17,000
U13.SI,20101122,3.17,3.17,3.17,3.17,000
U13.SI,20101121,3.17,3.17,3.17,3.17,000
U13.SI,20101118,3.17,3.17,3.17,3.17,000
U13.SI,20101117,3.17,3.17,3.17,3.17,000
U13.SI,20101104,3.17,3.17,3.17,3.17,1000
U13.SI,20101101,3.15,3.16,3.15,3.16,13000
U13.SI,20101028,3.17,3.18,3.17,3.18,14000
U13.SI,20101021,3.20,3.20,3.20,3.20,2000
U13.SI,20101019,3.18,3.18,3.18,3.18,2000
U13.SI,20101014,3.14,3.16,3.14,3.16,2000
U13.SI,20101007,3.12,3.13,3.12,3.12,12000
U13.SI,20101005,3.12,3.15,3.12,3.15,8000
U13.SI,20101004,3.13,3.13,3.12,3.12,6000
U13.SI,20101003,3.16,3.16,3.15,3.15,6000
U13.SI,20100930,3.16,3.16,3.15,3.15,18000
U13.SI,20100927,3.12,3.15,3.12,3.15,18000
U13.SI,20100926,3.07,3.07,3.06,3.06,5000
U13.SI,20100916,3.10,3.10,3.10,3.10,5000
U13.SI,20100915,3.12,3.12,3.10,3.10,8000
U13.SI,20100914,3.10,3.10,3.10,3.10,5000
U13.SI,20100912,3.10,3.10,3.10,3.10,1000
U13.SI,20100909,3.12,3.12,3.11,3.11,4000
U13.SI,20100908,3.08,3.08,3.07,3.07,4000
U13.SI,20100829,3.19,3.19,3.19,3.19,3000
U13.SI,20100826,3.14,3.14,3.14,3.14,3000
U13.SI,20100825,3.16,3.16,3.16,3.16,1000
U13.SI,20100824,3.16,3.16,3.16,3.16,10000
U13.SI,20100823,3.19,3.19,3.19,3.19,11000
U13.SI,20100810,3.28,3.28,3.28,3.28,1000
U13.SI,20100808,3.36,3.36,3.28,3.28,2000
U13.SI,20100803,3.45,3.49,3.45,3.49,4000
U13.SI,20100802,3.47,3.49,3.46,3.49,15000
U13.SI,20100727,3.45,3.45,3.45,3.45,23000
U13.SI,20100726,3.42,3.42,3.42,3.42,2000
U13.SI,20100711,3.41,3.41,3.41,3.41,3000
U13.SI,20100708,3.41,3.42,3.41,3.42,10000
U13.SI,20100707,3.42,3.42,3.42,3.42,1000
U13.SI,20100706,3.42,3.42,3.42,3.42,5000
U13.SI,20100701,3.40,3.40,3.40,3.40,8000
U13.SI,20100630,3.40,3.40,3.40,3.40,5000
U13.SI,20100628,3.40,3.40,3.40,3.40,4000
U13.SI,20100627,3.40,3.42,3.40,3.40,9000
U13.SI,20100622,3.40,3.40,3.40,3.40,2000
U13.SI,20100616,3.40,3.40,3.40,3.40,6000
U13.SI,20100615,3.40,3.40,3.40,3.40,2000
U13.SI,20100614,3.40,3.40,3.40,3.40,3000
U13.SI,20100613,3.38,3.40,3.38,3.40,11000
U13.SI,20100610,3.40,3.40,3.40,3.40,23000
U13.SI,20100608,3.40,3.40,3.40,3.40,2000
U13.SI,20100531,3.45,3.45,3.45,3.45,2000
U13.SI,20100526,3.40,3.40,3.40,3.40,3000
U13.SI,20100518,3.40,3.40,3.40,3.40,5000
U13.SI,20100511,3.50,3.50,3.40,3.40,3000
U13.SI,20100505,3.55,3.55,3.55,3.55,10000
U13.SI,20100428,3.56,3.56,3.55,3.55,2000
U13.SI,20100413,3.60,3.62,3.60,3.62,4000
U13.SI,20100408,3.55,3.56,3.55,3.56,20000
U13.SI,20100406,3.52,3.52,3.52,3.52,6000
U13.SI,20100404,3.50,3.50,3.50,3.50,5000
U13.SI,20100330,3.50,3.50,3.50,3.50,5000
U13.SI,20100329,3.48,3.48,3.48,3.48,1000
U13.SI,20100325,3.47,3.47,3.46,3.46,9000
U13.SI,20100322,3.48,3.48,3.48,3.48,8000
U13.SI,20100321,3.45,3.45,3.45,3.45,1000
U13.SI,20100318,3.45,3.45,3.45,3.45,10000
U13.SI,20100317,3.45,3.45,3.43,3.43,17000
U13.SI,20100316,3.43,3.43,3.43,3.43,3000
U13.SI,20100315,3.43,3.48,3.43,3.48,16000
U13.SI,20100308,3.40,3.49,3.40,3.49,3000
U13.SI,20100307,3.49,3.49,3.45,3.49,12000
U13.SI,20100303,3.49,3.49,3.49,3.49,2000
U13.SI,20100301,3.50,3.50,3.49,3.50,11000
U13.SI,20100228,3.40,3.40,3.40,3.40,6000
U13.SI,20100225,3.44,3.45,3.44,3.45,26000
U13.SI,20100224,3.40,3.40,3.40,3.40,5000
U13.SI,20100223,3.40,3.40,3.40,3.40,2000
U13.SI,20100222,3.49,3.49,3.43,3.43,29000
U13.SI,20100221,3.47,3.51,3.47,3.51,3000
U13.SI,20100217,3.55,3.55,3.55,3.55,1000
U13.SI,20100215,3.50,3.50,3.48,3.48,7000
U13.SI,20100214,3.45,3.45,3.45,3.45,5000
U13.SI,20100209,3.46,3.50,3.46,3.50,7000
U13.SI,20100208,3.48,3.50,3.48,3.50,12000
U13.SI,20100131,3.50,3.50,3.50,3.50,2000
U13.SI,20100128,3.60,3.60,3.50,3.50,3000
U13.SI,20100120,3.50,3.50,3.50,3.50,1000
U13.SI,20100118,3.55,3.55,3.50,3.50,2000
U13.SI,20100107,3.55,3.55,3.55,3.55,1000
U13.SI,20100106,3.49,3.50,3.49,3.50,5000
U13.SI,20100105,3.45,3.49,3.45,3.49,20000
