U10.SI,20120606,1.69,1.69,1.69,1.69,1000
U10.SI,20120604,1.68,1.70,1.68,1.70,78000
U10.SI,20120603,1.68,1.69,1.68,1.68,89000
U10.SI,20120531,1.68,1.71,1.68,1.69,77000
U10.SI,20120530,1.68,1.70,1.68,1.69,70000
U10.SI,20120529,1.71,1.71,1.70,1.70,115000
U10.SI,20120528,1.71,1.72,1.71,1.71,35000
U10.SI,20120527,1.71,1.72,1.71,1.71,26000
U10.SI,20120524,1.71,1.71,1.71,1.71,000
U10.SI,20120523,1.73,1.74,1.70,1.71,311000
U10.SI,20120522,1.73,1.73,1.72,1.73,121000
U10.SI,20120521,1.73,1.73,1.73,1.73,39000
U10.SI,20120520,1.72,1.74,1.72,1.74,192000
U10.SI,20120517,1.73,1.73,1.72,1.73,190000
U10.SI,20120516,1.74,1.74,1.72,1.73,332000
U10.SI,20120515,1.74,1.74,1.73,1.73,718000
U10.SI,20120514,1.71,1.74,1.71,1.74,303000
U10.SI,20120513,1.72,1.72,1.71,1.71,198000
U10.SI,20120510,1.72,1.72,1.71,1.72,765000
U10.SI,20120509,1.68,1.69,1.67,1.69,106000
U10.SI,20120508,1.67,1.68,1.67,1.68,19000
U10.SI,20120507,1.69,1.69,1.67,1.68,217000
U10.SI,20120506,1.72,1.72,1.72,1.72,248000
U10.SI,20120503,1.71,1.72,1.71,1.72,159000
U10.SI,20120502,1.71,1.72,1.71,1.72,190000
U10.SI,20120501,1.72,1.72,1.72,1.72,000
U10.SI,20120430,1.72,1.72,1.71,1.72,42000
U10.SI,20120429,1.72,1.72,1.72,1.72,148000
U10.SI,20120426,1.72,1.72,1.72,1.72,53000
U10.SI,20120425,1.71,1.72,1.71,1.72,209000
U10.SI,20120424,1.71,1.72,1.71,1.71,127000
U10.SI,20120423,1.71,1.71,1.70,1.71,240000
U10.SI,20120422,1.71,1.71,1.70,1.71,371000
U10.SI,20120419,1.71,1.72,1.71,1.71,213000
U10.SI,20120418,1.72,1.72,1.71,1.72,39000
U10.SI,20120417,1.71,1.72,1.71,1.72,301000
U10.SI,20120416,1.72,1.72,1.71,1.72,128000
U10.SI,20120415,1.71,1.72,1.70,1.72,258000
U10.SI,20120412,1.72,1.72,1.71,1.71,119000
U10.SI,20120411,1.72,1.72,1.71,1.72,146000
U10.SI,20120410,1.71,1.71,1.71,1.71,43000
U10.SI,20120409,1.71,1.71,1.70,1.71,73000
U10.SI,20120408,1.71,1.71,1.70,1.71,34000
U10.SI,20120405,1.72,1.72,1.70,1.70,773000
U10.SI,20120404,1.72,1.72,1.70,1.70,257000
U10.SI,20120403,1.72,1.72,1.70,1.71,86000
U10.SI,20120402,1.72,1.72,1.71,1.72,163000
U10.SI,20120401,1.72,1.72,1.71,1.71,82000
U10.SI,20120329,1.71,1.71,1.71,1.71,000
U10.SI,20120328,1.72,1.72,1.71,1.71,110000
U10.SI,20120327,1.72,1.72,1.70,1.72,448000
U10.SI,20120326,1.71,1.71,1.71,1.71,93000
U10.SI,20120325,1.72,1.72,1.71,1.71,132000
U10.SI,20120322,1.71,1.72,1.71,1.71,456000
U10.SI,20120321,1.71,1.72,1.71,1.72,312000
U10.SI,20120320,1.72,1.72,1.72,1.72,128000
U10.SI,20120319,1.71,1.72,1.71,1.72,149000
U10.SI,20120318,1.72,1.72,1.71,1.71,108000
U10.SI,20120315,1.72,1.73,1.72,1.72,391000
U10.SI,20120314,1.72,1.73,1.72,1.73,367000
U10.SI,20120313,1.72,1.73,1.71,1.72,508000
U10.SI,20120312,1.72,1.73,1.72,1.73,334000
U10.SI,20120311,1.71,1.73,1.70,1.72,904000
U10.SI,20120308,1.71,1.72,1.70,1.71,1345000
U10.SI,20120307,1.70,1.71,1.70,1.71,169000
U10.SI,20120306,1.71,1.71,1.70,1.70,160000
U10.SI,20120305,1.69,1.71,1.69,1.70,265000
U10.SI,20120304,1.70,1.70,1.69,1.70,310000
U10.SI,20120301,1.69,1.70,1.67,1.70,419000
U10.SI,20120229,1.72,1.72,1.67,1.69,1389000
U10.SI,20120228,1.73,1.73,1.72,1.73,523000
U10.SI,20120227,1.73,1.75,1.72,1.73,373000
U10.SI,20120226,1.73,1.73,1.72,1.72,114000
U10.SI,20120223,1.73,1.73,1.70,1.72,153000
U10.SI,20120222,1.74,1.74,1.73,1.73,183000
U10.SI,20120221,1.74,1.75,1.74,1.74,270000
U10.SI,20120220,1.74,1.75,1.74,1.74,201000
U10.SI,20120219,1.74,1.75,1.73,1.74,111000
U10.SI,20120216,1.73,1.74,1.73,1.74,73000
U10.SI,20120215,1.73,1.74,1.73,1.73,143000
U10.SI,20120214,1.73,1.74,1.73,1.73,112000
U10.SI,20120213,1.73,1.73,1.73,1.73,000
U10.SI,20120212,1.73,1.73,1.73,1.73,000
U10.SI,20120209,1.72,1.74,1.72,1.73,161000
U10.SI,20120208,1.74,1.74,1.72,1.74,487000
U10.SI,20120207,1.73,1.75,1.73,1.74,362000
U10.SI,20120206,1.73,1.73,1.72,1.72,290000
U10.SI,20120205,1.73,1.76,1.73,1.73,712000
U10.SI,20120202,1.72,1.73,1.71,1.73,366000
U10.SI,20120201,1.71,1.72,1.71,1.72,259000
U10.SI,20120131,1.71,1.73,1.71,1.72,654000
U10.SI,20120130,1.70,1.72,1.70,1.71,329000
U10.SI,20120129,1.70,1.71,1.70,1.71,175000
U10.SI,20120126,1.70,1.71,1.69,1.70,402000
U10.SI,20120125,1.71,1.71,1.70,1.70,222000
U10.SI,20120124,1.71,1.71,1.70,1.71,198000
U10.SI,20120123,1.71,1.71,1.70,1.70,184000
U10.SI,20120122,1.72,1.72,1.70,1.71,306000
U10.SI,20120119,1.71,1.72,1.70,1.72,751000
U10.SI,20120118,1.68,1.71,1.68,1.70,536000
U10.SI,20120117,1.68,1.68,1.67,1.68,2105000
U10.SI,20120116,1.68,1.68,1.67,1.67,896000
U10.SI,20120115,1.68,1.68,1.66,1.67,456000
U10.SI,20120112,1.66,1.68,1.65,1.67,1036000
U10.SI,20120111,1.65,1.66,1.65,1.65,345000
U10.SI,20120110,1.65,1.67,1.64,1.66,710000
U10.SI,20120109,1.65,1.65,1.64,1.64,225000
U10.SI,20120108,1.63,1.65,1.63,1.65,1095000
U10.SI,20120105,1.63,1.63,1.62,1.63,422000
U10.SI,20120104,1.63,1.64,1.63,1.63,211000
U10.SI,20120103,1.62,1.63,1.62,1.63,464000
U10.SI,20120102,1.62,1.62,1.62,1.62,000
U10.SI,20120101,1.62,1.62,1.62,1.62,511000
U10.SI,20111229,1.62,1.62,1.61,1.62,317000
U10.SI,20111228,1.62,1.62,1.62,1.62,76000
U10.SI,20111227,1.62,1.62,1.62,1.62,135000
U10.SI,20111226,1.62,1.62,1.62,1.62,000
U10.SI,20111225,1.62,1.62,1.62,1.62,35000
U10.SI,20111222,1.62,1.62,1.61,1.62,222000
U10.SI,20111221,1.62,1.62,1.62,1.62,91000
U10.SI,20111220,1.62,1.62,1.62,1.62,181000
U10.SI,20111219,1.62,1.62,1.62,1.62,1201000
U10.SI,20111218,1.62,1.62,1.62,1.62,62000
U10.SI,20111215,1.62,1.63,1.62,1.63,144000
U10.SI,20111214,1.63,1.63,1.61,1.63,302000
U10.SI,20111213,1.61,1.63,1.61,1.63,456000
U10.SI,20111212,1.61,1.61,1.60,1.60,247000
U10.SI,20111211,1.60,1.62,1.60,1.60,716000
U10.SI,20111208,1.60,1.61,1.60,1.60,204000
U10.SI,20111207,1.60,1.60,1.59,1.60,184000
U10.SI,20111206,1.59,1.60,1.59,1.60,250000
U10.SI,20111205,1.60,1.60,1.59,1.60,80000
U10.SI,20111204,1.61,1.61,1.59,1.60,126000
U10.SI,20111201,1.59,1.62,1.58,1.59,1630000
U10.SI,20111130,1.60,1.60,1.58,1.60,378000
U10.SI,20111129,1.59,1.60,1.58,1.59,236000
U10.SI,20111128,1.59,1.60,1.58,1.59,116000
U10.SI,20111127,1.60,1.60,1.58,1.59,127000
U10.SI,20111124,1.58,1.60,1.58,1.60,258000
U10.SI,20111123,1.59,1.59,1.58,1.59,156000
U10.SI,20111122,1.58,1.59,1.58,1.59,31000
U10.SI,20111121,1.58,1.58,1.57,1.58,534000
U10.SI,20111120,1.57,1.58,1.56,1.58,353000
U10.SI,20111117,1.57,1.58,1.56,1.58,68000
U10.SI,20111116,1.58,1.58,1.54,1.58,895000
U10.SI,20111115,1.59,1.60,1.58,1.59,244000
U10.SI,20111114,1.61,1.61,1.61,1.61,000
U10.SI,20111113,1.60,1.61,1.59,1.61,123000
U10.SI,20111110,1.60,1.60,1.59,1.60,54000
U10.SI,20111109,1.59,1.61,1.59,1.60,35000
U10.SI,20111108,1.59,1.61,1.58,1.61,171000
U10.SI,20111107,1.59,1.60,1.59,1.60,113000
U10.SI,20111106,1.60,1.61,1.59,1.59,78000
U10.SI,20111103,1.61,1.61,1.60,1.60,110000
U10.SI,20111102,1.61,1.62,1.61,1.61,90000
U10.SI,20111101,1.62,1.62,1.61,1.61,88000
U10.SI,20111031,1.62,1.62,1.61,1.62,116000
U10.SI,20111030,1.62,1.62,1.61,1.62,309000
U10.SI,20111027,1.63,1.63,1.63,1.63,000
U10.SI,20111026,1.63,1.63,1.62,1.63,70000
U10.SI,20111025,1.62,1.63,1.62,1.63,127000
U10.SI,20111024,1.64,1.64,1.64,1.64,14000
U10.SI,20111023,1.63,1.65,1.63,1.64,994000
U10.SI,20111020,1.63,1.65,1.62,1.63,631000
U10.SI,20111019,1.63,1.64,1.61,1.63,521000
U10.SI,20111018,1.63,1.63,1.63,1.63,60000
U10.SI,20111017,1.63,1.63,1.63,1.63,44000
U10.SI,20111016,1.63,1.63,1.62,1.63,63000
U10.SI,20111013,1.61,1.63,1.61,1.63,35000
U10.SI,20111012,1.62,1.62,1.60,1.61,120000
U10.SI,20111011,1.62,1.63,1.62,1.63,262000
U10.SI,20111010,1.64,1.64,1.63,1.63,134000
U10.SI,20111009,1.64,1.64,1.63,1.64,112000
U10.SI,20111006,1.63,1.64,1.63,1.63,76000
U10.SI,20111005,1.64,1.64,1.63,1.63,59000
U10.SI,20111004,1.63,1.63,1.63,1.63,97000
U10.SI,20111003,1.63,1.64,1.63,1.64,34000
U10.SI,20111002,1.64,1.64,1.63,1.63,107000
U10.SI,20110929,1.63,1.64,1.62,1.64,116000
U10.SI,20110928,1.62,1.63,1.62,1.62,53000
U10.SI,20110927,1.63,1.63,1.62,1.62,153000
U10.SI,20110926,1.64,1.64,1.64,1.64,48000
U10.SI,20110925,1.64,1.65,1.64,1.64,392000
U10.SI,20110922,1.62,1.65,1.62,1.64,435000
U10.SI,20110921,1.62,1.62,1.62,1.62,4000
U10.SI,20110920,1.62,1.62,1.61,1.62,122000
U10.SI,20110919,1.63,1.63,1.62,1.62,378000
U10.SI,20110918,1.62,1.63,1.62,1.63,285000
U10.SI,20110915,1.62,1.63,1.62,1.62,468000
U10.SI,20110914,1.62,1.62,1.61,1.62,44000
U10.SI,20110913,1.61,1.62,1.61,1.62,82000
U10.SI,20110912,1.61,1.62,1.61,1.62,20000
U10.SI,20110911,1.61,1.62,1.61,1.62,13000
U10.SI,20110908,1.62,1.62,1.60,1.62,261000
U10.SI,20110907,1.62,1.62,1.61,1.61,68000
U10.SI,20110906,1.61,1.62,1.61,1.62,212000
U10.SI,20110905,1.62,1.62,1.61,1.62,25000
U10.SI,20110904,1.61,1.62,1.61,1.62,29000
U10.SI,20110901,1.62,1.62,1.61,1.61,124000
U10.SI,20110831,1.62,1.62,1.62,1.62,44000
U10.SI,20110830,1.63,1.63,1.62,1.62,43000
U10.SI,20110829,1.62,1.63,1.62,1.62,134000
U10.SI,20110828,1.62,1.63,1.62,1.63,154000
U10.SI,20110825,1.62,1.62,1.62,1.62,57000
U10.SI,20110824,1.61,1.62,1.61,1.62,198000
U10.SI,20110823,1.61,1.62,1.61,1.62,269000
U10.SI,20110822,1.62,1.62,1.61,1.62,66000
U10.SI,20110821,1.62,1.62,1.62,1.62,000
U10.SI,20110818,1.62,1.62,1.62,1.62,137000
U10.SI,20110817,1.62,1.63,1.62,1.62,137000
U10.SI,20110816,1.63,1.63,1.62,1.62,106000
U10.SI,20110815,1.62,1.63,1.62,1.63,144000
U10.SI,20110814,1.62,1.63,1.62,1.63,207000
U10.SI,20110811,1.62,1.63,1.62,1.62,109000
U10.SI,20110810,1.62,1.62,1.62,1.62,000
U10.SI,20110809,1.61,1.62,1.61,1.62,206000
U10.SI,20110808,1.62,1.62,1.61,1.61,86000
U10.SI,20110807,1.62,1.62,1.62,1.62,40000
U10.SI,20110804,1.61,1.62,1.61,1.61,28000
U10.SI,20110803,1.62,1.62,1.62,1.62,22000
U10.SI,20110802,1.62,1.62,1.62,1.62,41000
U10.SI,20110801,1.63,1.63,1.62,1.62,15000
U10.SI,20110731,1.62,1.63,1.62,1.63,285000
U10.SI,20110728,1.62,1.62,1.62,1.62,8000
U10.SI,20110727,1.62,1.62,1.61,1.62,66000
U10.SI,20110726,1.61,1.61,1.61,1.61,15000
U10.SI,20110725,1.62,1.62,1.61,1.62,52000
U10.SI,20110724,1.62,1.63,1.62,1.62,203000
U10.SI,20110721,1.62,1.63,1.62,1.63,119000
U10.SI,20110720,1.63,1.63,1.62,1.62,26000
U10.SI,20110719,1.63,1.63,1.62,1.62,432000
U10.SI,20110718,1.62,1.64,1.62,1.63,180000
U10.SI,20110717,1.62,1.63,1.62,1.63,100000
U10.SI,20110714,1.61,1.62,1.61,1.62,101000
U10.SI,20110713,1.59,1.61,1.59,1.61,158000
U10.SI,20110712,1.60,1.60,1.58,1.59,88000
U10.SI,20110711,1.59,1.60,1.59,1.60,7000
U10.SI,20110710,1.59,1.60,1.58,1.59,95000
U10.SI,20110707,1.59,1.61,1.59,1.60,105000
U10.SI,20110706,1.61,1.61,1.59,1.60,30000
U10.SI,20110705,1.60,1.61,1.59,1.61,104000
U10.SI,20110704,1.59,1.60,1.58,1.60,168000
U10.SI,20110703,1.59,1.59,1.58,1.59,101000
U10.SI,20110630,1.57,1.58,1.57,1.57,45000
U10.SI,20110629,1.57,1.58,1.56,1.57,95000
U10.SI,20110628,1.57,1.57,1.56,1.56,129000
U10.SI,20110627,1.57,1.58,1.57,1.57,55000
U10.SI,20110626,1.58,1.58,1.57,1.58,82000
U10.SI,20110623,1.58,1.58,1.58,1.58,135000
U10.SI,20110622,1.58,1.59,1.58,1.58,24000
U10.SI,20110621,1.58,1.59,1.58,1.58,111000
U10.SI,20110620,1.58,1.59,1.56,1.58,324000
U10.SI,20110619,1.58,1.60,1.58,1.58,167000
U10.SI,20110616,1.60,1.60,1.55,1.55,434000
U10.SI,20110615,1.59,1.59,1.59,1.59,21000
U10.SI,20110614,1.59,1.60,1.59,1.59,65000
U10.SI,20110613,1.60,1.61,1.59,1.59,62000
U10.SI,20110612,1.62,1.62,1.61,1.62,53000
U10.SI,20110609,1.58,1.62,1.58,1.60,223000
U10.SI,20110608,1.60,1.62,1.60,1.61,179000
U10.SI,20110607,1.58,1.60,1.57,1.60,164000
U10.SI,20110606,1.57,1.58,1.57,1.58,13000
U10.SI,20110605,1.58,1.58,1.57,1.57,152000
U10.SI,20110602,1.59,1.60,1.59,1.60,30000
U10.SI,20110601,1.58,1.62,1.58,1.59,203000
U10.SI,20110531,1.59,1.62,1.58,1.58,75000
U10.SI,20110530,1.60,1.60,1.59,1.59,6000
U10.SI,20110529,1.59,1.59,1.59,1.59,8000
U10.SI,20110526,1.59,1.59,1.59,1.59,20000
U10.SI,20110525,1.60,1.60,1.59,1.59,24000
U10.SI,20110524,1.62,1.62,1.60,1.60,44000
U10.SI,20110523,1.60,1.64,1.60,1.62,91000
U10.SI,20110522,1.58,1.59,1.58,1.59,7000
U10.SI,20110519,1.60,1.60,1.58,1.58,687000
U10.SI,20110518,1.60,1.62,1.59,1.61,267000
U10.SI,20110517,1.62,1.62,1.58,1.60,412000
U10.SI,20110516,1.62,1.62,1.60,1.62,178000
U10.SI,20110515,1.64,1.64,1.62,1.62,83000
U10.SI,20110512,1.64,1.64,1.62,1.64,839000
U10.SI,20110511,1.62,1.64,1.62,1.63,68000
U10.SI,20110510,1.63,1.64,1.62,1.62,110000
U10.SI,20110509,1.66,1.67,1.63,1.64,625000
U10.SI,20110508,1.71,1.71,1.69,1.70,381000
U10.SI,20110505,1.73,1.73,1.72,1.72,163000
U10.SI,20110504,1.73,1.74,1.72,1.73,85000
U10.SI,20110503,1.72,1.73,1.71,1.73,314000
U10.SI,20110502,1.72,1.72,1.72,1.72,000
U10.SI,20110501,1.72,1.72,1.72,1.72,400000
U10.SI,20110428,1.72,1.73,1.72,1.72,90000
U10.SI,20110427,1.71,1.73,1.71,1.72,329000
U10.SI,20110426,1.71,1.71,1.71,1.71,40000
U10.SI,20110425,1.71,1.71,1.70,1.71,416000
U10.SI,20110424,1.71,1.71,1.70,1.71,141000
U10.SI,20110421,1.70,1.71,1.70,1.71,158000
U10.SI,20110420,1.70,1.71,1.70,1.71,386000
U10.SI,20110419,1.71,1.71,1.70,1.70,408000
U10.SI,20110418,1.71,1.71,1.70,1.71,102000
U10.SI,20110417,1.70,1.71,1.70,1.70,1460000
U10.SI,20110414,1.70,1.71,1.70,1.70,1441000
U10.SI,20110413,1.69,1.70,1.69,1.70,18000
U10.SI,20110412,1.70,1.70,1.69,1.69,45000
U10.SI,20110411,1.69,1.71,1.69,1.70,570000
U10.SI,20110410,1.70,1.70,1.69,1.70,112000
U10.SI,20110407,1.70,1.70,1.70,1.70,000
U10.SI,20110406,1.70,1.70,1.69,1.70,714000
U10.SI,20110405,1.70,1.70,1.70,1.70,103000
U10.SI,20110404,1.70,1.73,1.69,1.71,431000
U10.SI,20110403,1.70,1.70,1.68,1.70,254000
U10.SI,20110331,1.69,1.70,1.69,1.69,46000
U10.SI,20110330,1.70,1.70,1.69,1.70,557000
U10.SI,20110329,1.69,1.69,1.68,1.69,478000
U10.SI,20110328,1.69,1.69,1.68,1.68,371000
U10.SI,20110327,1.68,1.69,1.67,1.69,469000
U10.SI,20110324,1.68,1.69,1.68,1.69,152000
U10.SI,20110323,1.67,1.68,1.66,1.68,35000
U10.SI,20110322,1.68,1.68,1.67,1.67,57000
U10.SI,20110321,1.68,1.68,1.67,1.68,121000
U10.SI,20110320,1.68,1.68,1.67,1.68,107000
U10.SI,20110317,1.68,1.68,1.66,1.68,269000
U10.SI,20110316,1.69,1.69,1.67,1.67,121000
U10.SI,20110315,1.69,1.70,1.66,1.69,173000
U10.SI,20110314,1.66,1.69,1.66,1.69,248000
U10.SI,20110313,1.67,1.68,1.66,1.68,296000
U10.SI,20110310,1.67,1.67,1.66,1.67,58000
U10.SI,20110309,1.67,1.67,1.65,1.66,301000
U10.SI,20110308,1.64,1.66,1.64,1.66,410000
U10.SI,20110307,1.66,1.66,1.63,1.64,30000
U10.SI,20110306,1.66,1.67,1.65,1.67,64000
U10.SI,20110303,1.66,1.66,1.65,1.66,115000
U10.SI,20110302,1.66,1.67,1.65,1.66,111000
U10.SI,20110301,1.67,1.68,1.65,1.65,197000
U10.SI,20110228,1.67,1.67,1.66,1.66,491000
U10.SI,20110227,1.68,1.68,1.67,1.67,366000
U10.SI,20110224,1.66,1.68,1.66,1.68,366000
U10.SI,20110223,1.66,1.66,1.63,1.65,229000
U10.SI,20110222,1.64,1.67,1.62,1.66,171000
U10.SI,20110221,1.65,1.65,1.64,1.65,60000
U10.SI,20110220,1.66,1.66,1.64,1.65,315000
U10.SI,20110217,1.65,1.67,1.65,1.65,216000
U10.SI,20110216,1.66,1.66,1.64,1.65,225000
U10.SI,20110215,1.65,1.69,1.65,1.66,426000
U10.SI,20110214,1.64,1.65,1.64,1.65,130000
U10.SI,20110213,1.65,1.65,1.64,1.65,22000
U10.SI,20110210,1.65,1.66,1.64,1.65,225000
U10.SI,20110209,1.65,1.65,1.64,1.65,141000
U10.SI,20110208,1.65,1.66,1.64,1.65,223000
U10.SI,20110207,1.65,1.65,1.65,1.65,405000
U10.SI,20110206,1.63,1.65,1.63,1.65,530000
U10.SI,20110203,1.62,1.63,1.62,1.63,218000
U10.SI,20110202,1.60,1.62,1.60,1.62,207000
U10.SI,20110201,1.61,1.61,1.60,1.61,103000
U10.SI,20110131,1.59,1.61,1.59,1.60,108000
U10.SI,20110130,1.59,1.59,1.59,1.59,241000
U10.SI,20110127,1.59,1.61,1.59,1.60,170000
U10.SI,20110126,1.60,1.60,1.58,1.59,113000
U10.SI,20110125,1.58,1.62,1.58,1.61,181000
U10.SI,20110124,1.58,1.58,1.58,1.58,000
U10.SI,20110123,1.58,1.58,1.58,1.58,000
U10.SI,20110120,1.57,1.59,1.57,1.58,115000
U10.SI,20110119,1.56,1.58,1.55,1.57,62000
U10.SI,20110118,1.58,1.59,1.55,1.55,47000
U10.SI,20110117,1.55,1.60,1.54,1.60,36000
U10.SI,20110116,1.56,1.56,1.53,1.55,72000
U10.SI,20110113,1.53,1.57,1.53,1.57,67000
U10.SI,20110112,1.54,1.55,1.53,1.54,110000
U10.SI,20110111,1.55,1.55,1.54,1.55,24000
U10.SI,20110110,1.54,1.55,1.52,1.55,39000
U10.SI,20110109,1.54,1.54,1.53,1.53,22000
U10.SI,20110106,1.55,1.55,1.53,1.55,11000
U10.SI,20110105,1.53,1.55,1.53,1.55,5000
U10.SI,20110104,1.55,1.55,1.54,1.55,19000
U10.SI,20110103,1.53,1.55,1.53,1.55,33000
U10.SI,20110102,1.53,1.53,1.53,1.53,000
U10.SI,20101230,1.51,1.53,1.51,1.53,45000
U10.SI,20101229,1.50,1.53,1.50,1.53,28000
U10.SI,20101228,1.53,1.53,1.53,1.53,000
U10.SI,20101227,1.52,1.53,1.52,1.53,14000
U10.SI,20101226,1.53,1.53,1.53,1.53,000
U10.SI,20101223,1.53,1.53,1.52,1.53,66000
U10.SI,20101222,1.53,1.53,1.52,1.52,40000
U10.SI,20101221,1.53,1.53,1.52,1.53,183000
U10.SI,20101220,1.53,1.53,1.50,1.53,33000
U10.SI,20101219,1.52,1.53,1.52,1.53,49000
U10.SI,20101216,1.53,1.53,1.51,1.52,42000
U10.SI,20101215,1.53,1.53,1.52,1.53,43000
U10.SI,20101214,1.53,1.53,1.50,1.53,69000
U10.SI,20101213,1.53,1.53,1.52,1.53,235000
U10.SI,20101212,1.53,1.53,1.53,1.53,19000
U10.SI,20101209,1.53,1.53,1.53,1.53,211000
U10.SI,20101208,1.53,1.54,1.52,1.54,191000
U10.SI,20101207,1.53,1.54,1.53,1.54,91000
U10.SI,20101206,1.54,1.54,1.53,1.54,170000
U10.SI,20101205,1.53,1.55,1.53,1.55,53000
U10.SI,20101202,1.55,1.55,1.53,1.55,29000
U10.SI,20101201,1.57,1.57,1.55,1.55,60000
U10.SI,20101130,1.54,1.55,1.54,1.55,1367000
U10.SI,20101129,1.52,1.54,1.52,1.54,163000
U10.SI,20101128,1.53,1.53,1.52,1.52,142000
U10.SI,20101125,1.51,1.52,1.51,1.52,216000
U10.SI,20101124,1.50,1.52,1.50,1.52,17000
U10.SI,20101123,1.54,1.54,1.50,1.51,208000
U10.SI,20101122,1.54,1.54,1.54,1.54,51000
U10.SI,20101121,1.54,1.55,1.54,1.54,584000
U10.SI,20101118,1.54,1.55,1.53,1.55,678000
U10.SI,20101117,1.54,1.56,1.54,1.55,584000
U10.SI,20101116,1.53,1.56,1.53,1.56,153000
U10.SI,20101115,1.54,1.54,1.52,1.54,26000
U10.SI,20101114,1.55,1.55,1.53,1.53,139000
U10.SI,20101111,1.54,1.54,1.52,1.53,111000
U10.SI,20101110,1.53,1.55,1.52,1.55,89000
U10.SI,20101109,1.56,1.57,1.54,1.55,62000
U10.SI,20101108,1.55,1.56,1.55,1.56,10000
U10.SI,20101104,1.53,1.55,1.53,1.55,76000
U10.SI,20101103,1.52,1.53,1.52,1.53,65000
U10.SI,20101102,1.52,1.55,1.50,1.54,84000
U10.SI,20101101,1.54,1.55,1.53,1.54,68000
U10.SI,20101031,1.57,1.57,1.53,1.54,66000
U10.SI,20101028,1.59,1.60,1.56,1.57,171000
U10.SI,20101027,1.53,1.58,1.53,1.58,333000
U10.SI,20101025,1.53,1.53,1.52,1.53,35000
U10.SI,20101024,1.54,1.54,1.52,1.52,161000
U10.SI,20101021,1.52,1.54,1.51,1.54,22000
U10.SI,20101020,1.51,1.52,1.51,1.52,23000
U10.SI,20101019,1.54,1.54,1.51,1.53,28000
U10.SI,20101018,1.51,1.54,1.51,1.54,23000
U10.SI,20101017,1.52,1.53,1.52,1.53,33000
U10.SI,20101014,1.54,1.54,1.52,1.53,23000
U10.SI,20101013,1.55,1.55,1.51,1.54,35000
U10.SI,20101012,1.49,1.55,1.48,1.55,165000
U10.SI,20101011,1.48,1.50,1.48,1.50,278000
U10.SI,20101010,1.50,1.50,1.48,1.48,82000
U10.SI,20101007,1.49,1.50,1.49,1.50,100000
U10.SI,20101006,1.47,1.49,1.47,1.49,106000
U10.SI,20101005,1.50,1.50,1.47,1.47,90000
U10.SI,20101004,1.49,1.53,1.47,1.50,253000
U10.SI,20101003,1.51,1.53,1.50,1.51,207000
U10.SI,20100930,1.57,1.57,1.50,1.52,46000
U10.SI,20100929,1.52,1.53,1.50,1.52,113000
U10.SI,20100928,1.52,1.53,1.52,1.53,7000
U10.SI,20100927,1.53,1.54,1.52,1.54,71000
U10.SI,20100926,1.58,1.58,1.50,1.51,163000
U10.SI,20100923,1.55,1.58,1.54,1.58,92000
U10.SI,20100922,1.57,1.58,1.56,1.58,40000
U10.SI,20100921,1.57,1.58,1.57,1.58,31000
U10.SI,20100920,1.58,1.58,1.57,1.57,11000
U10.SI,20100919,1.58,1.59,1.56,1.59,27000
U10.SI,20100916,1.57,1.59,1.56,1.59,540000
U10.SI,20100915,1.57,1.57,1.55,1.57,67000
U10.SI,20100914,1.57,1.57,1.55,1.57,17000
U10.SI,20100913,1.55,1.57,1.55,1.57,41000
U10.SI,20100912,1.55,1.55,1.53,1.54,60000
U10.SI,20100909,1.58,1.58,1.55,1.55,61000
U10.SI,20100908,1.57,1.58,1.57,1.58,26000
U10.SI,20100907,1.56,1.58,1.55,1.58,107000
U10.SI,20100906,1.56,1.57,1.55,1.56,94000
U10.SI,20100905,1.56,1.57,1.55,1.57,66000
U10.SI,20100902,1.59,1.60,1.57,1.58,378000
U10.SI,20100901,1.58,1.60,1.56,1.60,962000
U10.SI,20100831,1.55,1.57,1.54,1.57,173000
U10.SI,20100829,1.52,1.54,1.51,1.54,98000
U10.SI,20100826,1.52,1.52,1.50,1.51,32000
U10.SI,20100825,1.52,1.52,1.50,1.52,192000
U10.SI,20100824,1.52,1.52,1.51,1.51,61000
U10.SI,20100823,1.51,1.52,1.49,1.52,111000
U10.SI,20100822,1.51,1.52,1.49,1.52,536000
U10.SI,20100819,1.55,1.55,1.51,1.52,194000
U10.SI,20100818,1.59,1.59,1.57,1.57,122000
U10.SI,20100817,1.57,1.59,1.57,1.59,155000
U10.SI,20100816,1.59,1.60,1.56,1.57,244000
U10.SI,20100815,1.57,1.59,1.57,1.58,240000
U10.SI,20100812,1.56,1.59,1.55,1.57,262000
U10.SI,20100811,1.57,1.57,1.49,1.54,825000
U10.SI,20100810,1.60,1.60,1.57,1.57,972000
U10.SI,20100808,1.59,1.60,1.56,1.59,979000
U10.SI,20100805,1.65,1.65,1.59,1.62,593000
U10.SI,20100804,1.68,1.68,1.67,1.68,83000
U10.SI,20100803,1.69,1.69,1.67,1.69,210000
U10.SI,20100802,1.69,1.72,1.68,1.72,352000
U10.SI,20100801,1.68,1.71,1.68,1.71,360000
U10.SI,20100729,1.66,1.67,1.66,1.66,118000
U10.SI,20100728,1.66,1.67,1.65,1.67,90000
U10.SI,20100727,1.65,1.67,1.65,1.67,152000
U10.SI,20100726,1.64,1.66,1.64,1.66,207000
U10.SI,20100725,1.64,1.64,1.63,1.63,41000
U10.SI,20100722,1.63,1.64,1.63,1.64,321000
U10.SI,20100721,1.63,1.63,1.62,1.62,261000
U10.SI,20100720,1.63,1.63,1.62,1.62,152000
U10.SI,20100719,1.63,1.63,1.62,1.62,59000
U10.SI,20100718,1.62,1.63,1.61,1.63,123000
U10.SI,20100715,1.63,1.63,1.62,1.63,96000
U10.SI,20100714,1.63,1.63,1.62,1.63,115000
U10.SI,20100713,1.62,1.63,1.62,1.63,99000
U10.SI,20100712,1.63,1.63,1.62,1.62,286000
U10.SI,20100711,1.63,1.64,1.63,1.63,265000
U10.SI,20100708,1.62,1.64,1.62,1.63,326000
U10.SI,20100707,1.63,1.63,1.62,1.62,9000
U10.SI,20100706,1.63,1.64,1.62,1.63,145000
U10.SI,20100705,1.65,1.65,1.64,1.64,35000
U10.SI,20100704,1.65,1.66,1.63,1.64,247000
U10.SI,20100701,1.64,1.65,1.63,1.65,406000
U10.SI,20100630,1.60,1.62,1.60,1.61,182000
U10.SI,20100629,1.58,1.60,1.58,1.60,278000
U10.SI,20100628,1.59,1.59,1.59,1.59,108000
U10.SI,20100627,1.60,1.61,1.57,1.57,709000
U10.SI,20100624,1.59,1.60,1.59,1.60,181000
U10.SI,20100623,1.58,1.60,1.58,1.60,256000
U10.SI,20100622,1.60,1.60,1.57,1.57,425000
U10.SI,20100621,1.58,1.59,1.58,1.59,483000
U10.SI,20100620,1.57,1.58,1.56,1.57,736000
U10.SI,20100617,1.57,1.57,1.56,1.56,690000
U10.SI,20100616,1.57,1.58,1.55,1.56,315000
U10.SI,20100615,1.60,1.60,1.58,1.59,275000
U10.SI,20100614,1.60,1.60,1.58,1.59,506000
U10.SI,20100613,1.60,1.61,1.59,1.59,500000
U10.SI,20100610,1.63,1.63,1.61,1.61,438000
U10.SI,20100609,1.63,1.63,1.61,1.62,307000
U10.SI,20100608,1.65,1.65,1.62,1.63,566000
U10.SI,20100607,1.67,1.67,1.65,1.66,1057000
U10.SI,20100606,1.67,1.67,1.65,1.66,418000
U10.SI,20100603,1.68,1.69,1.67,1.67,150000
U10.SI,20100602,1.69,1.69,1.68,1.69,260000
U10.SI,20100601,1.69,1.70,1.69,1.70,56000
U10.SI,20100531,1.69,1.70,1.69,1.70,102000
U10.SI,20100530,1.69,1.70,1.68,1.69,146000
U10.SI,20100527,1.69,1.70,1.69,1.70,110000
U10.SI,20100526,1.70,1.70,1.69,1.70,147000
U10.SI,20100525,1.69,1.69,1.68,1.69,164000
U10.SI,20100524,1.69,1.70,1.69,1.70,280000
U10.SI,20100523,1.70,1.70,1.69,1.69,370000
U10.SI,20100520,1.72,1.72,1.71,1.72,88000
U10.SI,20100519,1.73,1.73,1.72,1.72,219000
U10.SI,20100518,1.73,1.73,1.71,1.72,227000
U10.SI,20100516,1.71,1.73,1.69,1.72,731000
U10.SI,20100513,1.73,1.73,1.71,1.71,156000
U10.SI,20100512,1.74,1.74,1.72,1.72,315000
U10.SI,20100511,1.75,1.76,1.74,1.74,328000
U10.SI,20100510,1.74,1.75,1.74,1.75,366000
U10.SI,20100509,1.72,1.74,1.70,1.74,406000
U10.SI,20100506,1.83,1.83,1.80,1.82,533000
U10.SI,20100505,1.84,1.85,1.83,1.84,153000
U10.SI,20100504,1.86,1.86,1.83,1.84,283000
U10.SI,20100503,1.86,1.87,1.86,1.86,202000
U10.SI,20100429,1.87,1.89,1.87,1.88,360000
U10.SI,20100428,1.85,1.90,1.85,1.88,1239000
U10.SI,20100427,1.84,1.86,1.84,1.86,881000
U10.SI,20100426,1.83,1.84,1.83,1.83,130000
U10.SI,20100425,1.83,1.84,1.83,1.84,166000
U10.SI,20100421,1.82,1.84,1.82,1.84,230000
U10.SI,20100420,1.81,1.83,1.81,1.83,183000
U10.SI,20100419,1.82,1.82,1.81,1.81,291000
U10.SI,20100418,1.83,1.84,1.82,1.83,198000
U10.SI,20100415,1.80,1.83,1.80,1.82,190000
U10.SI,20100414,1.80,1.82,1.80,1.81,112000
U10.SI,20100413,1.79,1.82,1.79,1.81,157000
U10.SI,20100412,1.80,1.81,1.78,1.79,202000
U10.SI,20100411,1.83,1.83,1.80,1.80,207000
U10.SI,20100408,1.81,1.82,1.80,1.82,227000
U10.SI,20100407,1.82,1.83,1.81,1.82,159000
U10.SI,20100406,1.82,1.83,1.81,1.82,554000
U10.SI,20100405,1.80,1.82,1.79,1.82,399000
U10.SI,20100404,1.78,1.79,1.78,1.79,165000
U10.SI,20100401,1.76,1.78,1.76,1.78,118000
U10.SI,20100331,1.78,1.78,1.76,1.78,171000
U10.SI,20100330,1.76,1.78,1.76,1.77,319000
U10.SI,20100329,1.77,1.77,1.75,1.76,72000
U10.SI,20100328,1.75,1.76,1.74,1.76,282000
U10.SI,20100325,1.74,1.75,1.73,1.75,207000
U10.SI,20100324,1.71,1.74,1.71,1.74,218000
U10.SI,20100323,1.72,1.72,1.70,1.72,837000
U10.SI,20100322,1.74,1.74,1.71,1.72,631000
U10.SI,20100321,1.75,1.75,1.73,1.74,132000
U10.SI,20100318,1.72,1.75,1.68,1.75,1913000
U10.SI,20100317,1.70,1.74,1.68,1.74,1663000
U10.SI,20100316,1.70,1.73,1.70,1.73,260000
U10.SI,20100315,1.72,1.72,1.69,1.69,545000
U10.SI,20100314,1.73,1.74,1.72,1.73,602000
U10.SI,20100311,1.76,1.77,1.75,1.76,519000
U10.SI,20100310,1.78,1.78,1.77,1.78,205000
U10.SI,20100309,1.79,1.79,1.78,1.78,99000
U10.SI,20100308,1.77,1.80,1.77,1.80,166000
U10.SI,20100307,1.77,1.78,1.76,1.77,148000
U10.SI,20100304,1.78,1.78,1.76,1.78,120000
U10.SI,20100303,1.75,1.76,1.75,1.76,91000
U10.SI,20100302,1.75,1.78,1.74,1.75,273000
U10.SI,20100301,1.71,1.77,1.71,1.75,226000
U10.SI,20100228,1.71,1.74,1.70,1.71,343000
U10.SI,20100225,1.67,1.70,1.67,1.69,209000
U10.SI,20100224,1.67,1.70,1.66,1.67,202000
U10.SI,20100223,1.68,1.69,1.67,1.69,382000
U10.SI,20100222,1.73,1.73,1.69,1.70,355000
U10.SI,20100221,1.75,1.75,1.75,1.75,45000
U10.SI,20100218,1.75,1.78,1.75,1.77,76000
U10.SI,20100217,1.76,1.77,1.76,1.76,124000
U10.SI,20100216,1.76,1.77,1.74,1.76,253000
U10.SI,20100215,1.79,1.79,1.75,1.76,128000
U10.SI,20100214,1.79,1.80,1.79,1.80,45000
U10.SI,20100211,1.79,1.81,1.77,1.80,1669000
U10.SI,20100210,1.82,1.83,1.78,1.79,180000
U10.SI,20100209,1.84,1.84,1.80,1.81,322000
U10.SI,20100208,1.85,1.85,1.83,1.85,96000
U10.SI,20100207,1.85,1.85,1.82,1.85,95000
U10.SI,20100202,1.83,1.84,1.82,1.84,92000
U10.SI,20100201,1.82,1.83,1.81,1.83,144000
U10.SI,20100131,1.83,1.83,1.81,1.81,180000
U10.SI,20100128,1.86,1.86,1.84,1.84,76000
U10.SI,20100127,1.87,1.87,1.83,1.87,392000
U10.SI,20100126,1.83,1.88,1.83,1.88,228000
U10.SI,20100125,1.84,1.85,1.83,1.84,196000
U10.SI,20100124,1.85,1.86,1.83,1.84,145000
U10.SI,20100121,1.84,1.84,1.82,1.83,128000
U10.SI,20100120,1.85,1.85,1.82,1.82,206000
U10.SI,20100119,1.85,1.85,1.84,1.85,145000
U10.SI,20100118,1.85,1.88,1.83,1.83,238000
U10.SI,20100117,1.85,1.86,1.84,1.84,206000
U10.SI,20100114,1.88,1.88,1.83,1.84,621000
U10.SI,20100113,1.88,1.90,1.87,1.88,270000
U10.SI,20100112,1.89,1.90,1.86,1.88,292000
U10.SI,20100111,1.88,1.90,1.86,1.87,414000
U10.SI,20100110,1.94,1.94,1.86,1.86,655000
U10.SI,20100107,2.00,2.01,1.93,1.94,1397000
U10.SI,20100106,1.88,2.02,1.88,1.99,4949000
U10.SI,20100105,1.80,1.85,1.78,1.84,1288000
U10.SI,20100104,1.78,1.80,1.78,1.80,319000
U10.SI,20100103,1.78,1.79,1.77,1.78,329000
