MS7.SI,20120604,1.18,1.21,1.17,1.20,10714000
MS7.SI,20120603,1.11,1.17,1.11,1.16,13641000
MS7.SI,20120531,1.12,1.12,1.11,1.12,1880000
MS7.SI,20120530,1.13,1.13,1.11,1.12,6687000
MS7.SI,20120529,1.12,1.14,1.12,1.13,16267000
MS7.SI,20120528,1.10,1.12,1.09,1.11,9125000
MS7.SI,20120527,1.09,1.10,1.08,1.09,5220000
MS7.SI,20120524,1.08,1.08,1.08,1.08,000
MS7.SI,20120523,1.10,1.11,1.07,1.08,11018000
MS7.SI,20120522,1.13,1.13,1.10,1.11,6688000
MS7.SI,20120521,1.14,1.14,1.11,1.12,5677000
MS7.SI,20120520,1.13,1.14,1.13,1.14,6050000
MS7.SI,20120517,1.13,1.14,1.11,1.12,4784000
MS7.SI,20120516,1.13,1.15,1.12,1.13,18551000
MS7.SI,20120515,1.08,1.13,1.07,1.12,18113000
MS7.SI,20120514,1.07,1.07,1.05,1.06,4421000
MS7.SI,20120513,1.08,1.11,1.07,1.07,9309000
MS7.SI,20120510,1.04,1.08,1.04,1.08,6852000
MS7.SI,20120509,1.05,1.05,1.03,1.04,3504000
MS7.SI,20120508,1.04,1.05,1.03,1.05,7068000
MS7.SI,20120507,1.06,1.07,1.02,1.03,8273000
MS7.SI,20120506,1.07,1.08,1.05,1.06,5424000
MS7.SI,20120503,1.08,1.08,1.05,1.05,5114000
MS7.SI,20120502,1.04,1.09,1.03,1.03,14122000
MS7.SI,20120501,1.03,1.03,1.03,1.03,000
MS7.SI,20120430,1.02,1.03,1.01,1.03,6608000
MS7.SI,20120429,1.07,1.08,1.01,1.01,10765000
MS7.SI,20120426,1.11,1.12,1.05,1.07,18189000
MS7.SI,20120425,1.12,1.13,1.11,1.11,3810000
MS7.SI,20120424,1.16,1.16,1.11,1.11,6065000
MS7.SI,20120423,1.15,1.16,1.14,1.14,2180000
MS7.SI,20120422,1.14,1.16,1.14,1.15,2651000
MS7.SI,20120419,1.17,1.17,1.13,1.14,5887000
MS7.SI,20120418,1.20,1.21,1.16,1.17,7926000
MS7.SI,20120417,1.22,1.22,1.20,1.20,4184000
MS7.SI,20120416,1.21,1.22,1.20,1.22,6041000
MS7.SI,20120415,1.23,1.23,1.22,1.22,1880000
MS7.SI,20120412,1.25,1.25,1.23,1.23,3805000
MS7.SI,20120411,1.24,1.25,1.23,1.25,5932000
MS7.SI,20120410,1.23,1.25,1.22,1.23,6973000
MS7.SI,20120409,1.22,1.23,1.22,1.22,3863000
MS7.SI,20120408,1.22,1.23,1.22,1.22,3416000
MS7.SI,20120405,1.23,1.24,1.22,1.22,3358000
MS7.SI,20120404,1.24,1.24,1.23,1.23,2253000
MS7.SI,20120403,1.25,1.25,1.23,1.24,5706000
MS7.SI,20120402,1.26,1.26,1.24,1.24,18410000
MS7.SI,20120401,1.23,1.24,1.22,1.23,1260000
MS7.SI,20120329,1.22,1.22,1.22,1.22,000
MS7.SI,20120328,1.23,1.23,1.22,1.22,4417000
MS7.SI,20120327,1.23,1.24,1.23,1.23,3630000
MS7.SI,20120326,1.24,1.24,1.23,1.23,3232000
MS7.SI,20120325,1.25,1.25,1.23,1.24,2225000
MS7.SI,20120322,1.25,1.25,1.24,1.24,1853000
MS7.SI,20120321,1.25,1.25,1.24,1.25,2574000
MS7.SI,20120320,1.25,1.25,1.24,1.25,1026000
MS7.SI,20120319,1.25,1.26,1.25,1.25,1503000
MS7.SI,20120318,1.25,1.25,1.24,1.24,4118000
MS7.SI,20120315,1.28,1.28,1.25,1.26,4765000
MS7.SI,20120314,1.26,1.27,1.25,1.27,6428000
MS7.SI,20120313,1.24,1.28,1.23,1.25,10685000
MS7.SI,20120312,1.24,1.24,1.22,1.23,15789000
MS7.SI,20120311,1.25,1.26,1.23,1.23,8869000
MS7.SI,20120308,1.25,1.25,1.24,1.25,4228000
MS7.SI,20120307,1.26,1.26,1.25,1.25,5308000
MS7.SI,20120306,1.26,1.27,1.25,1.25,4870000
MS7.SI,20120305,1.25,1.26,1.25,1.26,4421000
MS7.SI,20120304,1.27,1.27,1.25,1.25,5243000
MS7.SI,20120301,1.26,1.28,1.26,1.27,6963000
MS7.SI,20120229,1.30,1.30,1.26,1.26,8720000
MS7.SI,20120228,1.27,1.30,1.26,1.28,22598000
MS7.SI,20120227,1.32,1.33,1.30,1.32,4715000
MS7.SI,20120226,1.33,1.34,1.32,1.33,10879000
MS7.SI,20120223,1.31,1.33,1.31,1.32,4314000
MS7.SI,20120222,1.32,1.34,1.31,1.31,8706000
MS7.SI,20120221,1.33,1.34,1.31,1.33,12387000
MS7.SI,20120220,1.28,1.34,1.27,1.32,31791000
MS7.SI,20120219,1.29,1.29,1.27,1.28,10350000
MS7.SI,20120216,1.26,1.29,1.25,1.28,29589000
MS7.SI,20120215,1.25,1.26,1.24,1.24,3282000
MS7.SI,20120214,1.25,1.25,1.24,1.25,5192000
MS7.SI,20120213,1.25,1.25,1.25,1.25,000
MS7.SI,20120212,1.25,1.25,1.25,1.25,000
MS7.SI,20120209,1.24,1.25,1.24,1.25,3484000
MS7.SI,20120208,1.25,1.25,1.24,1.25,3482000
MS7.SI,20120207,1.25,1.25,1.25,1.25,3116000
MS7.SI,20120206,1.25,1.26,1.24,1.25,10431000
MS7.SI,20120205,1.26,1.27,1.25,1.25,2590000
MS7.SI,20120202,1.26,1.27,1.25,1.26,3698000
MS7.SI,20120201,1.28,1.28,1.26,1.26,3705000
MS7.SI,20120131,1.28,1.29,1.27,1.27,4013000
MS7.SI,20120130,1.28,1.29,1.28,1.28,4367000
MS7.SI,20120129,1.28,1.29,1.27,1.28,4185000
MS7.SI,20120126,1.29,1.29,1.27,1.27,5422000
MS7.SI,20120125,1.28,1.29,1.25,1.28,13781000
MS7.SI,20120124,1.29,1.29,1.29,1.29,000
MS7.SI,20120123,1.31,1.31,1.29,1.29,2048000
MS7.SI,20120122,1.33,1.33,1.30,1.30,3975000
MS7.SI,20120119,1.29,1.32,1.29,1.32,7331000
MS7.SI,20120118,1.28,1.30,1.28,1.28,4277000
MS7.SI,20120117,1.32,1.33,1.27,1.28,11438000
MS7.SI,20120116,1.34,1.34,1.31,1.32,7209000
MS7.SI,20120115,1.35,1.36,1.33,1.34,6662000
MS7.SI,20120112,1.34,1.36,1.34,1.35,10355000
MS7.SI,20120111,1.34,1.34,1.33,1.33,8720000
MS7.SI,20120110,1.35,1.36,1.34,1.34,10296000
MS7.SI,20120109,1.36,1.37,1.34,1.35,24877000
MS7.SI,20120108,1.32,1.34,1.32,1.34,8658000
MS7.SI,20120105,1.33,1.33,1.30,1.31,9140000
MS7.SI,20120104,1.34,1.34,1.32,1.32,8917000
MS7.SI,20120103,1.31,1.34,1.31,1.32,10808000
MS7.SI,20120102,1.30,1.30,1.30,1.30,000
MS7.SI,20120101,1.30,1.31,1.30,1.30,3082000
MS7.SI,20111229,1.32,1.32,1.30,1.31,3928000
MS7.SI,20111228,1.34,1.34,1.31,1.32,5433000
MS7.SI,20111227,1.33,1.34,1.32,1.33,4228000
MS7.SI,20111226,1.33,1.33,1.33,1.33,000
MS7.SI,20111225,1.30,1.35,1.30,1.33,7828000
MS7.SI,20111222,1.30,1.34,1.29,1.30,24619000
MS7.SI,20111221,1.38,1.41,1.38,1.40,6119000
MS7.SI,20111220,1.42,1.42,1.38,1.38,8045000
MS7.SI,20111219,1.42,1.42,1.40,1.41,8197000
MS7.SI,20111218,1.46,1.46,1.40,1.41,12816000
MS7.SI,20111215,1.45,1.47,1.44,1.45,6000000
MS7.SI,20111214,1.43,1.45,1.42,1.45,4807000
MS7.SI,20111213,1.45,1.45,1.42,1.43,5028000
MS7.SI,20111212,1.45,1.46,1.43,1.44,2898000
MS7.SI,20111211,1.46,1.46,1.45,1.46,5336000
MS7.SI,20111208,1.38,1.48,1.38,1.45,14165000
MS7.SI,20111207,1.41,1.42,1.38,1.38,6041000
MS7.SI,20111206,1.38,1.42,1.37,1.41,6965000
MS7.SI,20111205,1.38,1.39,1.36,1.38,2586000
MS7.SI,20111204,1.38,1.40,1.38,1.38,2727000
MS7.SI,20111201,1.38,1.39,1.38,1.38,6650000
MS7.SI,20111130,1.36,1.38,1.36,1.38,4136000
MS7.SI,20111129,1.36,1.36,1.34,1.35,4365000
MS7.SI,20111128,1.36,1.37,1.35,1.36,4403000
MS7.SI,20111127,1.37,1.38,1.35,1.36,7626000
MS7.SI,20111124,1.38,1.38,1.36,1.36,4535000
MS7.SI,20111123,1.39,1.40,1.37,1.38,11152000
MS7.SI,20111122,1.33,1.39,1.33,1.39,13953000
MS7.SI,20111121,1.34,1.36,1.33,1.33,15675000
MS7.SI,20111120,1.30,1.34,1.29,1.33,14798000
MS7.SI,20111117,1.32,1.34,1.25,1.28,48371000
MS7.SI,20111116,1.42,1.44,1.35,1.36,18342000
MS7.SI,20111115,1.50,1.51,1.50,1.50,9806000
MS7.SI,20111114,1.50,1.50,1.50,1.50,000
MS7.SI,20111113,1.50,1.51,1.50,1.50,3561000
MS7.SI,20111110,1.51,1.51,1.50,1.50,2790000
MS7.SI,20111109,1.51,1.52,1.50,1.51,6426000
MS7.SI,20111108,1.53,1.53,1.51,1.52,5069000
MS7.SI,20111107,1.52,1.53,1.52,1.52,4560000
MS7.SI,20111106,1.51,1.52,1.51,1.52,2548000
MS7.SI,20111103,1.53,1.53,1.51,1.51,4520000
MS7.SI,20111102,1.53,1.53,1.51,1.52,1760000
MS7.SI,20111101,1.52,1.53,1.52,1.53,4531000
MS7.SI,20111031,1.55,1.55,1.51,1.52,6612000
MS7.SI,20111030,1.58,1.58,1.53,1.56,4790000
MS7.SI,20111027,1.57,1.57,1.57,1.57,000
MS7.SI,20111026,1.58,1.59,1.57,1.57,4712000
MS7.SI,20111025,1.58,1.59,1.57,1.57,3873000
MS7.SI,20111024,1.59,1.60,1.58,1.59,2410000
MS7.SI,20111023,1.59,1.59,1.58,1.59,2700000
MS7.SI,20111020,1.59,1.61,1.59,1.59,8048000
MS7.SI,20111019,1.60,1.60,1.59,1.59,4498000
MS7.SI,20111018,1.60,1.60,1.59,1.59,12522000
MS7.SI,20111017,1.59,1.60,1.58,1.59,11214000
MS7.SI,20111016,1.58,1.59,1.58,1.58,2655000
MS7.SI,20111013,1.59,1.59,1.58,1.58,2973000
MS7.SI,20111012,1.58,1.60,1.58,1.59,15834000
MS7.SI,20111011,1.56,1.59,1.55,1.57,11827000
MS7.SI,20111010,1.61,1.61,1.57,1.57,5985000
MS7.SI,20111009,1.62,1.62,1.60,1.60,6031000
MS7.SI,20111006,1.62,1.62,1.60,1.62,6444000
MS7.SI,20111005,1.61,1.61,1.60,1.61,17440000
MS7.SI,20111004,1.61,1.62,1.59,1.60,14200000
MS7.SI,20111003,1.61,1.62,1.59,1.59,9309000
MS7.SI,20111002,1.62,1.62,1.60,1.61,4290000
MS7.SI,20110929,1.64,1.65,1.62,1.62,8497000
MS7.SI,20110928,1.63,1.64,1.62,1.63,14497000
MS7.SI,20110927,1.60,1.63,1.60,1.62,14445000
MS7.SI,20110926,1.59,1.62,1.59,1.61,9051000
MS7.SI,20110925,1.61,1.61,1.59,1.59,5310000
MS7.SI,20110922,1.62,1.62,1.61,1.61,2776000
MS7.SI,20110921,1.62,1.63,1.61,1.61,4137000
MS7.SI,20110920,1.63,1.64,1.61,1.62,7805000
MS7.SI,20110919,1.63,1.65,1.63,1.63,10577000
MS7.SI,20110918,1.64,1.65,1.63,1.63,4856000
MS7.SI,20110915,1.66,1.67,1.63,1.64,8411000
MS7.SI,20110914,1.66,1.66,1.64,1.64,5053000
MS7.SI,20110913,1.67,1.68,1.65,1.66,5995000
MS7.SI,20110912,1.65,1.70,1.65,1.66,11536000
MS7.SI,20110911,1.63,1.66,1.62,1.66,7149000
MS7.SI,20110908,1.63,1.64,1.62,1.63,5835000
MS7.SI,20110907,1.62,1.62,1.60,1.62,3754000
MS7.SI,20110906,1.61,1.62,1.57,1.61,6750000
MS7.SI,20110905,1.59,1.62,1.59,1.61,11178000
MS7.SI,20110904,1.51,1.59,1.51,1.58,14488000
MS7.SI,20110901,1.51,1.52,1.51,1.52,2231000
MS7.SI,20110831,1.52,1.52,1.50,1.52,3480000
MS7.SI,20110830,1.51,1.53,1.51,1.51,3857000
MS7.SI,20110829,1.50,1.52,1.50,1.51,2670000
MS7.SI,20110828,1.52,1.52,1.50,1.50,3225000
MS7.SI,20110825,1.51,1.51,1.50,1.50,3208000
MS7.SI,20110824,1.51,1.53,1.51,1.52,3282000
MS7.SI,20110823,1.53,1.53,1.51,1.51,3667000
MS7.SI,20110822,1.53,1.54,1.52,1.53,6729000
MS7.SI,20110821,1.65,1.65,1.65,1.65,000
MS7.SI,20110818,1.64,1.67,1.64,1.65,16957000
MS7.SI,20110817,1.64,1.66,1.62,1.64,15596000
MS7.SI,20110816,1.65,1.65,1.63,1.64,12622000
MS7.SI,20110815,1.61,1.66,1.60,1.65,18984000
MS7.SI,20110814,1.55,1.57,1.54,1.55,2274000
MS7.SI,20110811,1.53,1.55,1.52,1.55,3415000
MS7.SI,20110810,1.52,1.52,1.52,1.52,000
MS7.SI,20110809,1.54,1.55,1.52,1.52,4507000
MS7.SI,20110808,1.57,1.58,1.53,1.53,4386000
MS7.SI,20110807,1.59,1.60,1.56,1.57,5247000
MS7.SI,20110804,1.55,1.58,1.55,1.58,3733000
MS7.SI,20110803,1.58,1.60,1.56,1.56,2740000
MS7.SI,20110802,1.58,1.60,1.57,1.58,3690000
MS7.SI,20110801,1.55,1.59,1.54,1.58,4230000
MS7.SI,20110731,1.54,1.55,1.53,1.54,2237000
MS7.SI,20110728,1.56,1.56,1.52,1.52,2532000
MS7.SI,20110727,1.52,1.55,1.52,1.53,2451000
MS7.SI,20110726,1.52,1.53,1.51,1.51,1643000
MS7.SI,20110725,1.52,1.54,1.51,1.53,2325000
MS7.SI,20110724,1.56,1.57,1.51,1.51,2498000
MS7.SI,20110721,1.57,1.59,1.54,1.57,5223000
MS7.SI,20110720,1.61,1.62,1.59,1.59,4709000
MS7.SI,20110719,1.60,1.62,1.58,1.60,8468000
MS7.SI,20110718,1.54,1.59,1.53,1.58,9776000
MS7.SI,20110717,1.52,1.54,1.51,1.54,3284000
MS7.SI,20110714,1.50,1.51,1.50,1.51,1821000
MS7.SI,20110713,1.52,1.53,1.49,1.49,3667000
MS7.SI,20110712,1.53,1.54,1.52,1.52,4906000
MS7.SI,20110711,1.54,1.54,1.51,1.54,4027000
MS7.SI,20110710,1.53,1.55,1.53,1.53,2222000
MS7.SI,20110707,1.56,1.58,1.54,1.55,2901000
MS7.SI,20110706,1.54,1.57,1.52,1.57,3268000
MS7.SI,20110705,1.57,1.58,1.53,1.54,4064000
MS7.SI,20110704,1.57,1.58,1.54,1.56,4365000
MS7.SI,20110703,1.53,1.57,1.51,1.56,10025000
MS7.SI,20110630,1.48,1.51,1.47,1.49,7247000
MS7.SI,20110629,1.50,1.50,1.46,1.47,4294000
MS7.SI,20110628,1.49,1.50,1.49,1.50,5147000
MS7.SI,20110627,1.47,1.51,1.47,1.49,5026000
MS7.SI,20110626,1.50,1.50,1.46,1.47,3526000
MS7.SI,20110623,1.47,1.52,1.47,1.51,3628000
MS7.SI,20110622,1.53,1.53,1.50,1.51,2916000
MS7.SI,20110621,1.54,1.57,1.52,1.53,11478000
MS7.SI,20110620,1.50,1.52,1.50,1.52,3319000
MS7.SI,20110619,1.51,1.54,1.49,1.50,8984000
MS7.SI,20110616,1.46,1.50,1.46,1.50,9128000
MS7.SI,20110615,1.45,1.46,1.42,1.42,2392000
MS7.SI,20110614,1.45,1.48,1.43,1.45,3929000
MS7.SI,20110613,1.41,1.46,1.41,1.45,4870000
MS7.SI,20110612,1.45,1.47,1.43,1.46,4089000
MS7.SI,20110609,1.41,1.42,1.39,1.41,2997000
MS7.SI,20110608,1.48,1.48,1.41,1.42,4554000
MS7.SI,20110607,1.35,1.45,1.35,1.45,13733000
MS7.SI,20110606,1.34,1.38,1.33,1.33,8202000
MS7.SI,20110605,1.34,1.36,1.27,1.31,11277000
MS7.SI,20110602,1.43,1.44,1.38,1.39,8372000
MS7.SI,20110601,1.42,1.45,1.41,1.45,6280000
MS7.SI,20110531,1.46,1.47,1.43,1.43,5893000
MS7.SI,20110530,1.43,1.49,1.42,1.49,6663000
MS7.SI,20110529,1.48,1.48,1.40,1.43,9434000
MS7.SI,20110526,1.53,1.54,1.48,1.49,5880000
MS7.SI,20110525,1.53,1.55,1.52,1.53,4826000
MS7.SI,20110524,1.56,1.57,1.51,1.53,6039000
MS7.SI,20110523,1.58,1.60,1.57,1.57,6353000
MS7.SI,20110522,1.59,1.60,1.54,1.58,6520000
MS7.SI,20110519,1.53,1.62,1.52,1.61,14355000
MS7.SI,20110518,1.64,1.70,1.58,1.58,19014000
MS7.SI,20110517,1.64,1.66,1.62,1.64,8622000
MS7.SI,20110516,1.52,1.66,1.52,1.64,17158000
MS7.SI,20110515,1.51,1.59,1.49,1.55,14036000
MS7.SI,20110512,1.55,1.55,1.47,1.49,5647000
MS7.SI,20110511,1.54,1.58,1.53,1.54,6935000
MS7.SI,20110510,1.55,1.58,1.53,1.54,4585000
MS7.SI,20110509,1.56,1.58,1.55,1.57,3222000
MS7.SI,20110508,1.60,1.60,1.55,1.56,5435000
MS7.SI,20110505,1.62,1.62,1.61,1.62,2451000
MS7.SI,20110504,1.62,1.63,1.62,1.62,2759000
MS7.SI,20110503,1.61,1.63,1.61,1.62,5245000
MS7.SI,20110502,1.60,1.60,1.60,1.60,000
MS7.SI,20110501,1.60,1.62,1.59,1.60,3521000
MS7.SI,20110428,1.62,1.62,1.59,1.59,3527000
MS7.SI,20110427,1.61,1.63,1.61,1.61,4110000
MS7.SI,20110426,1.71,1.71,1.69,1.71,5054000
MS7.SI,20110425,1.69,1.71,1.68,1.71,4066000
MS7.SI,20110424,1.72,1.72,1.67,1.69,5242000
MS7.SI,20110421,1.72,1.72,1.70,1.72,6937000
MS7.SI,20110420,1.72,1.73,1.72,1.73,3584000
MS7.SI,20110419,1.76,1.76,1.72,1.73,9977000
MS7.SI,20110418,1.75,1.75,1.72,1.75,6681000
MS7.SI,20110417,1.72,1.75,1.71,1.75,5972000
MS7.SI,20110414,1.75,1.75,1.72,1.73,11180000
MS7.SI,20110413,1.70,1.73,1.70,1.72,12039000
MS7.SI,20110412,1.68,1.68,1.66,1.67,13179000
MS7.SI,20110411,1.68,1.72,1.68,1.70,7363000
MS7.SI,20110410,1.72,1.73,1.68,1.68,6807000
MS7.SI,20110407,1.74,1.74,1.74,1.74,000
MS7.SI,20110406,1.74,1.76,1.73,1.74,10553000
MS7.SI,20110405,1.76,1.77,1.75,1.75,3865000
MS7.SI,20110404,1.77,1.79,1.77,1.77,7082000
MS7.SI,20110403,1.78,1.80,1.76,1.76,13742000
MS7.SI,20110331,1.75,1.77,1.75,1.76,9720000
MS7.SI,20110330,1.75,1.76,1.75,1.75,4733000
MS7.SI,20110329,1.78,1.78,1.76,1.77,6901000
MS7.SI,20110328,1.80,1.80,1.78,1.79,8618000
MS7.SI,20110327,1.79,1.81,1.77,1.78,7374000
MS7.SI,20110324,1.79,1.82,1.78,1.79,6414000
MS7.SI,20110323,1.77,1.82,1.77,1.78,13854000
MS7.SI,20110322,1.78,1.79,1.76,1.77,6753000
MS7.SI,20110321,1.79,1.80,1.77,1.78,9397000
MS7.SI,20110320,1.78,1.82,1.75,1.75,11405000
MS7.SI,20110317,1.74,1.79,1.74,1.77,25344000
MS7.SI,20110316,1.71,1.75,1.70,1.74,13235000
MS7.SI,20110315,1.72,1.74,1.69,1.70,8904000
MS7.SI,20110314,1.68,1.72,1.68,1.70,8074000
MS7.SI,20110313,1.69,1.70,1.66,1.67,5690000
MS7.SI,20110310,1.75,1.75,1.67,1.69,15509000
MS7.SI,20110309,1.70,1.76,1.68,1.74,26122000
MS7.SI,20110308,1.60,1.70,1.59,1.68,24156000
MS7.SI,20110307,1.64,1.64,1.61,1.62,6439000
MS7.SI,20110306,1.65,1.66,1.63,1.63,3901000
MS7.SI,20110303,1.67,1.67,1.64,1.64,3784000
MS7.SI,20110302,1.66,1.67,1.63,1.65,4292000
MS7.SI,20110301,1.65,1.69,1.65,1.67,13338000
MS7.SI,20110228,1.64,1.66,1.63,1.65,6515000
MS7.SI,20110227,1.69,1.69,1.62,1.62,7277000
MS7.SI,20110224,1.65,1.70,1.64,1.68,11334000
MS7.SI,20110223,1.67,1.69,1.62,1.64,11037000
MS7.SI,20110222,1.70,1.72,1.66,1.68,8251000
MS7.SI,20110221,1.73,1.74,1.66,1.71,13903000
MS7.SI,20110220,1.72,1.74,1.69,1.73,11182000
MS7.SI,20110217,1.72,1.75,1.69,1.70,11449000
MS7.SI,20110216,1.70,1.75,1.67,1.67,23122000
MS7.SI,20110215,1.63,1.74,1.59,1.73,63547000
MS7.SI,20110214,1.47,1.60,1.46,1.54,39582000
MS7.SI,20110213,1.46,1.47,1.43,1.46,2979000
MS7.SI,20110210,1.47,1.48,1.45,1.45,4789000
MS7.SI,20110209,1.47,1.49,1.45,1.46,6178000
MS7.SI,20110208,1.44,1.49,1.43,1.48,12707000
MS7.SI,20110207,1.43,1.46,1.42,1.43,6438000
MS7.SI,20110206,1.45,1.46,1.43,1.43,10668000
MS7.SI,20110203,1.42,1.45,1.41,1.42,4518000
MS7.SI,20110202,1.43,1.46,1.42,1.42,7409000
MS7.SI,20110201,1.42,1.45,1.41,1.41,6289000
MS7.SI,20110131,1.40,1.43,1.39,1.42,7106000
MS7.SI,20110130,1.45,1.45,1.40,1.40,4861000
MS7.SI,20110127,1.43,1.46,1.43,1.44,5281000
MS7.SI,20110126,1.50,1.50,1.44,1.44,8356000
MS7.SI,20110125,1.41,1.48,1.41,1.47,13928000
MS7.SI,20110124,1.41,1.41,1.41,1.41,000
MS7.SI,20110123,1.41,1.41,1.41,1.41,000
MS7.SI,20110120,1.39,1.43,1.39,1.41,7090000
MS7.SI,20110119,1.41,1.41,1.38,1.40,6267000
MS7.SI,20110118,1.40,1.44,1.38,1.39,22017000
MS7.SI,20110117,1.30,1.39,1.30,1.39,21719000
MS7.SI,20110116,1.28,1.30,1.26,1.30,3019000
MS7.SI,20110113,1.30,1.32,1.29,1.30,5983000
MS7.SI,20110112,1.33,1.33,1.27,1.27,6415000
MS7.SI,20110111,1.28,1.34,1.26,1.33,15995000
MS7.SI,20110110,1.23,1.29,1.23,1.28,11901000
MS7.SI,20110109,1.22,1.24,1.21,1.23,2655000
MS7.SI,20110106,1.22,1.24,1.21,1.23,1995000
MS7.SI,20110105,1.22,1.24,1.21,1.21,4085000
MS7.SI,20110104,1.20,1.24,1.18,1.23,10987000
MS7.SI,20110103,1.16,1.20,1.16,1.20,7980000
MS7.SI,20110102,1.16,1.16,1.16,1.16,000
