W12.SI,20120603,0.17,0.17,0.15,0.15,635000
W12.SI,20120531,0.16,0.16,0.16,0.16,71000
W12.SI,20120530,0.16,0.17,0.16,0.16,138000
W12.SI,20120529,0.16,0.16,0.16,0.16,7000
W12.SI,20120528,0.17,0.17,0.17,0.17,1000
W12.SI,20120527,0.16,0.17,0.16,0.16,141000
W12.SI,20120524,0.16,0.16,0.16,0.16,000
W12.SI,20120523,0.16,0.16,0.16,0.16,1000
W12.SI,20120522,0.16,0.16,0.16,0.16,2000
W12.SI,20120521,0.16,0.16,0.16,0.16,000
W12.SI,20120520,0.16,0.16,0.16,0.16,1000
W12.SI,20120517,0.16,0.16,0.16,0.16,1000
W12.SI,20120516,0.15,0.15,0.15,0.15,000
W12.SI,20120515,0.15,0.15,0.15,0.15,31000
W12.SI,20120514,0.15,0.15,0.15,0.15,000
W12.SI,20120513,0.15,0.15,0.15,0.15,14000
W12.SI,20120510,0.16,0.16,0.16,0.16,000
W12.SI,20120509,0.16,0.16,0.16,0.16,000
W12.SI,20120508,0.16,0.16,0.16,0.16,94000
W12.SI,20120507,0.15,0.15,0.15,0.15,000
W12.SI,20120506,0.15,0.15,0.15,0.15,000
W12.SI,20120503,0.15,0.15,0.15,0.15,818000
W12.SI,20120502,0.15,0.15,0.15,0.16,146000
W12.SI,20120501,0.16,0.16,0.16,0.16,000
W12.SI,20120430,0.16,0.16,0.16,0.16,52000
W12.SI,20120429,0.15,0.15,0.15,0.15,1000
W12.SI,20120426,0.15,0.15,0.15,0.15,136000
W12.SI,20120425,0.16,0.16,0.15,0.15,55000
W12.SI,20120424,0.16,0.16,0.16,0.16,2000
W12.SI,20120423,0.15,0.15,0.15,0.15,000
W12.SI,20120422,0.15,0.15,0.15,0.15,000
W12.SI,20120419,0.15,0.15,0.15,0.15,25000
W12.SI,20120418,0.15,0.15,0.15,0.15,94000
W12.SI,20120417,0.15,0.15,0.15,0.15,101000
W12.SI,20120416,0.15,0.15,0.15,0.15,000
W12.SI,20120415,0.15,0.15,0.15,0.15,141000
W12.SI,20120412,0.16,0.16,0.15,0.15,126000
W12.SI,20120411,0.16,0.16,0.16,0.16,000
W12.SI,20120410,0.16,0.16,0.16,0.16,25000
W12.SI,20120409,0.16,0.16,0.16,0.16,000
W12.SI,20120408,0.16,0.16,0.16,0.16,000
W12.SI,20120405,0.16,0.16,0.16,0.16,15000
W12.SI,20120404,0.16,0.16,0.16,0.16,000
W12.SI,20120403,0.16,0.17,0.16,0.16,72000
W12.SI,20120402,0.16,0.16,0.16,0.16,322000
W12.SI,20120401,0.16,0.17,0.16,0.17,36000
W12.SI,20120329,0.16,0.16,0.16,0.16,000
W12.SI,20120328,0.16,0.16,0.16,0.16,114000
W12.SI,20120327,0.16,0.16,0.16,0.16,20000
W12.SI,20120326,0.16,0.16,0.16,0.16,000
W12.SI,20120325,0.16,0.16,0.16,0.16,31000
W12.SI,20120322,0.16,0.16,0.15,0.16,131000
W12.SI,20120321,0.16,0.16,0.16,0.16,000
W12.SI,20120320,0.16,0.16,0.15,0.16,209000
W12.SI,20120319,0.15,0.16,0.15,0.16,375000
W12.SI,20120318,0.15,0.15,0.15,0.15,000
W12.SI,20120315,0.15,0.15,0.15,0.15,000
W12.SI,20120314,0.15,0.15,0.15,0.15,000
W12.SI,20120313,0.15,0.15,0.15,0.15,000
W12.SI,20120312,0.15,0.15,0.15,0.15,000
W12.SI,20120311,0.15,0.15,0.15,0.15,000
W12.SI,20120308,0.15,0.15,0.15,0.15,000
W12.SI,20120307,0.15,0.15,0.15,0.15,000
W12.SI,20120306,0.15,0.15,0.15,0.15,102000
W12.SI,20120305,0.15,0.15,0.15,0.15,66000
W12.SI,20120304,0.15,0.15,0.15,0.15,000
W12.SI,20120301,0.15,0.15,0.15,0.15,200000
W12.SI,20120229,0.15,0.15,0.15,0.15,000
W12.SI,20120228,0.15,0.15,0.15,0.15,000
W12.SI,20120227,0.15,0.15,0.15,0.15,000
W12.SI,20120226,0.15,0.15,0.15,0.15,000
W12.SI,20120223,0.15,0.15,0.15,0.15,000
W12.SI,20120222,0.15,0.15,0.15,0.15,156000
W12.SI,20120221,0.15,0.15,0.15,0.15,30000
W12.SI,20120220,0.15,0.15,0.15,0.15,53000
W12.SI,20120219,0.15,0.15,0.15,0.15,70000
W12.SI,20120216,0.15,0.15,0.15,0.15,000
W12.SI,20120215,0.15,0.15,0.15,0.15,000
W12.SI,20120214,0.15,0.15,0.15,0.15,000
W12.SI,20120213,0.15,0.15,0.15,0.15,000
W12.SI,20120212,0.15,0.15,0.15,0.15,000
W12.SI,20120209,0.15,0.15,0.15,0.15,000
W12.SI,20120208,0.15,0.15,0.15,0.15,000
W12.SI,20120207,0.15,0.15,0.15,0.15,000
W12.SI,20120206,0.15,0.15,0.15,0.15,60000
W12.SI,20120205,0.15,0.15,0.15,0.15,000
W12.SI,20120202,0.15,0.15,0.15,0.15,271000
W12.SI,20120201,0.15,0.15,0.15,0.15,000
W12.SI,20120131,0.15,0.15,0.15,0.15,159000
W12.SI,20120130,0.15,0.15,0.15,0.15,209000
W12.SI,20120129,0.15,0.15,0.15,0.15,000
W12.SI,20120126,0.15,0.15,0.14,0.15,653000
W12.SI,20120125,0.15,0.15,0.15,0.15,65000
W12.SI,20120124,0.15,0.15,0.14,0.14,153000
W12.SI,20120123,0.15,0.15,0.15,0.15,000
W12.SI,20120122,0.15,0.15,0.15,0.15,168000
W12.SI,20120119,0.14,0.14,0.14,0.14,000
W12.SI,20120118,0.14,0.14,0.14,0.14,000
W12.SI,20120117,0.14,0.14,0.14,0.14,442000
W12.SI,20120116,0.14,0.14,0.14,0.14,141000
W12.SI,20120115,0.14,0.14,0.14,0.14,69000
W12.SI,20120112,0.14,0.15,0.14,0.14,275000
W12.SI,20120111,0.14,0.14,0.14,0.14,000
W12.SI,20120110,0.15,0.15,0.14,0.14,56000
W12.SI,20120109,0.15,0.15,0.15,0.15,80000
W12.SI,20120108,0.14,0.14,0.14,0.14,110000
W12.SI,20120105,0.14,0.14,0.14,0.14,160000
W12.SI,20120104,0.14,0.14,0.14,0.14,65000
W12.SI,20120103,0.13,0.13,0.13,0.13,000
W12.SI,20120102,0.13,0.13,0.13,0.13,000
W12.SI,20120101,0.13,0.13,0.13,0.13,187000
W12.SI,20111229,0.13,0.13,0.13,0.13,000
W12.SI,20111228,0.13,0.13,0.13,0.13,000
W12.SI,20111227,0.13,0.13,0.13,0.13,000
W12.SI,20111226,0.13,0.13,0.13,0.13,000
W12.SI,20111225,0.13,0.13,0.13,0.13,63000
W12.SI,20111222,0.14,0.14,0.13,0.13,74000
W12.SI,20111221,0.13,0.13,0.13,0.13,000
W12.SI,20111220,0.13,0.13,0.13,0.13,40000
W12.SI,20111219,0.13,0.13,0.13,0.13,360000
W12.SI,20111218,0.13,0.13,0.13,0.13,000
W12.SI,20111215,0.13,0.13,0.13,0.13,000
W12.SI,20111214,0.13,0.13,0.13,0.13,000
W12.SI,20111213,0.13,0.13,0.13,0.13,000
W12.SI,20111212,0.13,0.13,0.13,0.13,30000
W12.SI,20111211,0.14,0.14,0.14,0.14,000
W12.SI,20111208,0.12,0.14,0.12,0.14,30000
W12.SI,20111207,0.12,0.12,0.12,0.12,000
W12.SI,20111206,0.12,0.12,0.12,0.12,000
W12.SI,20111205,0.12,0.12,0.12,0.12,000
W12.SI,20111204,0.12,0.12,0.12,0.12,000
W12.SI,20111201,0.12,0.12,0.12,0.12,000
W12.SI,20111130,0.12,0.12,0.12,0.12,000
W12.SI,20111129,0.12,0.12,0.12,0.12,000
W12.SI,20111128,0.12,0.12,0.12,0.12,000
W12.SI,20111127,0.12,0.12,0.12,0.12,000
W12.SI,20111124,0.12,0.12,0.12,0.12,000
W12.SI,20111123,0.12,0.12,0.12,0.12,000
W12.SI,20111122,0.12,0.12,0.12,0.12,000
W12.SI,20111121,0.12,0.12,0.12,0.12,000
W12.SI,20111120,0.12,0.12,0.12,0.12,000
W12.SI,20111117,0.12,0.12,0.12,0.12,000
W12.SI,20111116,0.12,0.12,0.12,0.12,000
W12.SI,20111115,0.12,0.12,0.12,0.12,000
W12.SI,20111114,0.12,0.12,0.12,0.12,000
W12.SI,20111113,0.12,0.12,0.12,0.12,50000
W12.SI,20111110,0.12,0.13,0.12,0.13,124000
W12.SI,20111109,0.12,0.12,0.12,0.12,116000
W12.SI,20111108,0.12,0.12,0.12,0.12,58000
W12.SI,20111107,0.12,0.12,0.12,0.12,000
W12.SI,20111106,0.12,0.12,0.12,0.12,000
W12.SI,20111103,0.12,0.12,0.12,0.12,10000
W12.SI,20111102,0.12,0.12,0.12,0.12,17000
W12.SI,20111101,0.12,0.12,0.12,0.12,000
W12.SI,20111031,0.12,0.12,0.12,0.12,50000
W12.SI,20111030,0.12,0.12,0.12,0.12,174000
W12.SI,20111027,0.12,0.12,0.12,0.12,000
W12.SI,20111026,0.12,0.12,0.12,0.12,30000
W12.SI,20111025,0.12,0.12,0.12,0.12,000
W12.SI,20111024,0.12,0.12,0.12,0.12,000
W12.SI,20111023,0.12,0.12,0.12,0.12,1000
W12.SI,20111020,0.12,0.12,0.12,0.12,000
W12.SI,20111019,0.12,0.12,0.12,0.12,000
W12.SI,20111018,0.12,0.12,0.12,0.12,15000
W12.SI,20111017,0.13,0.13,0.12,0.12,59000
W12.SI,20111016,0.12,0.12,0.12,0.12,000
W12.SI,20111013,0.12,0.12,0.12,0.12,3000
W12.SI,20111012,0.12,0.12,0.12,0.12,2000
W12.SI,20111011,0.12,0.12,0.12,0.12,000
W12.SI,20111010,0.12,0.12,0.12,0.12,20000
W12.SI,20111009,0.13,0.13,0.13,0.13,000
W12.SI,20111006,0.13,0.13,0.13,0.13,000
W12.SI,20111005,0.13,0.13,0.13,0.13,2000
W12.SI,20111004,0.13,0.13,0.13,0.13,000
W12.SI,20111003,0.13,0.13,0.13,0.13,000
W12.SI,20111002,0.12,0.13,0.12,0.13,410000
W12.SI,20110929,0.12,0.12,0.12,0.12,9000
W12.SI,20110928,0.13,0.13,0.13,0.13,000
W12.SI,20110927,0.13,0.13,0.13,0.13,000
W12.SI,20110926,0.13,0.13,0.13,0.13,000
W12.SI,20110925,0.13,0.13,0.13,0.13,000
W12.SI,20110922,0.12,0.13,0.12,0.13,83000
W12.SI,20110921,0.12,0.12,0.12,0.12,92000
W12.SI,20110920,0.13,0.13,0.13,0.13,000
W12.SI,20110919,0.13,0.13,0.13,0.13,10000
W12.SI,20110918,0.12,0.12,0.12,0.12,000
W12.SI,20110915,0.12,0.12,0.12,0.12,000
W12.SI,20110914,0.12,0.12,0.12,0.12,100000
W12.SI,20110913,0.12,0.12,0.12,0.12,000
W12.SI,20110912,0.12,0.12,0.12,0.12,3000
W12.SI,20110911,0.12,0.12,0.12,0.12,10000
W12.SI,20110908,0.12,0.12,0.12,0.12,000
W12.SI,20110907,0.12,0.12,0.12,0.12,000
W12.SI,20110906,0.12,0.12,0.12,0.12,000
W12.SI,20110905,0.12,0.12,0.12,0.12,000
W12.SI,20110904,0.12,0.12,0.12,0.12,000
W12.SI,20110901,0.12,0.12,0.12,0.12,000
W12.SI,20110831,0.12,0.12,0.12,0.12,000
W12.SI,20110830,0.12,0.12,0.12,0.12,68000
W12.SI,20110829,0.12,0.12,0.12,0.12,000
W12.SI,20110828,0.12,0.12,0.12,0.12,000
W12.SI,20110825,0.12,0.12,0.12,0.12,112000
W12.SI,20110824,0.12,0.12,0.12,0.12,1280000
W12.SI,20110823,0.12,0.12,0.12,0.12,000
W12.SI,20110822,0.12,0.12,0.12,0.12,000
W12.SI,20110821,0.12,0.12,0.12,0.12,000
W12.SI,20110818,0.12,0.12,0.12,0.12,130000
W12.SI,20110817,0.12,0.12,0.12,0.12,000
W12.SI,20110816,0.12,0.12,0.12,0.12,56000
W12.SI,20110815,0.12,0.12,0.12,0.12,200000
W12.SI,20110814,0.12,0.12,0.12,0.12,000
W12.SI,20110811,0.12,0.12,0.12,0.12,80000
W12.SI,20110810,0.12,0.12,0.12,0.12,000
W12.SI,20110809,0.12,0.12,0.12,0.12,4000
W12.SI,20110808,0.12,0.12,0.12,0.12,101000
W12.SI,20110807,0.14,0.14,0.13,0.13,155000
W12.SI,20110804,0.14,0.14,0.14,0.14,96000
W12.SI,20110803,0.14,0.14,0.14,0.14,150000
W12.SI,20110802,0.14,0.14,0.14,0.14,727000
W12.SI,20110801,0.14,0.14,0.14,0.14,499000
W12.SI,20110731,0.14,0.14,0.14,0.14,58000
W12.SI,20110728,0.14,0.14,0.14,0.14,000
W12.SI,20110727,0.14,0.14,0.14,0.14,000
W12.SI,20110726,0.14,0.14,0.14,0.14,000
W12.SI,20110725,0.14,0.14,0.14,0.14,8000
W12.SI,20110724,0.14,0.14,0.14,0.14,8000
W12.SI,20110721,0.14,0.14,0.14,0.14,000
W12.SI,20110720,0.14,0.14,0.14,0.14,650000
W12.SI,20110719,0.14,0.14,0.14,0.14,200000
W12.SI,20110718,0.14,0.14,0.14,0.14,83000
W12.SI,20110717,0.14,0.14,0.14,0.14,94000
W12.SI,20110714,0.14,0.14,0.14,0.14,143000
W12.SI,20110713,0.14,0.14,0.14,0.14,233000
W12.SI,20110712,0.14,0.14,0.14,0.14,120000
W12.SI,20110711,0.14,0.14,0.14,0.14,235000
W12.SI,20110710,0.15,0.15,0.15,0.15,000
W12.SI,20110707,0.15,0.15,0.15,0.15,000
W12.SI,20110706,0.15,0.15,0.15,0.15,000
W12.SI,20110705,0.15,0.15,0.15,0.15,000
W12.SI,20110704,0.15,0.15,0.15,0.15,000
W12.SI,20110703,0.15,0.15,0.15,0.15,000
W12.SI,20110630,0.15,0.15,0.15,0.15,000
W12.SI,20110629,0.15,0.15,0.15,0.15,000
W12.SI,20110628,0.14,0.15,0.14,0.15,71000
W12.SI,20110627,0.14,0.14,0.14,0.14,000
W12.SI,20110626,0.14,0.14,0.14,0.14,000
W12.SI,20110623,0.14,0.14,0.14,0.14,000
W12.SI,20110622,0.14,0.14,0.14,0.14,000
W12.SI,20110621,0.14,0.14,0.14,0.14,000
W12.SI,20110620,0.14,0.14,0.14,0.14,100000
W12.SI,20110619,0.14,0.14,0.14,0.14,20000
W12.SI,20110616,0.13,0.13,0.13,0.13,000
W12.SI,20110615,0.13,0.13,0.13,0.13,000
W12.SI,20110614,0.13,0.13,0.13,0.13,27000
W12.SI,20110613,0.13,0.13,0.13,0.13,4000
W12.SI,20110612,0.14,0.14,0.13,0.13,188000
W12.SI,20110609,0.14,0.14,0.13,0.13,101000
W12.SI,20110608,0.14,0.14,0.13,0.13,107000
W12.SI,20110607,0.14,0.14,0.14,0.14,000
W12.SI,20110606,0.14,0.14,0.14,0.14,70000
W12.SI,20110605,0.14,0.14,0.14,0.14,000
W12.SI,20110602,0.14,0.14,0.14,0.14,190000
W12.SI,20110601,0.14,0.14,0.14,0.14,13000
W12.SI,20110531,0.13,0.14,0.13,0.14,419000
W12.SI,20110530,0.12,0.12,0.12,0.12,000
W12.SI,20110529,0.13,0.13,0.12,0.12,73000
W12.SI,20110526,0.12,0.12,0.12,0.12,000
W12.SI,20110525,0.12,0.12,0.12,0.12,000
W12.SI,20110524,0.12,0.12,0.12,0.12,000
W12.SI,20110523,0.12,0.12,0.12,0.12,000
W12.SI,20110522,0.12,0.12,0.12,0.12,000
W12.SI,20110519,0.12,0.12,0.12,0.12,000
W12.SI,20110518,0.12,0.12,0.12,0.12,000
W12.SI,20110517,0.12,0.12,0.12,0.12,217000
W12.SI,20110516,0.12,0.12,0.12,0.12,124000
W12.SI,20110515,0.13,0.13,0.12,0.13,103000
W12.SI,20110512,0.12,0.12,0.12,0.12,000
W12.SI,20110511,0.12,0.12,0.12,0.12,000
W12.SI,20110510,0.12,0.12,0.12,0.12,11000
W12.SI,20110509,0.12,0.12,0.12,0.12,000
W12.SI,20110508,0.12,0.12,0.12,0.12,5000
W12.SI,20110505,0.13,0.13,0.13,0.13,000
W12.SI,20110504,0.13,0.13,0.13,0.13,000
W12.SI,20110503,0.13,0.13,0.13,0.13,000
W12.SI,20110502,0.13,0.13,0.13,0.13,000
W12.SI,20110501,0.13,0.13,0.13,0.13,000
W12.SI,20110428,0.13,0.13,0.13,0.13,10000
W12.SI,20110427,0.14,0.14,0.14,0.14,50000
W12.SI,20110426,0.14,0.14,0.14,0.14,000
W12.SI,20110425,0.14,0.14,0.14,0.14,000
W12.SI,20110424,0.14,0.14,0.14,0.14,000
W12.SI,20110421,0.14,0.14,0.14,0.14,000
W12.SI,20110420,0.14,0.14,0.14,0.14,000
W12.SI,20110419,0.14,0.14,0.14,0.14,000
W12.SI,20110418,0.14,0.14,0.14,0.14,000
W12.SI,20110417,0.14,0.14,0.14,0.14,000
W12.SI,20110414,0.13,0.14,0.12,0.14,11000
W12.SI,20110413,0.13,0.13,0.13,0.13,000
W12.SI,20110412,0.13,0.13,0.13,0.13,000
W12.SI,20110411,0.13,0.13,0.13,0.13,000
W12.SI,20110410,0.13,0.13,0.13,0.13,000
W12.SI,20110407,0.13,0.13,0.13,0.13,000
W12.SI,20110406,0.13,0.13,0.13,0.13,40000
W12.SI,20110405,0.13,0.13,0.13,0.13,000
W12.SI,20110404,0.13,0.13,0.13,0.13,145000
W12.SI,20110403,0.13,0.13,0.13,0.13,6000
W12.SI,20110331,0.13,0.13,0.13,0.13,000
W12.SI,20110330,0.13,0.13,0.13,0.13,2000
W12.SI,20110329,0.13,0.13,0.13,0.13,000
W12.SI,20110328,0.13,0.13,0.13,0.13,127000
W12.SI,20110327,0.13,0.13,0.13,0.13,000
W12.SI,20110324,0.13,0.13,0.13,0.13,000
W12.SI,20110323,0.13,0.13,0.13,0.13,50000
W12.SI,20110322,0.13,0.13,0.13,0.13,000
W12.SI,20110321,0.13,0.13,0.12,0.13,88000
W12.SI,20110320,0.13,0.13,0.13,0.13,30000
W12.SI,20110317,0.13,0.13,0.13,0.13,50000
W12.SI,20110316,0.12,0.12,0.12,0.12,000
W12.SI,20110315,0.12,0.12,0.12,0.12,52000
W12.SI,20110314,0.12,0.12,0.12,0.12,000
W12.SI,20110313,0.12,0.12,0.12,0.12,000
W12.SI,20110310,0.12,0.12,0.12,0.12,000
W12.SI,20110309,0.12,0.12,0.12,0.12,000
W12.SI,20110308,0.12,0.12,0.12,0.12,102000
W12.SI,20110307,0.12,0.12,0.12,0.12,000
W12.SI,20110306,0.12,0.12,0.12,0.12,28000
W12.SI,20110303,0.12,0.12,0.12,0.12,000
W12.SI,20110302,0.12,0.12,0.12,0.12,22000
W12.SI,20110301,0.12,0.12,0.12,0.12,000
W12.SI,20110228,0.12,0.12,0.12,0.12,000
W12.SI,20110227,0.12,0.12,0.12,0.12,000
W12.SI,20110224,0.12,0.12,0.12,0.12,000
W12.SI,20110223,0.12,0.12,0.12,0.12,000
W12.SI,20110222,0.12,0.12,0.12,0.12,000
W12.SI,20110221,0.12,0.12,0.12,0.12,4000
W12.SI,20110220,0.12,0.12,0.12,0.12,000
W12.SI,20110217,0.12,0.12,0.12,0.12,000
W12.SI,20110216,0.12,0.12,0.12,0.12,000
W12.SI,20110215,0.12,0.12,0.12,0.12,000
W12.SI,20110214,0.12,0.12,0.12,0.12,60000
W12.SI,20110213,0.12,0.12,0.12,0.12,000
W12.SI,20110210,0.12,0.12,0.12,0.12,150000
W12.SI,20110209,0.13,0.13,0.13,0.13,108000
W12.SI,20110208,0.12,0.12,0.12,0.12,000
W12.SI,20110207,0.12,0.12,0.12,0.12,80000
W12.SI,20110206,0.12,0.12,0.12,0.12,22000
W12.SI,20110203,0.12,0.12,0.12,0.12,000
W12.SI,20110202,0.12,0.12,0.12,0.12,000
W12.SI,20110201,0.11,0.12,0.11,0.12,43000
W12.SI,20110131,0.11,0.11,0.11,0.11,000
W12.SI,20110130,0.11,0.11,0.11,0.11,000
W12.SI,20110127,0.11,0.11,0.11,0.11,000
W12.SI,20110126,0.11,0.11,0.11,0.11,000
W12.SI,20110125,0.11,0.11,0.11,0.11,000
W12.SI,20110124,0.11,0.11,0.11,0.11,000
W12.SI,20110123,0.11,0.11,0.11,0.11,000
W12.SI,20110120,0.11,0.11,0.11,0.11,000
W12.SI,20110119,0.11,0.11,0.11,0.11,300000
W12.SI,20110118,0.10,0.10,0.10,0.10,000
W12.SI,20110117,0.10,0.10,0.10,0.10,000
W12.SI,20110116,0.10,0.10,0.10,0.10,12000
W12.SI,20110113,0.12,0.12,0.12,0.12,12000
W12.SI,20110112,0.12,0.12,0.12,0.12,126000
W12.SI,20110111,0.12,0.12,0.12,0.12,121000
W12.SI,20110110,0.11,0.11,0.11,0.11,000
W12.SI,20110109,0.11,0.11,0.11,0.11,000
W12.SI,20110106,0.11,0.11,0.11,0.11,000
W12.SI,20110105,0.11,0.11,0.11,0.11,000
W12.SI,20110104,0.11,0.11,0.11,0.11,1000
W12.SI,20110103,0.10,0.10,0.10,0.10,000
W12.SI,20110102,0.10,0.10,0.10,0.10,000
