O10,20130606,2.12,2.12,2.07,2.11,146000
O10,20130605,2.14,2.14,2.11,2.12,76000
O10,20130604,2.12,2.16,2.12,2.16,107000
O10,20130603,2.11,2.17,2.11,2.12,106000
O10,20130531,2.14,2.19,2.12,2.15,1060000
O10,20130530,2.12,2.15,2.11,2.15,191000
O10,20130529,2.17,2.17,2.13,2.15,148000
O10,20130528,2.17,2.19,2.16,2.17,104000
O10,20130527,2.12,2.16,2.12,2.15,193000
O10,20130523,2.17,2.19,2.12,2.13,332000
O10,20130522,2.18,2.19,2.16,2.17,192000
O10,20130521,2.2,2.21,2.17,2.18,141000
O10,20130520,2.22,2.23,2.2,2.2,152000
O10,20130517,2.21,2.22,2.19,2.2,140000
O10,20130516,2.18,2.25,2.18,2.22,403000
O10,20130515,2.16,2.2,2.16,2.17,184000
O10,20130514,2.17,2.18,2.16,2.17,99000
O10,20130513,2.18,2.18,2.16,2.16,266000
O10,20130510,2.21,2.24,2.2,2.24,372000
O10,20130509,2.23,2.24,2.21,2.22,201000
O10,20130508,2.2,2.25,2.19,2.21,294000
O10,20130507,2.2,2.21,2.18,2.2,116000
O10,20130506,2.22,2.22,2.19,2.21,90000
