RF1U,20130606,0.885,0.89,0.88,0.89,2557000
RF1U,20130605,0.9,0.9,0.885,0.89,1282000
RF1U,20130604,0.9,0.9,0.895,0.9,2666000
RF1U,20130603,0.94,0.94,0.92,0.925,3295000
RF1U,20130531,0.92,0.95,0.92,0.95,5175000
RF1U,20130530,0.94,0.95,0.91,0.92,8298000
RF1U,20130529,0.965,0.97,0.95,0.95,2949000
RF1U,20130528,0.97,0.97,0.96,0.965,3566000
RF1U,20130527,0.975,0.975,0.955,0.96,3204000
RF1U,20130523,0.985,0.99,0.945,0.97,5956000
RF1U,20130522,0.98,0.99,0.975,0.985,2416000
RF1U,20130521,0.985,0.99,0.98,0.985,1473000
RF1U,20130520,0.99,0.99,0.98,0.985,3500000
RF1U,20130517,0.995,0.995,0.98,0.985,1910000
RF1U,20130516,0.99,1.0,0.98,0.985,3401000
RF1U,20130515,0.985,0.99,0.98,0.99,1172000
RF1U,20130514,0.98,0.99,0.98,0.985,887000
RF1U,20130513,0.985,0.985,0.975,0.975,1644000
RF1U,20130510,0.98,0.985,0.975,0.985,1169000
RF1U,20130509,0.975,0.985,0.97,0.98,3391000
RF1U,20130508,0.97,0.975,0.965,0.97,1511000
RF1U,20130507,0.96,0.97,0.96,0.97,1661000
RF1U,20130506,0.96,0.96,0.955,0.96,203000
